,author_name,personal_rating,review_date,review_text,review_acquisition_date,google_url,biz_id
0,陳心暐,5,12 小時前,"好吃

",2022-11-21,https://www.google.com.tw/maps/place/%E7%AF%89%E9%96%93%E5%B9%B8%E7%A6%8F%E9%8D%8B%E7%89%A9+%E5%8F%B0%E5%8C%97%E5%8D%97%E4%BA%AC%E4%B8%80%E5%BA%97/data=!4m7!3m6!1s0x3442a9666e9f721d:0x8aefbd57ef6d5d45!8m2!3d25.0518598!4d121.5273867!16s%2Fg%2F11b7cqtsy0!19sChIJHXKfbmapQjQRRV1t71e974o?authuser=0&hl=zh-TW&rclk=1,0x3442a9666e9f721d:0x8aefbd57ef6d5d45
1,王偉丞（WilLoughBy_威洛比）,5,13 小時前,"環境非常好，冷氣很強，食材新鮮！

",2022-11-21,https://www.google.com.tw/maps/place/%E7%AF%89%E9%96%93%E5%B9%B8%E7%A6%8F%E9%8D%8B%E7%89%A9+%E5%8F%B0%E5%8C%97%E5%8D%97%E4%BA%AC%E4%B8%80%E5%BA%97/data=!4m7!3m6!1s0x3442a9666e9f721d:0x8aefbd57ef6d5d45!8m2!3d25.0518598!4d121.5273867!16s%2Fg%2F11b7cqtsy0!19sChIJHXKfbmapQjQRRV1t71e974o?authuser=0&hl=zh-TW&rclk=1,0x3442a9666e9f721d:0x8aefbd57ef6d5d45
2,Wen chun Chen,5,15 小時前,,2022-11-21,https://www.google.com.tw/maps/place/%E7%AF%89%E9%96%93%E5%B9%B8%E7%A6%8F%E9%8D%8B%E7%89%A9+%E5%8F%B0%E5%8C%97%E5%8D%97%E4%BA%AC%E4%B8%80%E5%BA%97/data=!4m7!3m6!1s0x3442a9666e9f721d:0x8aefbd57ef6d5d45!8m2!3d25.0518598!4d121.5273867!16s%2Fg%2F11b7cqtsy0!19sChIJHXKfbmapQjQRRV1t71e974o?authuser=0&hl=zh-TW&rclk=1,0x3442a9666e9f721d:0x8aefbd57ef6d5d45
3,吳筱婷,5,18 小時前,"好吃

",2022-11-21,https://www.google.com.tw/maps/place/%E7%AF%89%E9%96%93%E5%B9%B8%E7%A6%8F%E9%8D%8B%E7%89%A9+%E5%8F%B0%E5%8C%97%E5%8D%97%E4%BA%AC%E4%B8%80%E5%BA%97/data=!4m7!3m6!1s0x3442a9666e9f721d:0x8aefbd57ef6d5d45!8m2!3d25.0518598!4d121.5273867!16s%2Fg%2F11b7cqtsy0!19sChIJHXKfbmapQjQRRV1t71e974o?authuser=0&hl=zh-TW&rclk=1,0x3442a9666e9f721d:0x8aefbd57ef6d5d45
4,闕璽修,5,18 小時前,"有自助吧了

",2022-11-21,https://www.google.com.tw/maps/place/%E7%AF%89%E9%96%93%E5%B9%B8%E7%A6%8F%E9%8D%8B%E7%89%A9+%E5%8F%B0%E5%8C%97%E5%8D%97%E4%BA%AC%E4%B8%80%E5%BA%97/data=!4m7!3m6!1s0x3442a9666e9f721d:0x8aefbd57ef6d5d45!8m2!3d25.0518598!4d121.5273867!16s%2Fg%2F11b7cqtsy0!19sChIJHXKfbmapQjQRRV1t71e974o?authuser=0&hl=zh-TW&rclk=1,0x3442a9666e9f721d:0x8aefbd57ef6d5d45
5,王唯任,5,20 小時前,"服務很棒

",2022-11-21,https://www.google.com.tw/maps/place/%E7%AF%89%E9%96%93%E5%B9%B8%E7%A6%8F%E9%8D%8B%E7%89%A9+%E5%8F%B0%E5%8C%97%E5%8D%97%E4%BA%AC%E4%B8%80%E5%BA%97/data=!4m7!3m6!1s0x3442a9666e9f721d:0x8aefbd57ef6d5d45!8m2!3d25.0518598!4d121.5273867!16s%2Fg%2F11b7cqtsy0!19sChIJHXKfbmapQjQRRV1t71e974o?authuser=0&hl=zh-TW&rclk=1,0x3442a9666e9f721d:0x8aefbd57ef6d5d45
6,Jie俊杰,5,22 小時前,"好吃，服務好

",2022-11-21,https://www.google.com.tw/maps/place/%E7%AF%89%E9%96%93%E5%B9%B8%E7%A6%8F%E9%8D%8B%E7%89%A9+%E5%8F%B0%E5%8C%97%E5%8D%97%E4%BA%AC%E4%B8%80%E5%BA%97/data=!4m7!3m6!1s0x3442a9666e9f721d:0x8aefbd57ef6d5d45!8m2!3d25.0518598!4d121.5273867!16s%2Fg%2F11b7cqtsy0!19sChIJHXKfbmapQjQRRV1t71e974o?authuser=0&hl=zh-TW&rclk=1,0x3442a9666e9f721d:0x8aefbd57ef6d5d45
7,Joe,5,22 小時前,"服務態度良好！食材新鮮

",2022-11-21,https://www.google.com.tw/maps/place/%E7%AF%89%E9%96%93%E5%B9%B8%E7%A6%8F%E9%8D%8B%E7%89%A9+%E5%8F%B0%E5%8C%97%E5%8D%97%E4%BA%AC%E4%B8%80%E5%BA%97/data=!4m7!3m6!1s0x3442a9666e9f721d:0x8aefbd57ef6d5d45!8m2!3d25.0518598!4d121.5273867!16s%2Fg%2F11b7cqtsy0!19sChIJHXKfbmapQjQRRV1t71e974o?authuser=0&hl=zh-TW&rclk=1,0x3442a9666e9f721d:0x8aefbd57ef6d5d45
8,陳善珠,4,23 小時前,,2022-11-21,https://www.google.com.tw/maps/place/%E7%AF%89%E9%96%93%E5%B9%B8%E7%A6%8F%E9%8D%8B%E7%89%A9+%E5%8F%B0%E5%8C%97%E5%8D%97%E4%BA%AC%E4%B8%80%E5%BA%97/data=!4m7!3m6!1s0x3442a9666e9f721d:0x8aefbd57ef6d5d45!8m2!3d25.0518598!4d121.5273867!16s%2Fg%2F11b7cqtsy0!19sChIJHXKfbmapQjQRRV1t71e974o?authuser=0&hl=zh-TW&rclk=1,0x3442a9666e9f721d:0x8aefbd57ef6d5d45
9,詹國宏,5,1 天前,,2022-11-21,https://www.google.com.tw/maps/place/%E7%AF%89%E9%96%93%E5%B9%B8%E7%A6%8F%E9%8D%8B%E7%89%A9+%E5%8F%B0%E5%8C%97%E5%8D%97%E4%BA%AC%E4%B8%80%E5%BA%97/data=!4m7!3m6!1s0x3442a9666e9f721d:0x8aefbd57ef6d5d45!8m2!3d25.0518598!4d121.5273867!16s%2Fg%2F11b7cqtsy0!19sChIJHXKfbmapQjQRRV1t71e974o?authuser=0&hl=zh-TW&rclk=1,0x3442a9666e9f721d:0x8aefbd57ef6d5d45
10,劉嘉豪,5,1 天前,"經濟實惠又好吃

",2022-11-21,https://www.google.com.tw/maps/place/%E7%AF%89%E9%96%93%E5%B9%B8%E7%A6%8F%E9%8D%8B%E7%89%A9+%E5%8F%B0%E5%8C%97%E5%8D%97%E4%BA%AC%E4%B8%80%E5%BA%97/data=!4m7!3m6!1s0x3442a9666e9f721d:0x8aefbd57ef6d5d45!8m2!3d25.0518598!4d121.5273867!16s%2Fg%2F11b7cqtsy0!19sChIJHXKfbmapQjQRRV1t71e974o?authuser=0&hl=zh-TW&rclk=1,0x3442a9666e9f721d:0x8aefbd57ef6d5d45
11,謝謝嫚真,5,1 天前,,2022-11-21,https://www.google.com.tw/maps/place/%E7%AF%89%E9%96%93%E5%B9%B8%E7%A6%8F%E9%8D%8B%E7%89%A9+%E5%8F%B0%E5%8C%97%E5%8D%97%E4%BA%AC%E4%B8%80%E5%BA%97/data=!4m7!3m6!1s0x3442a9666e9f721d:0x8aefbd57ef6d5d45!8m2!3d25.0518598!4d121.5273867!16s%2Fg%2F11b7cqtsy0!19sChIJHXKfbmapQjQRRV1t71e974o?authuser=0&hl=zh-TW&rclk=1,0x3442a9666e9f721d:0x8aefbd57ef6d5d45
12,陳玟樺,5,1 天前,"(由 Google 提供翻譯) 好吃！ ！ ！ ！ googgood！  
  
(原始評論)  
好吃！！！！googgood！

",2022-11-21,https://www.google.com.tw/maps/place/%E7%AF%89%E9%96%93%E5%B9%B8%E7%A6%8F%E9%8D%8B%E7%89%A9+%E5%8F%B0%E5%8C%97%E5%8D%97%E4%BA%AC%E4%B8%80%E5%BA%97/data=!4m7!3m6!1s0x3442a9666e9f721d:0x8aefbd57ef6d5d45!8m2!3d25.0518598!4d121.5273867!16s%2Fg%2F11b7cqtsy0!19sChIJHXKfbmapQjQRRV1t71e974o?authuser=0&hl=zh-TW&rclk=1,0x3442a9666e9f721d:0x8aefbd57ef6d5d45
13,吳建葦,5,1 天前,"好吃喔 ！

",2022-11-21,https://www.google.com.tw/maps/place/%E7%AF%89%E9%96%93%E5%B9%B8%E7%A6%8F%E9%8D%8B%E7%89%A9+%E5%8F%B0%E5%8C%97%E5%8D%97%E4%BA%AC%E4%B8%80%E5%BA%97/data=!4m7!3m6!1s0x3442a9666e9f721d:0x8aefbd57ef6d5d45!8m2!3d25.0518598!4d121.5273867!16s%2Fg%2F11b7cqtsy0!19sChIJHXKfbmapQjQRRV1t71e974o?authuser=0&hl=zh-TW&rclk=1,0x3442a9666e9f721d:0x8aefbd57ef6d5d45
14,林宏達,5,1 天前,,2022-11-21,https://www.google.com.tw/maps/place/%E7%AF%89%E9%96%93%E5%B9%B8%E7%A6%8F%E9%8D%8B%E7%89%A9+%E5%8F%B0%E5%8C%97%E5%8D%97%E4%BA%AC%E4%B8%80%E5%BA%97/data=!4m7!3m6!1s0x3442a9666e9f721d:0x8aefbd57ef6d5d45!8m2!3d25.0518598!4d121.5273867!16s%2Fg%2F11b7cqtsy0!19sChIJHXKfbmapQjQRRV1t71e974o?authuser=0&hl=zh-TW&rclk=1,0x3442a9666e9f721d:0x8aefbd57ef6d5d45
15,黃翊茹,5,1 天前,"好吃！是台北愛店之一

",2022-11-21,https://www.google.com.tw/maps/place/%E7%AF%89%E9%96%93%E5%B9%B8%E7%A6%8F%E9%8D%8B%E7%89%A9+%E5%8F%B0%E5%8C%97%E5%8D%97%E4%BA%AC%E4%B8%80%E5%BA%97/data=!4m7!3m6!1s0x3442a9666e9f721d:0x8aefbd57ef6d5d45!8m2!3d25.0518598!4d121.5273867!16s%2Fg%2F11b7cqtsy0!19sChIJHXKfbmapQjQRRV1t71e974o?authuser=0&hl=zh-TW&rclk=1,0x3442a9666e9f721d:0x8aefbd57ef6d5d45
16,黃翊茹,5,1 天前,"超好吃 是台北愛店之一

",2022-11-21,https://www.google.com.tw/maps/place/%E7%AF%89%E9%96%93%E5%B9%B8%E7%A6%8F%E9%8D%8B%E7%89%A9+%E5%8F%B0%E5%8C%97%E5%8D%97%E4%BA%AC%E4%B8%80%E5%BA%97/data=!4m7!3m6!1s0x3442a9666e9f721d:0x8aefbd57ef6d5d45!8m2!3d25.0518598!4d121.5273867!16s%2Fg%2F11b7cqtsy0!19sChIJHXKfbmapQjQRRV1t71e974o?authuser=0&hl=zh-TW&rclk=1,0x3442a9666e9f721d:0x8aefbd57ef6d5d45
17,張展源,5,1 天前,"好吃！

",2022-11-21,https://www.google.com.tw/maps/place/%E7%AF%89%E9%96%93%E5%B9%B8%E7%A6%8F%E9%8D%8B%E7%89%A9+%E5%8F%B0%E5%8C%97%E5%8D%97%E4%BA%AC%E4%B8%80%E5%BA%97/data=!4m7!3m6!1s0x3442a9666e9f721d:0x8aefbd57ef6d5d45!8m2!3d25.0518598!4d121.5273867!16s%2Fg%2F11b7cqtsy0!19sChIJHXKfbmapQjQRRV1t71e974o?authuser=0&hl=zh-TW&rclk=1,0x3442a9666e9f721d:0x8aefbd57ef6d5d45
18,Jeffrey Peng,5,1 天前,"第一次來吃築間，直接嘗試招牌石頭湯底，淡淡的麻油香真的讓人胃口大開，肉有品質，而且份量一個男生吃飽沒問題，重點菜是自助式的，對於食量大的我是福音。整體而言這次用餐體驗還不錯！

",2022-11-21,https://www.google.com.tw/maps/place/%E7%AF%89%E9%96%93%E5%B9%B8%E7%A6%8F%E9%8D%8B%E7%89%A9+%E5%8F%B0%E5%8C%97%E5%8D%97%E4%BA%AC%E4%B8%80%E5%BA%97/data=!4m7!3m6!1s0x3442a9666e9f721d:0x8aefbd57ef6d5d45!8m2!3d25.0518598!4d121.5273867!16s%2Fg%2F11b7cqtsy0!19sChIJHXKfbmapQjQRRV1t71e974o?authuser=0&hl=zh-TW&rclk=1,0x3442a9666e9f721d:0x8aefbd57ef6d5d45
19,駱立,5,2 天前,"好吃，牛肉嫩

",2022-11-21,https://www.google.com.tw/maps/place/%E7%AF%89%E9%96%93%E5%B9%B8%E7%A6%8F%E9%8D%8B%E7%89%A9+%E5%8F%B0%E5%8C%97%E5%8D%97%E4%BA%AC%E4%B8%80%E5%BA%97/data=!4m7!3m6!1s0x3442a9666e9f721d:0x8aefbd57ef6d5d45!8m2!3d25.0518598!4d121.5273867!16s%2Fg%2F11b7cqtsy0!19sChIJHXKfbmapQjQRRV1t71e974o?authuser=0&hl=zh-TW&rclk=1,0x3442a9666e9f721d:0x8aefbd57ef6d5d45
20,maximum90123,5,2 天前,"雪花牛好吃

",2022-11-21,https://www.google.com.tw/maps/place/%E7%AF%89%E9%96%93%E5%B9%B8%E7%A6%8F%E9%8D%8B%E7%89%A9+%E5%8F%B0%E5%8C%97%E5%8D%97%E4%BA%AC%E4%B8%80%E5%BA%97/data=!4m7!3m6!1s0x3442a9666e9f721d:0x8aefbd57ef6d5d45!8m2!3d25.0518598!4d121.5273867!16s%2Fg%2F11b7cqtsy0!19sChIJHXKfbmapQjQRRV1t71e974o?authuser=0&hl=zh-TW&rclk=1,0x3442a9666e9f721d:0x8aefbd57ef6d5d45
21,Yumi Lin,5,3 天前,"好吃服務好！推推

",2022-11-21,https://www.google.com.tw/maps/place/%E7%AF%89%E9%96%93%E5%B9%B8%E7%A6%8F%E9%8D%8B%E7%89%A9+%E5%8F%B0%E5%8C%97%E5%8D%97%E4%BA%AC%E4%B8%80%E5%BA%97/data=!4m7!3m6!1s0x3442a9666e9f721d:0x8aefbd57ef6d5d45!8m2!3d25.0518598!4d121.5273867!16s%2Fg%2F11b7cqtsy0!19sChIJHXKfbmapQjQRRV1t71e974o?authuser=0&hl=zh-TW&rclk=1,0x3442a9666e9f721d:0x8aefbd57ef6d5d45
22,晨憶君,5,3 天前,,2022-11-21,https://www.google.com.tw/maps/place/%E7%AF%89%E9%96%93%E5%B9%B8%E7%A6%8F%E9%8D%8B%E7%89%A9+%E5%8F%B0%E5%8C%97%E5%8D%97%E4%BA%AC%E4%B8%80%E5%BA%97/data=!4m7!3m6!1s0x3442a9666e9f721d:0x8aefbd57ef6d5d45!8m2!3d25.0518598!4d121.5273867!16s%2Fg%2F11b7cqtsy0!19sChIJHXKfbmapQjQRRV1t71e974o?authuser=0&hl=zh-TW&rclk=1,0x3442a9666e9f721d:0x8aefbd57ef6d5d45
23,林白白,5,3 天前,"東區的築間很常客滿，今天換來這裡吃，一樣很舒適，推薦老佛爺湯底 喜歡中藥口味的，這湯養生又好喝

",2022-11-21,https://www.google.com.tw/maps/place/%E7%AF%89%E9%96%93%E5%B9%B8%E7%A6%8F%E9%8D%8B%E7%89%A9+%E5%8F%B0%E5%8C%97%E5%8D%97%E4%BA%AC%E4%B8%80%E5%BA%97/data=!4m7!3m6!1s0x3442a9666e9f721d:0x8aefbd57ef6d5d45!8m2!3d25.0518598!4d121.5273867!16s%2Fg%2F11b7cqtsy0!19sChIJHXKfbmapQjQRRV1t71e974o?authuser=0&hl=zh-TW&rclk=1,0x3442a9666e9f721d:0x8aefbd57ef6d5d45
24,Steven Chang,5,3 天前,"好吃

",2022-11-21,https://www.google.com.tw/maps/place/%E7%AF%89%E9%96%93%E5%B9%B8%E7%A6%8F%E9%8D%8B%E7%89%A9+%E5%8F%B0%E5%8C%97%E5%8D%97%E4%BA%AC%E4%B8%80%E5%BA%97/data=!4m7!3m6!1s0x3442a9666e9f721d:0x8aefbd57ef6d5d45!8m2!3d25.0518598!4d121.5273867!16s%2Fg%2F11b7cqtsy0!19sChIJHXKfbmapQjQRRV1t71e974o?authuser=0&hl=zh-TW&rclk=1,0x3442a9666e9f721d:0x8aefbd57ef6d5d45
25,朔月亮,5,3 天前,"很棒的聚會地點

",2022-11-21,https://www.google.com.tw/maps/place/%E7%AF%89%E9%96%93%E5%B9%B8%E7%A6%8F%E9%8D%8B%E7%89%A9+%E5%8F%B0%E5%8C%97%E5%8D%97%E4%BA%AC%E4%B8%80%E5%BA%97/data=!4m7!3m6!1s0x3442a9666e9f721d:0x8aefbd57ef6d5d45!8m2!3d25.0518598!4d121.5273867!16s%2Fg%2F11b7cqtsy0!19sChIJHXKfbmapQjQRRV1t71e974o?authuser=0&hl=zh-TW&rclk=1,0x3442a9666e9f721d:0x8aefbd57ef6d5d45
26,菜菜,5,3 天前,"吃到飽的蔬菜跟好吃的肉

",2022-11-21,https://www.google.com.tw/maps/place/%E7%AF%89%E9%96%93%E5%B9%B8%E7%A6%8F%E9%8D%8B%E7%89%A9+%E5%8F%B0%E5%8C%97%E5%8D%97%E4%BA%AC%E4%B8%80%E5%BA%97/data=!4m7!3m6!1s0x3442a9666e9f721d:0x8aefbd57ef6d5d45!8m2!3d25.0518598!4d121.5273867!16s%2Fg%2F11b7cqtsy0!19sChIJHXKfbmapQjQRRV1t71e974o?authuser=0&hl=zh-TW&rclk=1,0x3442a9666e9f721d:0x8aefbd57ef6d5d45
27,陳怡伶,5,4 天前,,2022-11-21,https://www.google.com.tw/maps/place/%E7%AF%89%E9%96%93%E5%B9%B8%E7%A6%8F%E9%8D%8B%E7%89%A9+%E5%8F%B0%E5%8C%97%E5%8D%97%E4%BA%AC%E4%B8%80%E5%BA%97/data=!4m7!3m6!1s0x3442a9666e9f721d:0x8aefbd57ef6d5d45!8m2!3d25.0518598!4d121.5273867!16s%2Fg%2F11b7cqtsy0!19sChIJHXKfbmapQjQRRV1t71e974o?authuser=0&hl=zh-TW&rclk=1,0x3442a9666e9f721d:0x8aefbd57ef6d5d45
28,蔡弘章,5,4 天前,"好吃雪花牛

",2022-11-21,https://www.google.com.tw/maps/place/%E7%AF%89%E9%96%93%E5%B9%B8%E7%A6%8F%E9%8D%8B%E7%89%A9+%E5%8F%B0%E5%8C%97%E5%8D%97%E4%BA%AC%E4%B8%80%E5%BA%97/data=!4m7!3m6!1s0x3442a9666e9f721d:0x8aefbd57ef6d5d45!8m2!3d25.0518598!4d121.5273867!16s%2Fg%2F11b7cqtsy0!19sChIJHXKfbmapQjQRRV1t71e974o?authuser=0&hl=zh-TW&rclk=1,0x3442a9666e9f721d:0x8aefbd57ef6d5d45
29,阮恆恩,5,4 天前,,2022-11-21,https://www.google.com.tw/maps/place/%E7%AF%89%E9%96%93%E5%B9%B8%E7%A6%8F%E9%8D%8B%E7%89%A9+%E5%8F%B0%E5%8C%97%E5%8D%97%E4%BA%AC%E4%B8%80%E5%BA%97/data=!4m7!3m6!1s0x3442a9666e9f721d:0x8aefbd57ef6d5d45!8m2!3d25.0518598!4d121.5273867!16s%2Fg%2F11b7cqtsy0!19sChIJHXKfbmapQjQRRV1t71e974o?authuser=0&hl=zh-TW&rclk=1,0x3442a9666e9f721d:0x8aefbd57ef6d5d45
30,蔡松穎,5,4 天前,"讚喔

",2022-11-21,https://www.google.com.tw/maps/place/%E7%AF%89%E9%96%93%E5%B9%B8%E7%A6%8F%E9%8D%8B%E7%89%A9+%E5%8F%B0%E5%8C%97%E5%8D%97%E4%BA%AC%E4%B8%80%E5%BA%97/data=!4m7!3m6!1s0x3442a9666e9f721d:0x8aefbd57ef6d5d45!8m2!3d25.0518598!4d121.5273867!16s%2Fg%2F11b7cqtsy0!19sChIJHXKfbmapQjQRRV1t71e974o?authuser=0&hl=zh-TW&rclk=1,0x3442a9666e9f721d:0x8aefbd57ef6d5d45
31,伯約黃,5,4 天前,"讚 湯很香

",2022-11-21,https://www.google.com.tw/maps/place/%E7%AF%89%E9%96%93%E5%B9%B8%E7%A6%8F%E9%8D%8B%E7%89%A9+%E5%8F%B0%E5%8C%97%E5%8D%97%E4%BA%AC%E4%B8%80%E5%BA%97/data=!4m7!3m6!1s0x3442a9666e9f721d:0x8aefbd57ef6d5d45!8m2!3d25.0518598!4d121.5273867!16s%2Fg%2F11b7cqtsy0!19sChIJHXKfbmapQjQRRV1t71e974o?authuser=0&hl=zh-TW&rclk=1,0x3442a9666e9f721d:0x8aefbd57ef6d5d45
32,馮日新,5,4 天前,"美味

",2022-11-21,https://www.google.com.tw/maps/place/%E7%AF%89%E9%96%93%E5%B9%B8%E7%A6%8F%E9%8D%8B%E7%89%A9+%E5%8F%B0%E5%8C%97%E5%8D%97%E4%BA%AC%E4%B8%80%E5%BA%97/data=!4m7!3m6!1s0x3442a9666e9f721d:0x8aefbd57ef6d5d45!8m2!3d25.0518598!4d121.5273867!16s%2Fg%2F11b7cqtsy0!19sChIJHXKfbmapQjQRRV1t71e974o?authuser=0&hl=zh-TW&rclk=1,0x3442a9666e9f721d:0x8aefbd57ef6d5d45
33,吳修緣,5,4 天前,,2022-11-21,https://www.google.com.tw/maps/place/%E7%AF%89%E9%96%93%E5%B9%B8%E7%A6%8F%E9%8D%8B%E7%89%A9+%E5%8F%B0%E5%8C%97%E5%8D%97%E4%BA%AC%E4%B8%80%E5%BA%97/data=!4m7!3m6!1s0x3442a9666e9f721d:0x8aefbd57ef6d5d45!8m2!3d25.0518598!4d121.5273867!16s%2Fg%2F11b7cqtsy0!19sChIJHXKfbmapQjQRRV1t71e974o?authuser=0&hl=zh-TW&rclk=1,0x3442a9666e9f721d:0x8aefbd57ef6d5d45
34,Beatrice,5,4 天前,,2022-11-21,https://www.google.com.tw/maps/place/%E7%AF%89%E9%96%93%E5%B9%B8%E7%A6%8F%E9%8D%8B%E7%89%A9+%E5%8F%B0%E5%8C%97%E5%8D%97%E4%BA%AC%E4%B8%80%E5%BA%97/data=!4m7!3m6!1s0x3442a9666e9f721d:0x8aefbd57ef6d5d45!8m2!3d25.0518598!4d121.5273867!16s%2Fg%2F11b7cqtsy0!19sChIJHXKfbmapQjQRRV1t71e974o?authuser=0&hl=zh-TW&rclk=1,0x3442a9666e9f721d:0x8aefbd57ef6d5d45
35,鄭雋譯,5,4 天前,"(由 Google 提供翻譯) 可口的  
  
(原始評論)  
delicious

",2022-11-21,https://www.google.com.tw/maps/place/%E7%AF%89%E9%96%93%E5%B9%B8%E7%A6%8F%E9%8D%8B%E7%89%A9+%E5%8F%B0%E5%8C%97%E5%8D%97%E4%BA%AC%E4%B8%80%E5%BA%97/data=!4m7!3m6!1s0x3442a9666e9f721d:0x8aefbd57ef6d5d45!8m2!3d25.0518598!4d121.5273867!16s%2Fg%2F11b7cqtsy0!19sChIJHXKfbmapQjQRRV1t71e974o?authuser=0&hl=zh-TW&rclk=1,0x3442a9666e9f721d:0x8aefbd57ef6d5d45
36,LIN,5,4 天前,"裝潢很美 空間很舒適 品質讚讚好吃

",2022-11-21,https://www.google.com.tw/maps/place/%E7%AF%89%E9%96%93%E5%B9%B8%E7%A6%8F%E9%8D%8B%E7%89%A9+%E5%8F%B0%E5%8C%97%E5%8D%97%E4%BA%AC%E4%B8%80%E5%BA%97/data=!4m7!3m6!1s0x3442a9666e9f721d:0x8aefbd57ef6d5d45!8m2!3d25.0518598!4d121.5273867!16s%2Fg%2F11b7cqtsy0!19sChIJHXKfbmapQjQRRV1t71e974o?authuser=0&hl=zh-TW&rclk=1,0x3442a9666e9f721d:0x8aefbd57ef6d5d45
37,C harlene,5,4 天前,"打卡 肉肉增加

",2022-11-21,https://www.google.com.tw/maps/place/%E7%AF%89%E9%96%93%E5%B9%B8%E7%A6%8F%E9%8D%8B%E7%89%A9+%E5%8F%B0%E5%8C%97%E5%8D%97%E4%BA%AC%E4%B8%80%E5%BA%97/data=!4m7!3m6!1s0x3442a9666e9f721d:0x8aefbd57ef6d5d45!8m2!3d25.0518598!4d121.5273867!16s%2Fg%2F11b7cqtsy0!19sChIJHXKfbmapQjQRRV1t71e974o?authuser=0&hl=zh-TW&rclk=1,0x3442a9666e9f721d:0x8aefbd57ef6d5d45
38,鄭人豪,5,5 天前,,2022-11-21,https://www.google.com.tw/maps/place/%E7%AF%89%E9%96%93%E5%B9%B8%E7%A6%8F%E9%8D%8B%E7%89%A9+%E5%8F%B0%E5%8C%97%E5%8D%97%E4%BA%AC%E4%B8%80%E5%BA%97/data=!4m7!3m6!1s0x3442a9666e9f721d:0x8aefbd57ef6d5d45!8m2!3d25.0518598!4d121.5273867!16s%2Fg%2F11b7cqtsy0!19sChIJHXKfbmapQjQRRV1t71e974o?authuser=0&hl=zh-TW&rclk=1,0x3442a9666e9f721d:0x8aefbd57ef6d5d45
39,Andy Kuo,4,5 天前,,2022-11-21,https://www.google.com.tw/maps/place/%E7%AF%89%E9%96%93%E5%B9%B8%E7%A6%8F%E9%8D%8B%E7%89%A9+%E5%8F%B0%E5%8C%97%E5%8D%97%E4%BA%AC%E4%B8%80%E5%BA%97/data=!4m7!3m6!1s0x3442a9666e9f721d:0x8aefbd57ef6d5d45!8m2!3d25.0518598!4d121.5273867!16s%2Fg%2F11b7cqtsy0!19sChIJHXKfbmapQjQRRV1t71e974o?authuser=0&hl=zh-TW&rclk=1,0x3442a9666e9f721d:0x8aefbd57ef6d5d45
40,Hsuan,1,5 天前,"給客人內用的杯子跟盤子都髒到不行。  
還沒吃就令人很火大。  
絕對不會再來

",2022-11-21,https://www.google.com.tw/maps/place/%E7%AF%89%E9%96%93%E5%B9%B8%E7%A6%8F%E9%8D%8B%E7%89%A9+%E5%8F%B0%E5%8C%97%E5%8D%97%E4%BA%AC%E4%B8%80%E5%BA%97/data=!4m7!3m6!1s0x3442a9666e9f721d:0x8aefbd57ef6d5d45!8m2!3d25.0518598!4d121.5273867!16s%2Fg%2F11b7cqtsy0!19sChIJHXKfbmapQjQRRV1t71e974o?authuser=0&hl=zh-TW&rclk=1,0x3442a9666e9f721d:0x8aefbd57ef6d5d45
41,涂秉豪,3,5 天前,"在那用餐對待客人服務不好 .我本身王品集團有比的話，我不會再去

",2022-11-21,https://www.google.com.tw/maps/place/%E7%AF%89%E9%96%93%E5%B9%B8%E7%A6%8F%E9%8D%8B%E7%89%A9+%E5%8F%B0%E5%8C%97%E5%8D%97%E4%BA%AC%E4%B8%80%E5%BA%97/data=!4m7!3m6!1s0x3442a9666e9f721d:0x8aefbd57ef6d5d45!8m2!3d25.0518598!4d121.5273867!16s%2Fg%2F11b7cqtsy0!19sChIJHXKfbmapQjQRRV1t71e974o?authuser=0&hl=zh-TW&rclk=1,0x3442a9666e9f721d:0x8aefbd57ef6d5d45
42,洪文銓,5,5 天前,,2022-11-21,https://www.google.com.tw/maps/place/%E7%AF%89%E9%96%93%E5%B9%B8%E7%A6%8F%E9%8D%8B%E7%89%A9+%E5%8F%B0%E5%8C%97%E5%8D%97%E4%BA%AC%E4%B8%80%E5%BA%97/data=!4m7!3m6!1s0x3442a9666e9f721d:0x8aefbd57ef6d5d45!8m2!3d25.0518598!4d121.5273867!16s%2Fg%2F11b7cqtsy0!19sChIJHXKfbmapQjQRRV1t71e974o?authuser=0&hl=zh-TW&rclk=1,0x3442a9666e9f721d:0x8aefbd57ef6d5d45
43,XG O,5,6 天前,"雪花牛肉鍋 真的好吃  
服務態度佳

",2022-11-21,https://www.google.com.tw/maps/place/%E7%AF%89%E9%96%93%E5%B9%B8%E7%A6%8F%E9%8D%8B%E7%89%A9+%E5%8F%B0%E5%8C%97%E5%8D%97%E4%BA%AC%E4%B8%80%E5%BA%97/data=!4m7!3m6!1s0x3442a9666e9f721d:0x8aefbd57ef6d5d45!8m2!3d25.0518598!4d121.5273867!16s%2Fg%2F11b7cqtsy0!19sChIJHXKfbmapQjQRRV1t71e974o?authuser=0&hl=zh-TW&rclk=1,0x3442a9666e9f721d:0x8aefbd57ef6d5d45
44,林彥翔,5,6 天前,,2022-11-21,https://www.google.com.tw/maps/place/%E7%AF%89%E9%96%93%E5%B9%B8%E7%A6%8F%E9%8D%8B%E7%89%A9+%E5%8F%B0%E5%8C%97%E5%8D%97%E4%BA%AC%E4%B8%80%E5%BA%97/data=!4m7!3m6!1s0x3442a9666e9f721d:0x8aefbd57ef6d5d45!8m2!3d25.0518598!4d121.5273867!16s%2Fg%2F11b7cqtsy0!19sChIJHXKfbmapQjQRRV1t71e974o?authuser=0&hl=zh-TW&rclk=1,0x3442a9666e9f721d:0x8aefbd57ef6d5d45
45,啪啦霹靂,5,6 天前,,2022-11-21,https://www.google.com.tw/maps/place/%E7%AF%89%E9%96%93%E5%B9%B8%E7%A6%8F%E9%8D%8B%E7%89%A9+%E5%8F%B0%E5%8C%97%E5%8D%97%E4%BA%AC%E4%B8%80%E5%BA%97/data=!4m7!3m6!1s0x3442a9666e9f721d:0x8aefbd57ef6d5d45!8m2!3d25.0518598!4d121.5273867!16s%2Fg%2F11b7cqtsy0!19sChIJHXKfbmapQjQRRV1t71e974o?authuser=0&hl=zh-TW&rclk=1,0x3442a9666e9f721d:0x8aefbd57ef6d5d45
46,Bao Dong,5,6 天前,"築間讚讚

",2022-11-21,https://www.google.com.tw/maps/place/%E7%AF%89%E9%96%93%E5%B9%B8%E7%A6%8F%E9%8D%8B%E7%89%A9+%E5%8F%B0%E5%8C%97%E5%8D%97%E4%BA%AC%E4%B8%80%E5%BA%97/data=!4m7!3m6!1s0x3442a9666e9f721d:0x8aefbd57ef6d5d45!8m2!3d25.0518598!4d121.5273867!16s%2Fg%2F11b7cqtsy0!19sChIJHXKfbmapQjQRRV1t71e974o?authuser=0&hl=zh-TW&rclk=1,0x3442a9666e9f721d:0x8aefbd57ef6d5d45
47,sindia sindia,3,6 天前,,2022-11-21,https://www.google.com.tw/maps/place/%E7%AF%89%E9%96%93%E5%B9%B8%E7%A6%8F%E9%8D%8B%E7%89%A9+%E5%8F%B0%E5%8C%97%E5%8D%97%E4%BA%AC%E4%B8%80%E5%BA%97/data=!4m7!3m6!1s0x3442a9666e9f721d:0x8aefbd57ef6d5d45!8m2!3d25.0518598!4d121.5273867!16s%2Fg%2F11b7cqtsy0!19sChIJHXKfbmapQjQRRV1t71e974o?authuser=0&hl=zh-TW&rclk=1,0x3442a9666e9f721d:0x8aefbd57ef6d5d45
48,汪居正,5,6 天前,"非常好  
  
親子友善程度：很友善

",2022-11-21,https://www.google.com.tw/maps/place/%E7%AF%89%E9%96%93%E5%B9%B8%E7%A6%8F%E9%8D%8B%E7%89%A9+%E5%8F%B0%E5%8C%97%E5%8D%97%E4%BA%AC%E4%B8%80%E5%BA%97/data=!4m7!3m6!1s0x3442a9666e9f721d:0x8aefbd57ef6d5d45!8m2!3d25.0518598!4d121.5273867!16s%2Fg%2F11b7cqtsy0!19sChIJHXKfbmapQjQRRV1t71e974o?authuser=0&hl=zh-TW&rclk=1,0x3442a9666e9f721d:0x8aefbd57ef6d5d45
49,Wu Ken,3,1 週前,,2022-11-21,https://www.google.com.tw/maps/place/%E7%AF%89%E9%96%93%E5%B9%B8%E7%A6%8F%E9%8D%8B%E7%89%A9+%E5%8F%B0%E5%8C%97%E5%8D%97%E4%BA%AC%E4%B8%80%E5%BA%97/data=!4m7!3m6!1s0x3442a9666e9f721d:0x8aefbd57ef6d5d45!8m2!3d25.0518598!4d121.5273867!16s%2Fg%2F11b7cqtsy0!19sChIJHXKfbmapQjQRRV1t71e974o?authuser=0&hl=zh-TW&rclk=1,0x3442a9666e9f721d:0x8aefbd57ef6d5d45
50,蔡易蓁,5,1 週前,,2022-11-21,https://www.google.com.tw/maps/place/%E7%AF%89%E9%96%93%E5%B9%B8%E7%A6%8F%E9%8D%8B%E7%89%A9+%E5%8F%B0%E5%8C%97%E5%8D%97%E4%BA%AC%E4%B8%80%E5%BA%97/data=!4m7!3m6!1s0x3442a9666e9f721d:0x8aefbd57ef6d5d45!8m2!3d25.0518598!4d121.5273867!16s%2Fg%2F11b7cqtsy0!19sChIJHXKfbmapQjQRRV1t71e974o?authuser=0&hl=zh-TW&rclk=1,0x3442a9666e9f721d:0x8aefbd57ef6d5d45
51,鄧煒勳,5,1 週前,"服務優質

",2022-11-21,https://www.google.com.tw/maps/place/%E7%AF%89%E9%96%93%E5%B9%B8%E7%A6%8F%E9%8D%8B%E7%89%A9+%E5%8F%B0%E5%8C%97%E5%8D%97%E4%BA%AC%E4%B8%80%E5%BA%97/data=!4m7!3m6!1s0x3442a9666e9f721d:0x8aefbd57ef6d5d45!8m2!3d25.0518598!4d121.5273867!16s%2Fg%2F11b7cqtsy0!19sChIJHXKfbmapQjQRRV1t71e974o?authuser=0&hl=zh-TW&rclk=1,0x3442a9666e9f721d:0x8aefbd57ef6d5d45
52,林芮綺,5,1 週前,"肉量升級

",2022-11-21,https://www.google.com.tw/maps/place/%E7%AF%89%E9%96%93%E5%B9%B8%E7%A6%8F%E9%8D%8B%E7%89%A9+%E5%8F%B0%E5%8C%97%E5%8D%97%E4%BA%AC%E4%B8%80%E5%BA%97/data=!4m7!3m6!1s0x3442a9666e9f721d:0x8aefbd57ef6d5d45!8m2!3d25.0518598!4d121.5273867!16s%2Fg%2F11b7cqtsy0!19sChIJHXKfbmapQjQRRV1t71e974o?authuser=0&hl=zh-TW&rclk=1,0x3442a9666e9f721d:0x8aefbd57ef6d5d45
53,瞇瞇,5,1 週前,"好吃的雞腿

",2022-11-21,https://www.google.com.tw/maps/place/%E7%AF%89%E9%96%93%E5%B9%B8%E7%A6%8F%E9%8D%8B%E7%89%A9+%E5%8F%B0%E5%8C%97%E5%8D%97%E4%BA%AC%E4%B8%80%E5%BA%97/data=!4m7!3m6!1s0x3442a9666e9f721d:0x8aefbd57ef6d5d45!8m2!3d25.0518598!4d121.5273867!16s%2Fg%2F11b7cqtsy0!19sChIJHXKfbmapQjQRRV1t71e974o?authuser=0&hl=zh-TW&rclk=1,0x3442a9666e9f721d:0x8aefbd57ef6d5d45
54,Pey Lu,5,1 週前,"新鮮好吃

",2022-11-21,https://www.google.com.tw/maps/place/%E7%AF%89%E9%96%93%E5%B9%B8%E7%A6%8F%E9%8D%8B%E7%89%A9+%E5%8F%B0%E5%8C%97%E5%8D%97%E4%BA%AC%E4%B8%80%E5%BA%97/data=!4m7!3m6!1s0x3442a9666e9f721d:0x8aefbd57ef6d5d45!8m2!3d25.0518598!4d121.5273867!16s%2Fg%2F11b7cqtsy0!19sChIJHXKfbmapQjQRRV1t71e974o?authuser=0&hl=zh-TW&rclk=1,0x3442a9666e9f721d:0x8aefbd57ef6d5d45
55,Robert Chu,5,1 週前,"棒

",2022-11-21,https://www.google.com.tw/maps/place/%E7%AF%89%E9%96%93%E5%B9%B8%E7%A6%8F%E9%8D%8B%E7%89%A9+%E5%8F%B0%E5%8C%97%E5%8D%97%E4%BA%AC%E4%B8%80%E5%BA%97/data=!4m7!3m6!1s0x3442a9666e9f721d:0x8aefbd57ef6d5d45!8m2!3d25.0518598!4d121.5273867!16s%2Fg%2F11b7cqtsy0!19sChIJHXKfbmapQjQRRV1t71e974o?authuser=0&hl=zh-TW&rclk=1,0x3442a9666e9f721d:0x8aefbd57ef6d5d45
56,黃柔,5,1 週前,"好吃

",2022-11-21,https://www.google.com.tw/maps/place/%E7%AF%89%E9%96%93%E5%B9%B8%E7%A6%8F%E9%8D%8B%E7%89%A9+%E5%8F%B0%E5%8C%97%E5%8D%97%E4%BA%AC%E4%B8%80%E5%BA%97/data=!4m7!3m6!1s0x3442a9666e9f721d:0x8aefbd57ef6d5d45!8m2!3d25.0518598!4d121.5273867!16s%2Fg%2F11b7cqtsy0!19sChIJHXKfbmapQjQRRV1t71e974o?authuser=0&hl=zh-TW&rclk=1,0x3442a9666e9f721d:0x8aefbd57ef6d5d45
57,Saw Black,5,1 週前,,2022-11-21,https://www.google.com.tw/maps/place/%E7%AF%89%E9%96%93%E5%B9%B8%E7%A6%8F%E9%8D%8B%E7%89%A9+%E5%8F%B0%E5%8C%97%E5%8D%97%E4%BA%AC%E4%B8%80%E5%BA%97/data=!4m7!3m6!1s0x3442a9666e9f721d:0x8aefbd57ef6d5d45!8m2!3d25.0518598!4d121.5273867!16s%2Fg%2F11b7cqtsy0!19sChIJHXKfbmapQjQRRV1t71e974o?authuser=0&hl=zh-TW&rclk=1,0x3442a9666e9f721d:0x8aefbd57ef6d5d45
58,許家翔,5,1 週前,"wow 這肉cp值太高了吧 XD

",2022-11-21,https://www.google.com.tw/maps/place/%E7%AF%89%E9%96%93%E5%B9%B8%E7%A6%8F%E9%8D%8B%E7%89%A9+%E5%8F%B0%E5%8C%97%E5%8D%97%E4%BA%AC%E4%B8%80%E5%BA%97/data=!4m7!3m6!1s0x3442a9666e9f721d:0x8aefbd57ef6d5d45!8m2!3d25.0518598!4d121.5273867!16s%2Fg%2F11b7cqtsy0!19sChIJHXKfbmapQjQRRV1t71e974o?authuser=0&hl=zh-TW&rclk=1,0x3442a9666e9f721d:0x8aefbd57ef6d5d45
59,Wu Angela,5,1 週前,"好吃！食材新鮮  
蔬菜可選擇自己喜歡的並夾取自己需要的份量  
服務人員專業又親切

",2022-11-21,https://www.google.com.tw/maps/place/%E7%AF%89%E9%96%93%E5%B9%B8%E7%A6%8F%E9%8D%8B%E7%89%A9+%E5%8F%B0%E5%8C%97%E5%8D%97%E4%BA%AC%E4%B8%80%E5%BA%97/data=!4m7!3m6!1s0x3442a9666e9f721d:0x8aefbd57ef6d5d45!8m2!3d25.0518598!4d121.5273867!16s%2Fg%2F11b7cqtsy0!19sChIJHXKfbmapQjQRRV1t71e974o?authuser=0&hl=zh-TW&rclk=1,0x3442a9666e9f721d:0x8aefbd57ef6d5d45
60,Dragon H,5,1 週前,"氣氛好 燈光佳  
食材新鮮好吃  
會再訪

",2022-11-21,https://www.google.com.tw/maps/place/%E7%AF%89%E9%96%93%E5%B9%B8%E7%A6%8F%E9%8D%8B%E7%89%A9+%E5%8F%B0%E5%8C%97%E5%8D%97%E4%BA%AC%E4%B8%80%E5%BA%97/data=!4m7!3m6!1s0x3442a9666e9f721d:0x8aefbd57ef6d5d45!8m2!3d25.0518598!4d121.5273867!16s%2Fg%2F11b7cqtsy0!19sChIJHXKfbmapQjQRRV1t71e974o?authuser=0&hl=zh-TW&rclk=1,0x3442a9666e9f721d:0x8aefbd57ef6d5d45
61,陳穎緹,5,1 週前,"好吃好吃❤️

",2022-11-21,https://www.google.com.tw/maps/place/%E7%AF%89%E9%96%93%E5%B9%B8%E7%A6%8F%E9%8D%8B%E7%89%A9+%E5%8F%B0%E5%8C%97%E5%8D%97%E4%BA%AC%E4%B8%80%E5%BA%97/data=!4m7!3m6!1s0x3442a9666e9f721d:0x8aefbd57ef6d5d45!8m2!3d25.0518598!4d121.5273867!16s%2Fg%2F11b7cqtsy0!19sChIJHXKfbmapQjQRRV1t71e974o?authuser=0&hl=zh-TW&rclk=1,0x3442a9666e9f721d:0x8aefbd57ef6d5d45
62,studio woody,5,1 週前,"五星

",2022-11-21,https://www.google.com.tw/maps/place/%E7%AF%89%E9%96%93%E5%B9%B8%E7%A6%8F%E9%8D%8B%E7%89%A9+%E5%8F%B0%E5%8C%97%E5%8D%97%E4%BA%AC%E4%B8%80%E5%BA%97/data=!4m7!3m6!1s0x3442a9666e9f721d:0x8aefbd57ef6d5d45!8m2!3d25.0518598!4d121.5273867!16s%2Fg%2F11b7cqtsy0!19sChIJHXKfbmapQjQRRV1t71e974o?authuser=0&hl=zh-TW&rclk=1,0x3442a9666e9f721d:0x8aefbd57ef6d5d45
63,陳惠美,5,1 週前,,2022-11-21,https://www.google.com.tw/maps/place/%E7%AF%89%E9%96%93%E5%B9%B8%E7%A6%8F%E9%8D%8B%E7%89%A9+%E5%8F%B0%E5%8C%97%E5%8D%97%E4%BA%AC%E4%B8%80%E5%BA%97/data=!4m7!3m6!1s0x3442a9666e9f721d:0x8aefbd57ef6d5d45!8m2!3d25.0518598!4d121.5273867!16s%2Fg%2F11b7cqtsy0!19sChIJHXKfbmapQjQRRV1t71e974o?authuser=0&hl=zh-TW&rclk=1,0x3442a9666e9f721d:0x8aefbd57ef6d5d45
64,Perry Kuo,5,1 週前,,2022-11-21,https://www.google.com.tw/maps/place/%E7%AF%89%E9%96%93%E5%B9%B8%E7%A6%8F%E9%8D%8B%E7%89%A9+%E5%8F%B0%E5%8C%97%E5%8D%97%E4%BA%AC%E4%B8%80%E5%BA%97/data=!4m7!3m6!1s0x3442a9666e9f721d:0x8aefbd57ef6d5d45!8m2!3d25.0518598!4d121.5273867!16s%2Fg%2F11b7cqtsy0!19sChIJHXKfbmapQjQRRV1t71e974o?authuser=0&hl=zh-TW&rclk=1,0x3442a9666e9f721d:0x8aefbd57ef6d5d45
65,Kuo E,5,1 週前,"打卡送肉

",2022-11-21,https://www.google.com.tw/maps/place/%E7%AF%89%E9%96%93%E5%B9%B8%E7%A6%8F%E9%8D%8B%E7%89%A9+%E5%8F%B0%E5%8C%97%E5%8D%97%E4%BA%AC%E4%B8%80%E5%BA%97/data=!4m7!3m6!1s0x3442a9666e9f721d:0x8aefbd57ef6d5d45!8m2!3d25.0518598!4d121.5273867!16s%2Fg%2F11b7cqtsy0!19sChIJHXKfbmapQjQRRV1t71e974o?authuser=0&hl=zh-TW&rclk=1,0x3442a9666e9f721d:0x8aefbd57ef6d5d45
66,、默辰,5,1 週前,"好吃

",2022-11-21,https://www.google.com.tw/maps/place/%E7%AF%89%E9%96%93%E5%B9%B8%E7%A6%8F%E9%8D%8B%E7%89%A9+%E5%8F%B0%E5%8C%97%E5%8D%97%E4%BA%AC%E4%B8%80%E5%BA%97/data=!4m7!3m6!1s0x3442a9666e9f721d:0x8aefbd57ef6d5d45!8m2!3d25.0518598!4d121.5273867!16s%2Fg%2F11b7cqtsy0!19sChIJHXKfbmapQjQRRV1t71e974o?authuser=0&hl=zh-TW&rclk=1,0x3442a9666e9f721d:0x8aefbd57ef6d5d45
67,邱瑟靖,5,1 週前,,2022-11-21,https://www.google.com.tw/maps/place/%E7%AF%89%E9%96%93%E5%B9%B8%E7%A6%8F%E9%8D%8B%E7%89%A9+%E5%8F%B0%E5%8C%97%E5%8D%97%E4%BA%AC%E4%B8%80%E5%BA%97/data=!4m7!3m6!1s0x3442a9666e9f721d:0x8aefbd57ef6d5d45!8m2!3d25.0518598!4d121.5273867!16s%2Fg%2F11b7cqtsy0!19sChIJHXKfbmapQjQRRV1t71e974o?authuser=0&hl=zh-TW&rclk=1,0x3442a9666e9f721d:0x8aefbd57ef6d5d45
68,周冠宇,5,1 週前,"料多實在

",2022-11-21,https://www.google.com.tw/maps/place/%E7%AF%89%E9%96%93%E5%B9%B8%E7%A6%8F%E9%8D%8B%E7%89%A9+%E5%8F%B0%E5%8C%97%E5%8D%97%E4%BA%AC%E4%B8%80%E5%BA%97/data=!4m7!3m6!1s0x3442a9666e9f721d:0x8aefbd57ef6d5d45!8m2!3d25.0518598!4d121.5273867!16s%2Fg%2F11b7cqtsy0!19sChIJHXKfbmapQjQRRV1t71e974o?authuser=0&hl=zh-TW&rclk=1,0x3442a9666e9f721d:0x8aefbd57ef6d5d45
69,Din Din,5,1 週前,"好吃

",2022-11-21,https://www.google.com.tw/maps/place/%E7%AF%89%E9%96%93%E5%B9%B8%E7%A6%8F%E9%8D%8B%E7%89%A9+%E5%8F%B0%E5%8C%97%E5%8D%97%E4%BA%AC%E4%B8%80%E5%BA%97/data=!4m7!3m6!1s0x3442a9666e9f721d:0x8aefbd57ef6d5d45!8m2!3d25.0518598!4d121.5273867!16s%2Fg%2F11b7cqtsy0!19sChIJHXKfbmapQjQRRV1t71e974o?authuser=0&hl=zh-TW&rclk=1,0x3442a9666e9f721d:0x8aefbd57ef6d5d45
70,楊凱涵,5,1 週前,"品質穩定，消夜好選擇～

",2022-11-21,https://www.google.com.tw/maps/place/%E7%AF%89%E9%96%93%E5%B9%B8%E7%A6%8F%E9%8D%8B%E7%89%A9+%E5%8F%B0%E5%8C%97%E5%8D%97%E4%BA%AC%E4%B8%80%E5%BA%97/data=!4m7!3m6!1s0x3442a9666e9f721d:0x8aefbd57ef6d5d45!8m2!3d25.0518598!4d121.5273867!16s%2Fg%2F11b7cqtsy0!19sChIJHXKfbmapQjQRRV1t71e974o?authuser=0&hl=zh-TW&rclk=1,0x3442a9666e9f721d:0x8aefbd57ef6d5d45
71,lo julian,5,1 週前,"已成常客

",2022-11-21,https://www.google.com.tw/maps/place/%E7%AF%89%E9%96%93%E5%B9%B8%E7%A6%8F%E9%8D%8B%E7%89%A9+%E5%8F%B0%E5%8C%97%E5%8D%97%E4%BA%AC%E4%B8%80%E5%BA%97/data=!4m7!3m6!1s0x3442a9666e9f721d:0x8aefbd57ef6d5d45!8m2!3d25.0518598!4d121.5273867!16s%2Fg%2F11b7cqtsy0!19sChIJHXKfbmapQjQRRV1t71e974o?authuser=0&hl=zh-TW&rclk=1,0x3442a9666e9f721d:0x8aefbd57ef6d5d45
72,Shannon Chang,5,1 週前,"我愛築❤️

",2022-11-21,https://www.google.com.tw/maps/place/%E7%AF%89%E9%96%93%E5%B9%B8%E7%A6%8F%E9%8D%8B%E7%89%A9+%E5%8F%B0%E5%8C%97%E5%8D%97%E4%BA%AC%E4%B8%80%E5%BA%97/data=!4m7!3m6!1s0x3442a9666e9f721d:0x8aefbd57ef6d5d45!8m2!3d25.0518598!4d121.5273867!16s%2Fg%2F11b7cqtsy0!19sChIJHXKfbmapQjQRRV1t71e974o?authuser=0&hl=zh-TW&rclk=1,0x3442a9666e9f721d:0x8aefbd57ef6d5d45
73,曾華緯,5,1 週前,,2022-11-21,https://www.google.com.tw/maps/place/%E7%AF%89%E9%96%93%E5%B9%B8%E7%A6%8F%E9%8D%8B%E7%89%A9+%E5%8F%B0%E5%8C%97%E5%8D%97%E4%BA%AC%E4%B8%80%E5%BA%97/data=!4m7!3m6!1s0x3442a9666e9f721d:0x8aefbd57ef6d5d45!8m2!3d25.0518598!4d121.5273867!16s%2Fg%2F11b7cqtsy0!19sChIJHXKfbmapQjQRRV1t71e974o?authuser=0&hl=zh-TW&rclk=1,0x3442a9666e9f721d:0x8aefbd57ef6d5d45
74,花家琪,5,1 週前,"菜種類多樣湯底也好讚，還有很多冰淇淋

",2022-11-21,https://www.google.com.tw/maps/place/%E7%AF%89%E9%96%93%E5%B9%B8%E7%A6%8F%E9%8D%8B%E7%89%A9+%E5%8F%B0%E5%8C%97%E5%8D%97%E4%BA%AC%E4%B8%80%E5%BA%97/data=!4m7!3m6!1s0x3442a9666e9f721d:0x8aefbd57ef6d5d45!8m2!3d25.0518598!4d121.5273867!16s%2Fg%2F11b7cqtsy0!19sChIJHXKfbmapQjQRRV1t71e974o?authuser=0&hl=zh-TW&rclk=1,0x3442a9666e9f721d:0x8aefbd57ef6d5d45
75,章永豪,5,1 週前,"Cp 值高

",2022-11-21,https://www.google.com.tw/maps/place/%E7%AF%89%E9%96%93%E5%B9%B8%E7%A6%8F%E9%8D%8B%E7%89%A9+%E5%8F%B0%E5%8C%97%E5%8D%97%E4%BA%AC%E4%B8%80%E5%BA%97/data=!4m7!3m6!1s0x3442a9666e9f721d:0x8aefbd57ef6d5d45!8m2!3d25.0518598!4d121.5273867!16s%2Fg%2F11b7cqtsy0!19sChIJHXKfbmapQjQRRV1t71e974o?authuser=0&hl=zh-TW&rclk=1,0x3442a9666e9f721d:0x8aefbd57ef6d5d45
76,子馨黃,5,1 週前,,2022-11-21,https://www.google.com.tw/maps/place/%E7%AF%89%E9%96%93%E5%B9%B8%E7%A6%8F%E9%8D%8B%E7%89%A9+%E5%8F%B0%E5%8C%97%E5%8D%97%E4%BA%AC%E4%B8%80%E5%BA%97/data=!4m7!3m6!1s0x3442a9666e9f721d:0x8aefbd57ef6d5d45!8m2!3d25.0518598!4d121.5273867!16s%2Fg%2F11b7cqtsy0!19sChIJHXKfbmapQjQRRV1t71e974o?authuser=0&hl=zh-TW&rclk=1,0x3442a9666e9f721d:0x8aefbd57ef6d5d45
77,Ab Lai,5,1 週前,"奶香鍋超好吃

",2022-11-21,https://www.google.com.tw/maps/place/%E7%AF%89%E9%96%93%E5%B9%B8%E7%A6%8F%E9%8D%8B%E7%89%A9+%E5%8F%B0%E5%8C%97%E5%8D%97%E4%BA%AC%E4%B8%80%E5%BA%97/data=!4m7!3m6!1s0x3442a9666e9f721d:0x8aefbd57ef6d5d45!8m2!3d25.0518598!4d121.5273867!16s%2Fg%2F11b7cqtsy0!19sChIJHXKfbmapQjQRRV1t71e974o?authuser=0&hl=zh-TW&rclk=1,0x3442a9666e9f721d:0x8aefbd57ef6d5d45
78,LIN LIN,5,1 週前,"蔬菜採用自助式 菜的選擇還算多樣  
飲料吧也有多種飲料選擇  
還有霜淇淋區 很棒  
肉質新鮮也很嫩

",2022-11-21,https://www.google.com.tw/maps/place/%E7%AF%89%E9%96%93%E5%B9%B8%E7%A6%8F%E9%8D%8B%E7%89%A9+%E5%8F%B0%E5%8C%97%E5%8D%97%E4%BA%AC%E4%B8%80%E5%BA%97/data=!4m7!3m6!1s0x3442a9666e9f721d:0x8aefbd57ef6d5d45!8m2!3d25.0518598!4d121.5273867!16s%2Fg%2F11b7cqtsy0!19sChIJHXKfbmapQjQRRV1t71e974o?authuser=0&hl=zh-TW&rclk=1,0x3442a9666e9f721d:0x8aefbd57ef6d5d45
79,奧比斯,5,1 週前,"用餐環境舒適乾淨，食材新鮮美味

",2022-11-21,https://www.google.com.tw/maps/place/%E7%AF%89%E9%96%93%E5%B9%B8%E7%A6%8F%E9%8D%8B%E7%89%A9+%E5%8F%B0%E5%8C%97%E5%8D%97%E4%BA%AC%E4%B8%80%E5%BA%97/data=!4m7!3m6!1s0x3442a9666e9f721d:0x8aefbd57ef6d5d45!8m2!3d25.0518598!4d121.5273867!16s%2Fg%2F11b7cqtsy0!19sChIJHXKfbmapQjQRRV1t71e974o?authuser=0&hl=zh-TW&rclk=1,0x3442a9666e9f721d:0x8aefbd57ef6d5d45
80,郭威宏,5,1 週前,"五星好評後 牛肉就能升等 真不賴！

",2022-11-21,https://www.google.com.tw/maps/place/%E7%AF%89%E9%96%93%E5%B9%B8%E7%A6%8F%E9%8D%8B%E7%89%A9+%E5%8F%B0%E5%8C%97%E5%8D%97%E4%BA%AC%E4%B8%80%E5%BA%97/data=!4m7!3m6!1s0x3442a9666e9f721d:0x8aefbd57ef6d5d45!8m2!3d25.0518598!4d121.5273867!16s%2Fg%2F11b7cqtsy0!19sChIJHXKfbmapQjQRRV1t71e974o?authuser=0&hl=zh-TW&rclk=1,0x3442a9666e9f721d:0x8aefbd57ef6d5d45
81,林郁凱,5,2 週前,"服務親切，美味好吃

",2022-11-21,https://www.google.com.tw/maps/place/%E7%AF%89%E9%96%93%E5%B9%B8%E7%A6%8F%E9%8D%8B%E7%89%A9+%E5%8F%B0%E5%8C%97%E5%8D%97%E4%BA%AC%E4%B8%80%E5%BA%97/data=!4m7!3m6!1s0x3442a9666e9f721d:0x8aefbd57ef6d5d45!8m2!3d25.0518598!4d121.5273867!16s%2Fg%2F11b7cqtsy0!19sChIJHXKfbmapQjQRRV1t71e974o?authuser=0&hl=zh-TW&rclk=1,0x3442a9666e9f721d:0x8aefbd57ef6d5d45
82,ALJN L,4,2 週前,"價位不低  
但菜是自助可無限取用的  
飲料冰淇淋種類多  
但餐盤醬料碟不太乾淨

",2022-11-21,https://www.google.com.tw/maps/place/%E7%AF%89%E9%96%93%E5%B9%B8%E7%A6%8F%E9%8D%8B%E7%89%A9+%E5%8F%B0%E5%8C%97%E5%8D%97%E4%BA%AC%E4%B8%80%E5%BA%97/data=!4m7!3m6!1s0x3442a9666e9f721d:0x8aefbd57ef6d5d45!8m2!3d25.0518598!4d121.5273867!16s%2Fg%2F11b7cqtsy0!19sChIJHXKfbmapQjQRRV1t71e974o?authuser=0&hl=zh-TW&rclk=1,0x3442a9666e9f721d:0x8aefbd57ef6d5d45
83,汪有容,5,2 週前,,2022-11-21,https://www.google.com.tw/maps/place/%E7%AF%89%E9%96%93%E5%B9%B8%E7%A6%8F%E9%8D%8B%E7%89%A9+%E5%8F%B0%E5%8C%97%E5%8D%97%E4%BA%AC%E4%B8%80%E5%BA%97/data=!4m7!3m6!1s0x3442a9666e9f721d:0x8aefbd57ef6d5d45!8m2!3d25.0518598!4d121.5273867!16s%2Fg%2F11b7cqtsy0!19sChIJHXKfbmapQjQRRV1t71e974o?authuser=0&hl=zh-TW&rclk=1,0x3442a9666e9f721d:0x8aefbd57ef6d5d45
84,陳冠麟,5,2 週前,"吃宵夜的好地方！  
冬天吃這暖暖的火鍋好棒

",2022-11-21,https://www.google.com.tw/maps/place/%E7%AF%89%E9%96%93%E5%B9%B8%E7%A6%8F%E9%8D%8B%E7%89%A9+%E5%8F%B0%E5%8C%97%E5%8D%97%E4%BA%AC%E4%B8%80%E5%BA%97/data=!4m7!3m6!1s0x3442a9666e9f721d:0x8aefbd57ef6d5d45!8m2!3d25.0518598!4d121.5273867!16s%2Fg%2F11b7cqtsy0!19sChIJHXKfbmapQjQRRV1t71e974o?authuser=0&hl=zh-TW&rclk=1,0x3442a9666e9f721d:0x8aefbd57ef6d5d45
85,許愷哲,5,2 週前,,2022-11-21,https://www.google.com.tw/maps/place/%E7%AF%89%E9%96%93%E5%B9%B8%E7%A6%8F%E9%8D%8B%E7%89%A9+%E5%8F%B0%E5%8C%97%E5%8D%97%E4%BA%AC%E4%B8%80%E5%BA%97/data=!4m7!3m6!1s0x3442a9666e9f721d:0x8aefbd57ef6d5d45!8m2!3d25.0518598!4d121.5273867!16s%2Fg%2F11b7cqtsy0!19sChIJHXKfbmapQjQRRV1t71e974o?authuser=0&hl=zh-TW&rclk=1,0x3442a9666e9f721d:0x8aefbd57ef6d5d45
86,Deo亂亂玩（金迪歐）,5,2 週前,"豪！

",2022-11-21,https://www.google.com.tw/maps/place/%E7%AF%89%E9%96%93%E5%B9%B8%E7%A6%8F%E9%8D%8B%E7%89%A9+%E5%8F%B0%E5%8C%97%E5%8D%97%E4%BA%AC%E4%B8%80%E5%BA%97/data=!4m7!3m6!1s0x3442a9666e9f721d:0x8aefbd57ef6d5d45!8m2!3d25.0518598!4d121.5273867!16s%2Fg%2F11b7cqtsy0!19sChIJHXKfbmapQjQRRV1t71e974o?authuser=0&hl=zh-TW&rclk=1,0x3442a9666e9f721d:0x8aefbd57ef6d5d45
87,小茶兒,5,2 週前,,2022-11-21,https://www.google.com.tw/maps/place/%E7%AF%89%E9%96%93%E5%B9%B8%E7%A6%8F%E9%8D%8B%E7%89%A9+%E5%8F%B0%E5%8C%97%E5%8D%97%E4%BA%AC%E4%B8%80%E5%BA%97/data=!4m7!3m6!1s0x3442a9666e9f721d:0x8aefbd57ef6d5d45!8m2!3d25.0518598!4d121.5273867!16s%2Fg%2F11b7cqtsy0!19sChIJHXKfbmapQjQRRV1t71e974o?authuser=0&hl=zh-TW&rclk=1,0x3442a9666e9f721d:0x8aefbd57ef6d5d45
88,柯富元,5,2 週前,,2022-11-21,https://www.google.com.tw/maps/place/%E7%AF%89%E9%96%93%E5%B9%B8%E7%A6%8F%E9%8D%8B%E7%89%A9+%E5%8F%B0%E5%8C%97%E5%8D%97%E4%BA%AC%E4%B8%80%E5%BA%97/data=!4m7!3m6!1s0x3442a9666e9f721d:0x8aefbd57ef6d5d45!8m2!3d25.0518598!4d121.5273867!16s%2Fg%2F11b7cqtsy0!19sChIJHXKfbmapQjQRRV1t71e974o?authuser=0&hl=zh-TW&rclk=1,0x3442a9666e9f721d:0x8aefbd57ef6d5d45
89,ei m,5,2 週前,,2022-11-21,https://www.google.com.tw/maps/place/%E7%AF%89%E9%96%93%E5%B9%B8%E7%A6%8F%E9%8D%8B%E7%89%A9+%E5%8F%B0%E5%8C%97%E5%8D%97%E4%BA%AC%E4%B8%80%E5%BA%97/data=!4m7!3m6!1s0x3442a9666e9f721d:0x8aefbd57ef6d5d45!8m2!3d25.0518598!4d121.5273867!16s%2Fg%2F11b7cqtsy0!19sChIJHXKfbmapQjQRRV1t71e974o?authuser=0&hl=zh-TW&rclk=1,0x3442a9666e9f721d:0x8aefbd57ef6d5d45
90,Allen W,2,2 週前,"經典老饕牛肉鍋綁定石頭鍋底 $520+15+54=$589  
美國冷藏濕式熟成牛五花鍋 $420+42=$462  
現在才發現不知道為什麼被多收5塊 總共付了$1056  
  
老實說跟以前來的印象有落差  
價格變高了  
菜盤變成自助吧不過火鍋料吃起來好像不太新鮮  
蛋餃跟丸子都不是很好吃  
整體食物方面就普普通通  
最讓我不滿意的是餐具的清潔度  
醬料碟幾乎每個都有不明的屑屑或髒污  
杯子也是都有陳年的垢 然後濕濕的  
碗盤筷子看起來也都不太乾淨  
只好每個都再用衛生紙擦一下湊合著用  
吃完確實肚子也不太舒服  
蠻失望的 我第一次來吃的時候是覺得很棒的

",2022-11-21,https://www.google.com.tw/maps/place/%E7%AF%89%E9%96%93%E5%B9%B8%E7%A6%8F%E9%8D%8B%E7%89%A9+%E5%8F%B0%E5%8C%97%E5%8D%97%E4%BA%AC%E4%B8%80%E5%BA%97/data=!4m7!3m6!1s0x3442a9666e9f721d:0x8aefbd57ef6d5d45!8m2!3d25.0518598!4d121.5273867!16s%2Fg%2F11b7cqtsy0!19sChIJHXKfbmapQjQRRV1t71e974o?authuser=0&hl=zh-TW&rclk=1,0x3442a9666e9f721d:0x8aefbd57ef6d5d45
91,ka yui Chan,5,2 週前,"好好吃

",2022-11-21,https://www.google.com.tw/maps/place/%E7%AF%89%E9%96%93%E5%B9%B8%E7%A6%8F%E9%8D%8B%E7%89%A9+%E5%8F%B0%E5%8C%97%E5%8D%97%E4%BA%AC%E4%B8%80%E5%BA%97/data=!4m7!3m6!1s0x3442a9666e9f721d:0x8aefbd57ef6d5d45!8m2!3d25.0518598!4d121.5273867!16s%2Fg%2F11b7cqtsy0!19sChIJHXKfbmapQjQRRV1t71e974o?authuser=0&hl=zh-TW&rclk=1,0x3442a9666e9f721d:0x8aefbd57ef6d5d45
92,呂文仁,5,2 週前,,2022-11-21,https://www.google.com.tw/maps/place/%E7%AF%89%E9%96%93%E5%B9%B8%E7%A6%8F%E9%8D%8B%E7%89%A9+%E5%8F%B0%E5%8C%97%E5%8D%97%E4%BA%AC%E4%B8%80%E5%BA%97/data=!4m7!3m6!1s0x3442a9666e9f721d:0x8aefbd57ef6d5d45!8m2!3d25.0518598!4d121.5273867!16s%2Fg%2F11b7cqtsy0!19sChIJHXKfbmapQjQRRV1t71e974o?authuser=0&hl=zh-TW&rclk=1,0x3442a9666e9f721d:0x8aefbd57ef6d5d45
93,藍詩雅,5,2 週前,,2022-11-21,https://www.google.com.tw/maps/place/%E7%AF%89%E9%96%93%E5%B9%B8%E7%A6%8F%E9%8D%8B%E7%89%A9+%E5%8F%B0%E5%8C%97%E5%8D%97%E4%BA%AC%E4%B8%80%E5%BA%97/data=!4m7!3m6!1s0x3442a9666e9f721d:0x8aefbd57ef6d5d45!8m2!3d25.0518598!4d121.5273867!16s%2Fg%2F11b7cqtsy0!19sChIJHXKfbmapQjQRRV1t71e974o?authuser=0&hl=zh-TW&rclk=1,0x3442a9666e9f721d:0x8aefbd57ef6d5d45
94,蜜袋鼯,5,2 週前,"打卡升級肉量！

",2022-11-21,https://www.google.com.tw/maps/place/%E7%AF%89%E9%96%93%E5%B9%B8%E7%A6%8F%E9%8D%8B%E7%89%A9+%E5%8F%B0%E5%8C%97%E5%8D%97%E4%BA%AC%E4%B8%80%E5%BA%97/data=!4m7!3m6!1s0x3442a9666e9f721d:0x8aefbd57ef6d5d45!8m2!3d25.0518598!4d121.5273867!16s%2Fg%2F11b7cqtsy0!19sChIJHXKfbmapQjQRRV1t71e974o?authuser=0&hl=zh-TW&rclk=1,0x3442a9666e9f721d:0x8aefbd57ef6d5d45
95,何俊逸（gymeee）,5,2 週前,"打卡送肉

",2022-11-21,https://www.google.com.tw/maps/place/%E7%AF%89%E9%96%93%E5%B9%B8%E7%A6%8F%E9%8D%8B%E7%89%A9+%E5%8F%B0%E5%8C%97%E5%8D%97%E4%BA%AC%E4%B8%80%E5%BA%97/data=!4m7!3m6!1s0x3442a9666e9f721d:0x8aefbd57ef6d5d45!8m2!3d25.0518598!4d121.5273867!16s%2Fg%2F11b7cqtsy0!19sChIJHXKfbmapQjQRRV1t71e974o?authuser=0&hl=zh-TW&rclk=1,0x3442a9666e9f721d:0x8aefbd57ef6d5d45
96,子胖,5,2 週前,"好吃

",2022-11-21,https://www.google.com.tw/maps/place/%E7%AF%89%E9%96%93%E5%B9%B8%E7%A6%8F%E9%8D%8B%E7%89%A9+%E5%8F%B0%E5%8C%97%E5%8D%97%E4%BA%AC%E4%B8%80%E5%BA%97/data=!4m7!3m6!1s0x3442a9666e9f721d:0x8aefbd57ef6d5d45!8m2!3d25.0518598!4d121.5273867!16s%2Fg%2F11b7cqtsy0!19sChIJHXKfbmapQjQRRV1t71e974o?authuser=0&hl=zh-TW&rclk=1,0x3442a9666e9f721d:0x8aefbd57ef6d5d45
97,GCK YukiTai,5,2 週前,"好吃便宜

",2022-11-21,https://www.google.com.tw/maps/place/%E7%AF%89%E9%96%93%E5%B9%B8%E7%A6%8F%E9%8D%8B%E7%89%A9+%E5%8F%B0%E5%8C%97%E5%8D%97%E4%BA%AC%E4%B8%80%E5%BA%97/data=!4m7!3m6!1s0x3442a9666e9f721d:0x8aefbd57ef6d5d45!8m2!3d25.0518598!4d121.5273867!16s%2Fg%2F11b7cqtsy0!19sChIJHXKfbmapQjQRRV1t71e974o?authuser=0&hl=zh-TW&rclk=1,0x3442a9666e9f721d:0x8aefbd57ef6d5d45
98,王建鈞,5,2 週前,,2022-11-21,https://www.google.com.tw/maps/place/%E7%AF%89%E9%96%93%E5%B9%B8%E7%A6%8F%E9%8D%8B%E7%89%A9+%E5%8F%B0%E5%8C%97%E5%8D%97%E4%BA%AC%E4%B8%80%E5%BA%97/data=!4m7!3m6!1s0x3442a9666e9f721d:0x8aefbd57ef6d5d45!8m2!3d25.0518598!4d121.5273867!16s%2Fg%2F11b7cqtsy0!19sChIJHXKfbmapQjQRRV1t71e974o?authuser=0&hl=zh-TW&rclk=1,0x3442a9666e9f721d:0x8aefbd57ef6d5d45
99,Karen yw Hsu,5,2 週前,,2022-11-21,https://www.google.com.tw/maps/place/%E7%AF%89%E9%96%93%E5%B9%B8%E7%A6%8F%E9%8D%8B%E7%89%A9+%E5%8F%B0%E5%8C%97%E5%8D%97%E4%BA%AC%E4%B8%80%E5%BA%97/data=!4m7!3m6!1s0x3442a9666e9f721d:0x8aefbd57ef6d5d45!8m2!3d25.0518598!4d121.5273867!16s%2Fg%2F11b7cqtsy0!19sChIJHXKfbmapQjQRRV1t71e974o?authuser=0&hl=zh-TW&rclk=1,0x3442a9666e9f721d:0x8aefbd57ef6d5d45
100,Benson Chou,5,2 週前,,2022-11-21,https://www.google.com.tw/maps/place/%E7%AF%89%E9%96%93%E5%B9%B8%E7%A6%8F%E9%8D%8B%E7%89%A9+%E5%8F%B0%E5%8C%97%E5%8D%97%E4%BA%AC%E4%B8%80%E5%BA%97/data=!4m7!3m6!1s0x3442a9666e9f721d:0x8aefbd57ef6d5d45!8m2!3d25.0518598!4d121.5273867!16s%2Fg%2F11b7cqtsy0!19sChIJHXKfbmapQjQRRV1t71e974o?authuser=0&hl=zh-TW&rclk=1,0x3442a9666e9f721d:0x8aefbd57ef6d5d45
101,朱秋華,5,2 週前,,2022-11-21,https://www.google.com.tw/maps/place/%E7%AF%89%E9%96%93%E5%B9%B8%E7%A6%8F%E9%8D%8B%E7%89%A9+%E5%8F%B0%E5%8C%97%E5%8D%97%E4%BA%AC%E4%B8%80%E5%BA%97/data=!4m7!3m6!1s0x3442a9666e9f721d:0x8aefbd57ef6d5d45!8m2!3d25.0518598!4d121.5273867!16s%2Fg%2F11b7cqtsy0!19sChIJHXKfbmapQjQRRV1t71e974o?authuser=0&hl=zh-TW&rclk=1,0x3442a9666e9f721d:0x8aefbd57ef6d5d45
102,川,5,2 週前,"好吃服務品質好

",2022-11-21,https://www.google.com.tw/maps/place/%E7%AF%89%E9%96%93%E5%B9%B8%E7%A6%8F%E9%8D%8B%E7%89%A9+%E5%8F%B0%E5%8C%97%E5%8D%97%E4%BA%AC%E4%B8%80%E5%BA%97/data=!4m7!3m6!1s0x3442a9666e9f721d:0x8aefbd57ef6d5d45!8m2!3d25.0518598!4d121.5273867!16s%2Fg%2F11b7cqtsy0!19sChIJHXKfbmapQjQRRV1t71e974o?authuser=0&hl=zh-TW&rclk=1,0x3442a9666e9f721d:0x8aefbd57ef6d5d45
103,WU宗霖,5,2 週前,,2022-11-21,https://www.google.com.tw/maps/place/%E7%AF%89%E9%96%93%E5%B9%B8%E7%A6%8F%E9%8D%8B%E7%89%A9+%E5%8F%B0%E5%8C%97%E5%8D%97%E4%BA%AC%E4%B8%80%E5%BA%97/data=!4m7!3m6!1s0x3442a9666e9f721d:0x8aefbd57ef6d5d45!8m2!3d25.0518598!4d121.5273867!16s%2Fg%2F11b7cqtsy0!19sChIJHXKfbmapQjQRRV1t71e974o?authuser=0&hl=zh-TW&rclk=1,0x3442a9666e9f721d:0x8aefbd57ef6d5d45
104,Kae Yang,5,2 週前,,2022-11-21,https://www.google.com.tw/maps/place/%E7%AF%89%E9%96%93%E5%B9%B8%E7%A6%8F%E9%8D%8B%E7%89%A9+%E5%8F%B0%E5%8C%97%E5%8D%97%E4%BA%AC%E4%B8%80%E5%BA%97/data=!4m7!3m6!1s0x3442a9666e9f721d:0x8aefbd57ef6d5d45!8m2!3d25.0518598!4d121.5273867!16s%2Fg%2F11b7cqtsy0!19sChIJHXKfbmapQjQRRV1t71e974o?authuser=0&hl=zh-TW&rclk=1,0x3442a9666e9f721d:0x8aefbd57ef6d5d45
105,陳履歡,5,2 週前,,2022-11-21,https://www.google.com.tw/maps/place/%E7%AF%89%E9%96%93%E5%B9%B8%E7%A6%8F%E9%8D%8B%E7%89%A9+%E5%8F%B0%E5%8C%97%E5%8D%97%E4%BA%AC%E4%B8%80%E5%BA%97/data=!4m7!3m6!1s0x3442a9666e9f721d:0x8aefbd57ef6d5d45!8m2!3d25.0518598!4d121.5273867!16s%2Fg%2F11b7cqtsy0!19sChIJHXKfbmapQjQRRV1t71e974o?authuser=0&hl=zh-TW&rclk=1,0x3442a9666e9f721d:0x8aefbd57ef6d5d45
106,Edison Chang,5,2 週前,"環境乾淨舒適，服務親切有效率！  
  
停車場：旁邊橋下就有停車場

",2022-11-21,https://www.google.com.tw/maps/place/%E7%AF%89%E9%96%93%E5%B9%B8%E7%A6%8F%E9%8D%8B%E7%89%A9+%E5%8F%B0%E5%8C%97%E5%8D%97%E4%BA%AC%E4%B8%80%E5%BA%97/data=!4m7!3m6!1s0x3442a9666e9f721d:0x8aefbd57ef6d5d45!8m2!3d25.0518598!4d121.5273867!16s%2Fg%2F11b7cqtsy0!19sChIJHXKfbmapQjQRRV1t71e974o?authuser=0&hl=zh-TW&rclk=1,0x3442a9666e9f721d:0x8aefbd57ef6d5d45
107,丁立功,5,2 週前,"自助吧品質不錯 CP值滿高的，可以來吃

",2022-11-21,https://www.google.com.tw/maps/place/%E7%AF%89%E9%96%93%E5%B9%B8%E7%A6%8F%E9%8D%8B%E7%89%A9+%E5%8F%B0%E5%8C%97%E5%8D%97%E4%BA%AC%E4%B8%80%E5%BA%97/data=!4m7!3m6!1s0x3442a9666e9f721d:0x8aefbd57ef6d5d45!8m2!3d25.0518598!4d121.5273867!16s%2Fg%2F11b7cqtsy0!19sChIJHXKfbmapQjQRRV1t71e974o?authuser=0&hl=zh-TW&rclk=1,0x3442a9666e9f721d:0x8aefbd57ef6d5d45
108,周佳威,5,2 週前,"環境清潔，好吃

",2022-11-21,https://www.google.com.tw/maps/place/%E7%AF%89%E9%96%93%E5%B9%B8%E7%A6%8F%E9%8D%8B%E7%89%A9+%E5%8F%B0%E5%8C%97%E5%8D%97%E4%BA%AC%E4%B8%80%E5%BA%97/data=!4m7!3m6!1s0x3442a9666e9f721d:0x8aefbd57ef6d5d45!8m2!3d25.0518598!4d121.5273867!16s%2Fg%2F11b7cqtsy0!19sChIJHXKfbmapQjQRRV1t71e974o?authuser=0&hl=zh-TW&rclk=1,0x3442a9666e9f721d:0x8aefbd57ef6d5d45
109,蔡智忠,5,2 週前,"好吃美味

",2022-11-21,https://www.google.com.tw/maps/place/%E7%AF%89%E9%96%93%E5%B9%B8%E7%A6%8F%E9%8D%8B%E7%89%A9+%E5%8F%B0%E5%8C%97%E5%8D%97%E4%BA%AC%E4%B8%80%E5%BA%97/data=!4m7!3m6!1s0x3442a9666e9f721d:0x8aefbd57ef6d5d45!8m2!3d25.0518598!4d121.5273867!16s%2Fg%2F11b7cqtsy0!19sChIJHXKfbmapQjQRRV1t71e974o?authuser=0&hl=zh-TW&rclk=1,0x3442a9666e9f721d:0x8aefbd57ef6d5d45
110,林紫微,5,2 週前,"上班前來吃一下 讚讚

",2022-11-21,https://www.google.com.tw/maps/place/%E7%AF%89%E9%96%93%E5%B9%B8%E7%A6%8F%E9%8D%8B%E7%89%A9+%E5%8F%B0%E5%8C%97%E5%8D%97%E4%BA%AC%E4%B8%80%E5%BA%97/data=!4m7!3m6!1s0x3442a9666e9f721d:0x8aefbd57ef6d5d45!8m2!3d25.0518598!4d121.5273867!16s%2Fg%2F11b7cqtsy0!19sChIJHXKfbmapQjQRRV1t71e974o?authuser=0&hl=zh-TW&rclk=1,0x3442a9666e9f721d:0x8aefbd57ef6d5d45
111,沈麗華,5,2 週前,,2022-11-21,https://www.google.com.tw/maps/place/%E7%AF%89%E9%96%93%E5%B9%B8%E7%A6%8F%E9%8D%8B%E7%89%A9+%E5%8F%B0%E5%8C%97%E5%8D%97%E4%BA%AC%E4%B8%80%E5%BA%97/data=!4m7!3m6!1s0x3442a9666e9f721d:0x8aefbd57ef6d5d45!8m2!3d25.0518598!4d121.5273867!16s%2Fg%2F11b7cqtsy0!19sChIJHXKfbmapQjQRRV1t71e974o?authuser=0&hl=zh-TW&rclk=1,0x3442a9666e9f721d:0x8aefbd57ef6d5d45
112,Jim Lu,5,2 週前,"齁甲

",2022-11-21,https://www.google.com.tw/maps/place/%E7%AF%89%E9%96%93%E5%B9%B8%E7%A6%8F%E9%8D%8B%E7%89%A9+%E5%8F%B0%E5%8C%97%E5%8D%97%E4%BA%AC%E4%B8%80%E5%BA%97/data=!4m7!3m6!1s0x3442a9666e9f721d:0x8aefbd57ef6d5d45!8m2!3d25.0518598!4d121.5273867!16s%2Fg%2F11b7cqtsy0!19sChIJHXKfbmapQjQRRV1t71e974o?authuser=0&hl=zh-TW&rclk=1,0x3442a9666e9f721d:0x8aefbd57ef6d5d45
113,changyi chen,5,2 週前,"打卡換肉

",2022-11-21,https://www.google.com.tw/maps/place/%E7%AF%89%E9%96%93%E5%B9%B8%E7%A6%8F%E9%8D%8B%E7%89%A9+%E5%8F%B0%E5%8C%97%E5%8D%97%E4%BA%AC%E4%B8%80%E5%BA%97/data=!4m7!3m6!1s0x3442a9666e9f721d:0x8aefbd57ef6d5d45!8m2!3d25.0518598!4d121.5273867!16s%2Fg%2F11b7cqtsy0!19sChIJHXKfbmapQjQRRV1t71e974o?authuser=0&hl=zh-TW&rclk=1,0x3442a9666e9f721d:0x8aefbd57ef6d5d45
114,曾郁翔,5,2 週前,,2022-11-21,https://www.google.com.tw/maps/place/%E7%AF%89%E9%96%93%E5%B9%B8%E7%A6%8F%E9%8D%8B%E7%89%A9+%E5%8F%B0%E5%8C%97%E5%8D%97%E4%BA%AC%E4%B8%80%E5%BA%97/data=!4m7!3m6!1s0x3442a9666e9f721d:0x8aefbd57ef6d5d45!8m2!3d25.0518598!4d121.5273867!16s%2Fg%2F11b7cqtsy0!19sChIJHXKfbmapQjQRRV1t71e974o?authuser=0&hl=zh-TW&rclk=1,0x3442a9666e9f721d:0x8aefbd57ef6d5d45
115,Perry Huang,5,2 週前,,2022-11-21,https://www.google.com.tw/maps/place/%E7%AF%89%E9%96%93%E5%B9%B8%E7%A6%8F%E9%8D%8B%E7%89%A9+%E5%8F%B0%E5%8C%97%E5%8D%97%E4%BA%AC%E4%B8%80%E5%BA%97/data=!4m7!3m6!1s0x3442a9666e9f721d:0x8aefbd57ef6d5d45!8m2!3d25.0518598!4d121.5273867!16s%2Fg%2F11b7cqtsy0!19sChIJHXKfbmapQjQRRV1t71e974o?authuser=0&hl=zh-TW&rclk=1,0x3442a9666e9f721d:0x8aefbd57ef6d5d45
116,ToMo Hsieh,5,2 週前,,2022-11-21,https://www.google.com.tw/maps/place/%E7%AF%89%E9%96%93%E5%B9%B8%E7%A6%8F%E9%8D%8B%E7%89%A9+%E5%8F%B0%E5%8C%97%E5%8D%97%E4%BA%AC%E4%B8%80%E5%BA%97/data=!4m7!3m6!1s0x3442a9666e9f721d:0x8aefbd57ef6d5d45!8m2!3d25.0518598!4d121.5273867!16s%2Fg%2F11b7cqtsy0!19sChIJHXKfbmapQjQRRV1t71e974o?authuser=0&hl=zh-TW&rclk=1,0x3442a9666e9f721d:0x8aefbd57ef6d5d45
117,徐子翔,5,2 週前,,2022-11-21,https://www.google.com.tw/maps/place/%E7%AF%89%E9%96%93%E5%B9%B8%E7%A6%8F%E9%8D%8B%E7%89%A9+%E5%8F%B0%E5%8C%97%E5%8D%97%E4%BA%AC%E4%B8%80%E5%BA%97/data=!4m7!3m6!1s0x3442a9666e9f721d:0x8aefbd57ef6d5d45!8m2!3d25.0518598!4d121.5273867!16s%2Fg%2F11b7cqtsy0!19sChIJHXKfbmapQjQRRV1t71e974o?authuser=0&hl=zh-TW&rclk=1,0x3442a9666e9f721d:0x8aefbd57ef6d5d45
118,Eric Lee,5,2 週前,"(由 Google 提供翻譯) 好的！  
  
(原始評論)  
Good!

",2022-11-21,https://www.google.com.tw/maps/place/%E7%AF%89%E9%96%93%E5%B9%B8%E7%A6%8F%E9%8D%8B%E7%89%A9+%E5%8F%B0%E5%8C%97%E5%8D%97%E4%BA%AC%E4%B8%80%E5%BA%97/data=!4m7!3m6!1s0x3442a9666e9f721d:0x8aefbd57ef6d5d45!8m2!3d25.0518598!4d121.5273867!16s%2Fg%2F11b7cqtsy0!19sChIJHXKfbmapQjQRRV1t71e974o?authuser=0&hl=zh-TW&rclk=1,0x3442a9666e9f721d:0x8aefbd57ef6d5d45
119,TOBIAS LIN,5,2 週前,"(由 Google 提供翻譯) 好好  
  
(原始評論)  
Good good

",2022-11-21,https://www.google.com.tw/maps/place/%E7%AF%89%E9%96%93%E5%B9%B8%E7%A6%8F%E9%8D%8B%E7%89%A9+%E5%8F%B0%E5%8C%97%E5%8D%97%E4%BA%AC%E4%B8%80%E5%BA%97/data=!4m7!3m6!1s0x3442a9666e9f721d:0x8aefbd57ef6d5d45!8m2!3d25.0518598!4d121.5273867!16s%2Fg%2F11b7cqtsy0!19sChIJHXKfbmapQjQRRV1t71e974o?authuser=0&hl=zh-TW&rclk=1,0x3442a9666e9f721d:0x8aefbd57ef6d5d45
120,Emma L,2,2 週前,"升級自助蔬食自助吧精緻度降低很多，點了牛五花每片肉都短短小小，跟豬五花擺在一起根本七爺八爺，品質越來越退步了

",2022-11-21,https://www.google.com.tw/maps/place/%E7%AF%89%E9%96%93%E5%B9%B8%E7%A6%8F%E9%8D%8B%E7%89%A9+%E5%8F%B0%E5%8C%97%E5%8D%97%E4%BA%AC%E4%B8%80%E5%BA%97/data=!4m7!3m6!1s0x3442a9666e9f721d:0x8aefbd57ef6d5d45!8m2!3d25.0518598!4d121.5273867!16s%2Fg%2F11b7cqtsy0!19sChIJHXKfbmapQjQRRV1t71e974o?authuser=0&hl=zh-TW&rclk=1,0x3442a9666e9f721d:0x8aefbd57ef6d5d45
121,Kao Bison,5,2 週前,"加倍量

",2022-11-21,https://www.google.com.tw/maps/place/%E7%AF%89%E9%96%93%E5%B9%B8%E7%A6%8F%E9%8D%8B%E7%89%A9+%E5%8F%B0%E5%8C%97%E5%8D%97%E4%BA%AC%E4%B8%80%E5%BA%97/data=!4m7!3m6!1s0x3442a9666e9f721d:0x8aefbd57ef6d5d45!8m2!3d25.0518598!4d121.5273867!16s%2Fg%2F11b7cqtsy0!19sChIJHXKfbmapQjQRRV1t71e974o?authuser=0&hl=zh-TW&rclk=1,0x3442a9666e9f721d:0x8aefbd57ef6d5d45
122,宋柏毅,4,2 週前,,2022-11-21,https://www.google.com.tw/maps/place/%E7%AF%89%E9%96%93%E5%B9%B8%E7%A6%8F%E9%8D%8B%E7%89%A9+%E5%8F%B0%E5%8C%97%E5%8D%97%E4%BA%AC%E4%B8%80%E5%BA%97/data=!4m7!3m6!1s0x3442a9666e9f721d:0x8aefbd57ef6d5d45!8m2!3d25.0518598!4d121.5273867!16s%2Fg%2F11b7cqtsy0!19sChIJHXKfbmapQjQRRV1t71e974o?authuser=0&hl=zh-TW&rclk=1,0x3442a9666e9f721d:0x8aefbd57ef6d5d45
123,Billy Chen,5,2 週前,,2022-11-21,https://www.google.com.tw/maps/place/%E7%AF%89%E9%96%93%E5%B9%B8%E7%A6%8F%E9%8D%8B%E7%89%A9+%E5%8F%B0%E5%8C%97%E5%8D%97%E4%BA%AC%E4%B8%80%E5%BA%97/data=!4m7!3m6!1s0x3442a9666e9f721d:0x8aefbd57ef6d5d45!8m2!3d25.0518598!4d121.5273867!16s%2Fg%2F11b7cqtsy0!19sChIJHXKfbmapQjQRRV1t71e974o?authuser=0&hl=zh-TW&rclk=1,0x3442a9666e9f721d:0x8aefbd57ef6d5d45
124,RouJie Huang,5,3 週前,"一直是我火鍋店的首選，奶香好喝！

",2022-11-21,https://www.google.com.tw/maps/place/%E7%AF%89%E9%96%93%E5%B9%B8%E7%A6%8F%E9%8D%8B%E7%89%A9+%E5%8F%B0%E5%8C%97%E5%8D%97%E4%BA%AC%E4%B8%80%E5%BA%97/data=!4m7!3m6!1s0x3442a9666e9f721d:0x8aefbd57ef6d5d45!8m2!3d25.0518598!4d121.5273867!16s%2Fg%2F11b7cqtsy0!19sChIJHXKfbmapQjQRRV1t71e974o?authuser=0&hl=zh-TW&rclk=1,0x3442a9666e9f721d:0x8aefbd57ef6d5d45
125,桐ヶ谷湊,5,3 週前,,2022-11-21,https://www.google.com.tw/maps/place/%E7%AF%89%E9%96%93%E5%B9%B8%E7%A6%8F%E9%8D%8B%E7%89%A9+%E5%8F%B0%E5%8C%97%E5%8D%97%E4%BA%AC%E4%B8%80%E5%BA%97/data=!4m7!3m6!1s0x3442a9666e9f721d:0x8aefbd57ef6d5d45!8m2!3d25.0518598!4d121.5273867!16s%2Fg%2F11b7cqtsy0!19sChIJHXKfbmapQjQRRV1t71e974o?authuser=0&hl=zh-TW&rclk=1,0x3442a9666e9f721d:0x8aefbd57ef6d5d45
126,盧瑞麒,5,3 週前,"用餐環境舒服 肉品新鮮

",2022-11-21,https://www.google.com.tw/maps/place/%E7%AF%89%E9%96%93%E5%B9%B8%E7%A6%8F%E9%8D%8B%E7%89%A9+%E5%8F%B0%E5%8C%97%E5%8D%97%E4%BA%AC%E4%B8%80%E5%BA%97/data=!4m7!3m6!1s0x3442a9666e9f721d:0x8aefbd57ef6d5d45!8m2!3d25.0518598!4d121.5273867!16s%2Fg%2F11b7cqtsy0!19sChIJHXKfbmapQjQRRV1t71e974o?authuser=0&hl=zh-TW&rclk=1,0x3442a9666e9f721d:0x8aefbd57ef6d5d45
127,王詩虎（小虎）,5,3 週前,,2022-11-21,https://www.google.com.tw/maps/place/%E7%AF%89%E9%96%93%E5%B9%B8%E7%A6%8F%E9%8D%8B%E7%89%A9+%E5%8F%B0%E5%8C%97%E5%8D%97%E4%BA%AC%E4%B8%80%E5%BA%97/data=!4m7!3m6!1s0x3442a9666e9f721d:0x8aefbd57ef6d5d45!8m2!3d25.0518598!4d121.5273867!16s%2Fg%2F11b7cqtsy0!19sChIJHXKfbmapQjQRRV1t71e974o?authuser=0&hl=zh-TW&rclk=1,0x3442a9666e9f721d:0x8aefbd57ef6d5d45
128,Go. L.,5,3 週前,"很棒

",2022-11-21,https://www.google.com.tw/maps/place/%E7%AF%89%E9%96%93%E5%B9%B8%E7%A6%8F%E9%8D%8B%E7%89%A9+%E5%8F%B0%E5%8C%97%E5%8D%97%E4%BA%AC%E4%B8%80%E5%BA%97/data=!4m7!3m6!1s0x3442a9666e9f721d:0x8aefbd57ef6d5d45!8m2!3d25.0518598!4d121.5273867!16s%2Fg%2F11b7cqtsy0!19sChIJHXKfbmapQjQRRV1t71e974o?authuser=0&hl=zh-TW&rclk=1,0x3442a9666e9f721d:0x8aefbd57ef6d5d45
129,趙承灝,5,3 週前,,2022-11-21,https://www.google.com.tw/maps/place/%E7%AF%89%E9%96%93%E5%B9%B8%E7%A6%8F%E9%8D%8B%E7%89%A9+%E5%8F%B0%E5%8C%97%E5%8D%97%E4%BA%AC%E4%B8%80%E5%BA%97/data=!4m7!3m6!1s0x3442a9666e9f721d:0x8aefbd57ef6d5d45!8m2!3d25.0518598!4d121.5273867!16s%2Fg%2F11b7cqtsy0!19sChIJHXKfbmapQjQRRV1t71e974o?authuser=0&hl=zh-TW&rclk=1,0x3442a9666e9f721d:0x8aefbd57ef6d5d45
130,辜煌傑,5,3 週前,"好吃

",2022-11-21,https://www.google.com.tw/maps/place/%E7%AF%89%E9%96%93%E5%B9%B8%E7%A6%8F%E9%8D%8B%E7%89%A9+%E5%8F%B0%E5%8C%97%E5%8D%97%E4%BA%AC%E4%B8%80%E5%BA%97/data=!4m7!3m6!1s0x3442a9666e9f721d:0x8aefbd57ef6d5d45!8m2!3d25.0518598!4d121.5273867!16s%2Fg%2F11b7cqtsy0!19sChIJHXKfbmapQjQRRV1t71e974o?authuser=0&hl=zh-TW&rclk=1,0x3442a9666e9f721d:0x8aefbd57ef6d5d45
131,盧昱憲,5,3 週前,"好吃

",2022-11-21,https://www.google.com.tw/maps/place/%E7%AF%89%E9%96%93%E5%B9%B8%E7%A6%8F%E9%8D%8B%E7%89%A9+%E5%8F%B0%E5%8C%97%E5%8D%97%E4%BA%AC%E4%B8%80%E5%BA%97/data=!4m7!3m6!1s0x3442a9666e9f721d:0x8aefbd57ef6d5d45!8m2!3d25.0518598!4d121.5273867!16s%2Fg%2F11b7cqtsy0!19sChIJHXKfbmapQjQRRV1t71e974o?authuser=0&hl=zh-TW&rclk=1,0x3442a9666e9f721d:0x8aefbd57ef6d5d45
132,葉德霖,5,3 週前,,2022-11-21,https://www.google.com.tw/maps/place/%E7%AF%89%E9%96%93%E5%B9%B8%E7%A6%8F%E9%8D%8B%E7%89%A9+%E5%8F%B0%E5%8C%97%E5%8D%97%E4%BA%AC%E4%B8%80%E5%BA%97/data=!4m7!3m6!1s0x3442a9666e9f721d:0x8aefbd57ef6d5d45!8m2!3d25.0518598!4d121.5273867!16s%2Fg%2F11b7cqtsy0!19sChIJHXKfbmapQjQRRV1t71e974o?authuser=0&hl=zh-TW&rclk=1,0x3442a9666e9f721d:0x8aefbd57ef6d5d45
133,郭兆銓,5,3 週前,"一定是大拇指

",2022-11-21,https://www.google.com.tw/maps/place/%E7%AF%89%E9%96%93%E5%B9%B8%E7%A6%8F%E9%8D%8B%E7%89%A9+%E5%8F%B0%E5%8C%97%E5%8D%97%E4%BA%AC%E4%B8%80%E5%BA%97/data=!4m7!3m6!1s0x3442a9666e9f721d:0x8aefbd57ef6d5d45!8m2!3d25.0518598!4d121.5273867!16s%2Fg%2F11b7cqtsy0!19sChIJHXKfbmapQjQRRV1t71e974o?authuser=0&hl=zh-TW&rclk=1,0x3442a9666e9f721d:0x8aefbd57ef6d5d45
134,Hsu Allen,5,3 週前,"

",2022-11-21,https://www.google.com.tw/maps/place/%E7%AF%89%E9%96%93%E5%B9%B8%E7%A6%8F%E9%8D%8B%E7%89%A9+%E5%8F%B0%E5%8C%97%E5%8D%97%E4%BA%AC%E4%B8%80%E5%BA%97/data=!4m7!3m6!1s0x3442a9666e9f721d:0x8aefbd57ef6d5d45!8m2!3d25.0518598!4d121.5273867!16s%2Fg%2F11b7cqtsy0!19sChIJHXKfbmapQjQRRV1t71e974o?authuser=0&hl=zh-TW&rclk=1,0x3442a9666e9f721d:0x8aefbd57ef6d5d45
135,Nick Lai,5,3 週前,"好吃

",2022-11-21,https://www.google.com.tw/maps/place/%E7%AF%89%E9%96%93%E5%B9%B8%E7%A6%8F%E9%8D%8B%E7%89%A9+%E5%8F%B0%E5%8C%97%E5%8D%97%E4%BA%AC%E4%B8%80%E5%BA%97/data=!4m7!3m6!1s0x3442a9666e9f721d:0x8aefbd57ef6d5d45!8m2!3d25.0518598!4d121.5273867!16s%2Fg%2F11b7cqtsy0!19sChIJHXKfbmapQjQRRV1t71e974o?authuser=0&hl=zh-TW&rclk=1,0x3442a9666e9f721d:0x8aefbd57ef6d5d45
136,Sky,5,3 週前,"肚子餓來絕對吃得飽

",2022-11-21,https://www.google.com.tw/maps/place/%E7%AF%89%E9%96%93%E5%B9%B8%E7%A6%8F%E9%8D%8B%E7%89%A9+%E5%8F%B0%E5%8C%97%E5%8D%97%E4%BA%AC%E4%B8%80%E5%BA%97/data=!4m7!3m6!1s0x3442a9666e9f721d:0x8aefbd57ef6d5d45!8m2!3d25.0518598!4d121.5273867!16s%2Fg%2F11b7cqtsy0!19sChIJHXKfbmapQjQRRV1t71e974o?authuser=0&hl=zh-TW&rclk=1,0x3442a9666e9f721d:0x8aefbd57ef6d5d45
137,洪宜湘,5,3 週前,"餐點好吃

",2022-11-21,https://www.google.com.tw/maps/place/%E7%AF%89%E9%96%93%E5%B9%B8%E7%A6%8F%E9%8D%8B%E7%89%A9+%E5%8F%B0%E5%8C%97%E5%8D%97%E4%BA%AC%E4%B8%80%E5%BA%97/data=!4m7!3m6!1s0x3442a9666e9f721d:0x8aefbd57ef6d5d45!8m2!3d25.0518598!4d121.5273867!16s%2Fg%2F11b7cqtsy0!19sChIJHXKfbmapQjQRRV1t71e974o?authuser=0&hl=zh-TW&rclk=1,0x3442a9666e9f721d:0x8aefbd57ef6d5d45
138,高廷,5,3 週前,"讚讚

",2022-11-21,https://www.google.com.tw/maps/place/%E7%AF%89%E9%96%93%E5%B9%B8%E7%A6%8F%E9%8D%8B%E7%89%A9+%E5%8F%B0%E5%8C%97%E5%8D%97%E4%BA%AC%E4%B8%80%E5%BA%97/data=!4m7!3m6!1s0x3442a9666e9f721d:0x8aefbd57ef6d5d45!8m2!3d25.0518598!4d121.5273867!16s%2Fg%2F11b7cqtsy0!19sChIJHXKfbmapQjQRRV1t71e974o?authuser=0&hl=zh-TW&rclk=1,0x3442a9666e9f721d:0x8aefbd57ef6d5d45
139,Lu lu,5,3 週前,"好吃

",2022-11-21,https://www.google.com.tw/maps/place/%E7%AF%89%E9%96%93%E5%B9%B8%E7%A6%8F%E9%8D%8B%E7%89%A9+%E5%8F%B0%E5%8C%97%E5%8D%97%E4%BA%AC%E4%B8%80%E5%BA%97/data=!4m7!3m6!1s0x3442a9666e9f721d:0x8aefbd57ef6d5d45!8m2!3d25.0518598!4d121.5273867!16s%2Fg%2F11b7cqtsy0!19sChIJHXKfbmapQjQRRV1t71e974o?authuser=0&hl=zh-TW&rclk=1,0x3442a9666e9f721d:0x8aefbd57ef6d5d45
140,Sheng-Hsun Hsiao,5,3 週前,,2022-11-21,https://www.google.com.tw/maps/place/%E7%AF%89%E9%96%93%E5%B9%B8%E7%A6%8F%E9%8D%8B%E7%89%A9+%E5%8F%B0%E5%8C%97%E5%8D%97%E4%BA%AC%E4%B8%80%E5%BA%97/data=!4m7!3m6!1s0x3442a9666e9f721d:0x8aefbd57ef6d5d45!8m2!3d25.0518598!4d121.5273867!16s%2Fg%2F11b7cqtsy0!19sChIJHXKfbmapQjQRRV1t71e974o?authuser=0&hl=zh-TW&rclk=1,0x3442a9666e9f721d:0x8aefbd57ef6d5d45
141,Chin Hoe wee,5,3 週前,,2022-11-21,https://www.google.com.tw/maps/place/%E7%AF%89%E9%96%93%E5%B9%B8%E7%A6%8F%E9%8D%8B%E7%89%A9+%E5%8F%B0%E5%8C%97%E5%8D%97%E4%BA%AC%E4%B8%80%E5%BA%97/data=!4m7!3m6!1s0x3442a9666e9f721d:0x8aefbd57ef6d5d45!8m2!3d25.0518598!4d121.5273867!16s%2Fg%2F11b7cqtsy0!19sChIJHXKfbmapQjQRRV1t71e974o?authuser=0&hl=zh-TW&rclk=1,0x3442a9666e9f721d:0x8aefbd57ef6d5d45
142,陳映彤,5,3 週前,"太棒了 環境及服務態度都很佳 還有打卡送肉的活動！

",2022-11-21,https://www.google.com.tw/maps/place/%E7%AF%89%E9%96%93%E5%B9%B8%E7%A6%8F%E9%8D%8B%E7%89%A9+%E5%8F%B0%E5%8C%97%E5%8D%97%E4%BA%AC%E4%B8%80%E5%BA%97/data=!4m7!3m6!1s0x3442a9666e9f721d:0x8aefbd57ef6d5d45!8m2!3d25.0518598!4d121.5273867!16s%2Fg%2F11b7cqtsy0!19sChIJHXKfbmapQjQRRV1t71e974o?authuser=0&hl=zh-TW&rclk=1,0x3442a9666e9f721d:0x8aefbd57ef6d5d45
143,劉冠廷,5,3 週前,"好吃

",2022-11-21,https://www.google.com.tw/maps/place/%E7%AF%89%E9%96%93%E5%B9%B8%E7%A6%8F%E9%8D%8B%E7%89%A9+%E5%8F%B0%E5%8C%97%E5%8D%97%E4%BA%AC%E4%B8%80%E5%BA%97/data=!4m7!3m6!1s0x3442a9666e9f721d:0x8aefbd57ef6d5d45!8m2!3d25.0518598!4d121.5273867!16s%2Fg%2F11b7cqtsy0!19sChIJHXKfbmapQjQRRV1t71e974o?authuser=0&hl=zh-TW&rclk=1,0x3442a9666e9f721d:0x8aefbd57ef6d5d45
144,周昇頡,5,3 週前,"好吃！

",2022-11-21,https://www.google.com.tw/maps/place/%E7%AF%89%E9%96%93%E5%B9%B8%E7%A6%8F%E9%8D%8B%E7%89%A9+%E5%8F%B0%E5%8C%97%E5%8D%97%E4%BA%AC%E4%B8%80%E5%BA%97/data=!4m7!3m6!1s0x3442a9666e9f721d:0x8aefbd57ef6d5d45!8m2!3d25.0518598!4d121.5273867!16s%2Fg%2F11b7cqtsy0!19sChIJHXKfbmapQjQRRV1t71e974o?authuser=0&hl=zh-TW&rclk=1,0x3442a9666e9f721d:0x8aefbd57ef6d5d45
145,張馨方,5,3 週前,"(由 Google 提供翻譯) 好吃！  
  
(原始評論)  
好吃！

",2022-11-21,https://www.google.com.tw/maps/place/%E7%AF%89%E9%96%93%E5%B9%B8%E7%A6%8F%E9%8D%8B%E7%89%A9+%E5%8F%B0%E5%8C%97%E5%8D%97%E4%BA%AC%E4%B8%80%E5%BA%97/data=!4m7!3m6!1s0x3442a9666e9f721d:0x8aefbd57ef6d5d45!8m2!3d25.0518598!4d121.5273867!16s%2Fg%2F11b7cqtsy0!19sChIJHXKfbmapQjQRRV1t71e974o?authuser=0&hl=zh-TW&rclk=1,0x3442a9666e9f721d:0x8aefbd57ef6d5d45
146,賴柏威,5,3 週前,"想吃很久了 沒想到這麼驚艷！  
湯頭好好喝 肉好好吃

",2022-11-21,https://www.google.com.tw/maps/place/%E7%AF%89%E9%96%93%E5%B9%B8%E7%A6%8F%E9%8D%8B%E7%89%A9+%E5%8F%B0%E5%8C%97%E5%8D%97%E4%BA%AC%E4%B8%80%E5%BA%97/data=!4m7!3m6!1s0x3442a9666e9f721d:0x8aefbd57ef6d5d45!8m2!3d25.0518598!4d121.5273867!16s%2Fg%2F11b7cqtsy0!19sChIJHXKfbmapQjQRRV1t71e974o?authuser=0&hl=zh-TW&rclk=1,0x3442a9666e9f721d:0x8aefbd57ef6d5d45
147,蒨蒨,5,3 週前,,2022-11-21,https://www.google.com.tw/maps/place/%E7%AF%89%E9%96%93%E5%B9%B8%E7%A6%8F%E9%8D%8B%E7%89%A9+%E5%8F%B0%E5%8C%97%E5%8D%97%E4%BA%AC%E4%B8%80%E5%BA%97/data=!4m7!3m6!1s0x3442a9666e9f721d:0x8aefbd57ef6d5d45!8m2!3d25.0518598!4d121.5273867!16s%2Fg%2F11b7cqtsy0!19sChIJHXKfbmapQjQRRV1t71e974o?authuser=0&hl=zh-TW&rclk=1,0x3442a9666e9f721d:0x8aefbd57ef6d5d45
148,林沛佳,5,3 週前,,2022-11-21,https://www.google.com.tw/maps/place/%E7%AF%89%E9%96%93%E5%B9%B8%E7%A6%8F%E9%8D%8B%E7%89%A9+%E5%8F%B0%E5%8C%97%E5%8D%97%E4%BA%AC%E4%B8%80%E5%BA%97/data=!4m7!3m6!1s0x3442a9666e9f721d:0x8aefbd57ef6d5d45!8m2!3d25.0518598!4d121.5273867!16s%2Fg%2F11b7cqtsy0!19sChIJHXKfbmapQjQRRV1t71e974o?authuser=0&hl=zh-TW&rclk=1,0x3442a9666e9f721d:0x8aefbd57ef6d5d45
149,蘇子葳,5,3 週前,,2022-11-21,https://www.google.com.tw/maps/place/%E7%AF%89%E9%96%93%E5%B9%B8%E7%A6%8F%E9%8D%8B%E7%89%A9+%E5%8F%B0%E5%8C%97%E5%8D%97%E4%BA%AC%E4%B8%80%E5%BA%97/data=!4m7!3m6!1s0x3442a9666e9f721d:0x8aefbd57ef6d5d45!8m2!3d25.0518598!4d121.5273867!16s%2Fg%2F11b7cqtsy0!19sChIJHXKfbmapQjQRRV1t71e974o?authuser=0&hl=zh-TW&rclk=1,0x3442a9666e9f721d:0x8aefbd57ef6d5d45
150,Hall Chen,5,3 週前,,2022-11-21,https://www.google.com.tw/maps/place/%E7%AF%89%E9%96%93%E5%B9%B8%E7%A6%8F%E9%8D%8B%E7%89%A9+%E5%8F%B0%E5%8C%97%E5%8D%97%E4%BA%AC%E4%B8%80%E5%BA%97/data=!4m7!3m6!1s0x3442a9666e9f721d:0x8aefbd57ef6d5d45!8m2!3d25.0518598!4d121.5273867!16s%2Fg%2F11b7cqtsy0!19sChIJHXKfbmapQjQRRV1t71e974o?authuser=0&hl=zh-TW&rclk=1,0x3442a9666e9f721d:0x8aefbd57ef6d5d45
151,黃聖,4,3 週前,,2022-11-21,https://www.google.com.tw/maps/place/%E7%AF%89%E9%96%93%E5%B9%B8%E7%A6%8F%E9%8D%8B%E7%89%A9+%E5%8F%B0%E5%8C%97%E5%8D%97%E4%BA%AC%E4%B8%80%E5%BA%97/data=!4m7!3m6!1s0x3442a9666e9f721d:0x8aefbd57ef6d5d45!8m2!3d25.0518598!4d121.5273867!16s%2Fg%2F11b7cqtsy0!19sChIJHXKfbmapQjQRRV1t71e974o?authuser=0&hl=zh-TW&rclk=1,0x3442a9666e9f721d:0x8aefbd57ef6d5d45
152,Hsin Ta Chou,4,3 週前,,2022-11-21,https://www.google.com.tw/maps/place/%E7%AF%89%E9%96%93%E5%B9%B8%E7%A6%8F%E9%8D%8B%E7%89%A9+%E5%8F%B0%E5%8C%97%E5%8D%97%E4%BA%AC%E4%B8%80%E5%BA%97/data=!4m7!3m6!1s0x3442a9666e9f721d:0x8aefbd57ef6d5d45!8m2!3d25.0518598!4d121.5273867!16s%2Fg%2F11b7cqtsy0!19sChIJHXKfbmapQjQRRV1t71e974o?authuser=0&hl=zh-TW&rclk=1,0x3442a9666e9f721d:0x8aefbd57ef6d5d45
153,嘿嚕嚕,5,3 週前,"服務態度非常好 東西新鮮湯頭多元！好吃 價位評價CP值高！推！

",2022-11-21,https://www.google.com.tw/maps/place/%E7%AF%89%E9%96%93%E5%B9%B8%E7%A6%8F%E9%8D%8B%E7%89%A9+%E5%8F%B0%E5%8C%97%E5%8D%97%E4%BA%AC%E4%B8%80%E5%BA%97/data=!4m7!3m6!1s0x3442a9666e9f721d:0x8aefbd57ef6d5d45!8m2!3d25.0518598!4d121.5273867!16s%2Fg%2F11b7cqtsy0!19sChIJHXKfbmapQjQRRV1t71e974o?authuser=0&hl=zh-TW&rclk=1,0x3442a9666e9f721d:0x8aefbd57ef6d5d45
154,Seven Chen,5,3 週前,,2022-11-21,https://www.google.com.tw/maps/place/%E7%AF%89%E9%96%93%E5%B9%B8%E7%A6%8F%E9%8D%8B%E7%89%A9+%E5%8F%B0%E5%8C%97%E5%8D%97%E4%BA%AC%E4%B8%80%E5%BA%97/data=!4m7!3m6!1s0x3442a9666e9f721d:0x8aefbd57ef6d5d45!8m2!3d25.0518598!4d121.5273867!16s%2Fg%2F11b7cqtsy0!19sChIJHXKfbmapQjQRRV1t71e974o?authuser=0&hl=zh-TW&rclk=1,0x3442a9666e9f721d:0x8aefbd57ef6d5d45
155,趙盈舜,5,3 週前,"讚讚

",2022-11-21,https://www.google.com.tw/maps/place/%E7%AF%89%E9%96%93%E5%B9%B8%E7%A6%8F%E9%8D%8B%E7%89%A9+%E5%8F%B0%E5%8C%97%E5%8D%97%E4%BA%AC%E4%B8%80%E5%BA%97/data=!4m7!3m6!1s0x3442a9666e9f721d:0x8aefbd57ef6d5d45!8m2!3d25.0518598!4d121.5273867!16s%2Fg%2F11b7cqtsy0!19sChIJHXKfbmapQjQRRV1t71e974o?authuser=0&hl=zh-TW&rclk=1,0x3442a9666e9f721d:0x8aefbd57ef6d5d45
156,mgynn wooo,4,3 週前,"蔬菜新鮮多樣、冰淇淋口味多樣、飲料區飲品多樣，吃完不會全身臭臭

",2022-11-21,https://www.google.com.tw/maps/place/%E7%AF%89%E9%96%93%E5%B9%B8%E7%A6%8F%E9%8D%8B%E7%89%A9+%E5%8F%B0%E5%8C%97%E5%8D%97%E4%BA%AC%E4%B8%80%E5%BA%97/data=!4m7!3m6!1s0x3442a9666e9f721d:0x8aefbd57ef6d5d45!8m2!3d25.0518598!4d121.5273867!16s%2Fg%2F11b7cqtsy0!19sChIJHXKfbmapQjQRRV1t71e974o?authuser=0&hl=zh-TW&rclk=1,0x3442a9666e9f721d:0x8aefbd57ef6d5d45
157,蔡承恩,5,3 週前,"沒有像忠孝二店人那麼誇張多，晚上10.半左右入座，環境很舒適，一樣有自助吧，菜盤雖然選擇比較少，且走道的設計上偏窄，但冰淇淋超級好挖，而且量幾乎都是滿的，直接把Oreo口味吃爛！爽啊刺啊！其他品項跟其他分店差不多，值得二訪！

",2022-11-21,https://www.google.com.tw/maps/place/%E7%AF%89%E9%96%93%E5%B9%B8%E7%A6%8F%E9%8D%8B%E7%89%A9+%E5%8F%B0%E5%8C%97%E5%8D%97%E4%BA%AC%E4%B8%80%E5%BA%97/data=!4m7!3m6!1s0x3442a9666e9f721d:0x8aefbd57ef6d5d45!8m2!3d25.0518598!4d121.5273867!16s%2Fg%2F11b7cqtsy0!19sChIJHXKfbmapQjQRRV1t71e974o?authuser=0&hl=zh-TW&rclk=1,0x3442a9666e9f721d:0x8aefbd57ef6d5d45
158,Yusheng Hung,5,3 週前,"讚讚讚

",2022-11-21,https://www.google.com.tw/maps/place/%E7%AF%89%E9%96%93%E5%B9%B8%E7%A6%8F%E9%8D%8B%E7%89%A9+%E5%8F%B0%E5%8C%97%E5%8D%97%E4%BA%AC%E4%B8%80%E5%BA%97/data=!4m7!3m6!1s0x3442a9666e9f721d:0x8aefbd57ef6d5d45!8m2!3d25.0518598!4d121.5273867!16s%2Fg%2F11b7cqtsy0!19sChIJHXKfbmapQjQRRV1t71e974o?authuser=0&hl=zh-TW&rclk=1,0x3442a9666e9f721d:0x8aefbd57ef6d5d45
159,俊傑高,5,3 週前,"宵夜好所在

",2022-11-21,https://www.google.com.tw/maps/place/%E7%AF%89%E9%96%93%E5%B9%B8%E7%A6%8F%E9%8D%8B%E7%89%A9+%E5%8F%B0%E5%8C%97%E5%8D%97%E4%BA%AC%E4%B8%80%E5%BA%97/data=!4m7!3m6!1s0x3442a9666e9f721d:0x8aefbd57ef6d5d45!8m2!3d25.0518598!4d121.5273867!16s%2Fg%2F11b7cqtsy0!19sChIJHXKfbmapQjQRRV1t71e974o?authuser=0&hl=zh-TW&rclk=1,0x3442a9666e9f721d:0x8aefbd57ef6d5d45
160,陳健宇-,5,3 週前,,2022-11-21,https://www.google.com.tw/maps/place/%E7%AF%89%E9%96%93%E5%B9%B8%E7%A6%8F%E9%8D%8B%E7%89%A9+%E5%8F%B0%E5%8C%97%E5%8D%97%E4%BA%AC%E4%B8%80%E5%BA%97/data=!4m7!3m6!1s0x3442a9666e9f721d:0x8aefbd57ef6d5d45!8m2!3d25.0518598!4d121.5273867!16s%2Fg%2F11b7cqtsy0!19sChIJHXKfbmapQjQRRV1t71e974o?authuser=0&hl=zh-TW&rclk=1,0x3442a9666e9f721d:0x8aefbd57ef6d5d45
161,楊雅斐,5,3 週前,"很棒很棒很棒

",2022-11-21,https://www.google.com.tw/maps/place/%E7%AF%89%E9%96%93%E5%B9%B8%E7%A6%8F%E9%8D%8B%E7%89%A9+%E5%8F%B0%E5%8C%97%E5%8D%97%E4%BA%AC%E4%B8%80%E5%BA%97/data=!4m7!3m6!1s0x3442a9666e9f721d:0x8aefbd57ef6d5d45!8m2!3d25.0518598!4d121.5273867!16s%2Fg%2F11b7cqtsy0!19sChIJHXKfbmapQjQRRV1t71e974o?authuser=0&hl=zh-TW&rclk=1,0x3442a9666e9f721d:0x8aefbd57ef6d5d45
162,浡鈞洪,5,3 週前,"東西新鮮好吃

",2022-11-21,https://www.google.com.tw/maps/place/%E7%AF%89%E9%96%93%E5%B9%B8%E7%A6%8F%E9%8D%8B%E7%89%A9+%E5%8F%B0%E5%8C%97%E5%8D%97%E4%BA%AC%E4%B8%80%E5%BA%97/data=!4m7!3m6!1s0x3442a9666e9f721d:0x8aefbd57ef6d5d45!8m2!3d25.0518598!4d121.5273867!16s%2Fg%2F11b7cqtsy0!19sChIJHXKfbmapQjQRRV1t71e974o?authuser=0&hl=zh-TW&rclk=1,0x3442a9666e9f721d:0x8aefbd57ef6d5d45
163,白維哲,5,3 週前,"好吃好吃

",2022-11-21,https://www.google.com.tw/maps/place/%E7%AF%89%E9%96%93%E5%B9%B8%E7%A6%8F%E9%8D%8B%E7%89%A9+%E5%8F%B0%E5%8C%97%E5%8D%97%E4%BA%AC%E4%B8%80%E5%BA%97/data=!4m7!3m6!1s0x3442a9666e9f721d:0x8aefbd57ef6d5d45!8m2!3d25.0518598!4d121.5273867!16s%2Fg%2F11b7cqtsy0!19sChIJHXKfbmapQjQRRV1t71e974o?authuser=0&hl=zh-TW&rclk=1,0x3442a9666e9f721d:0x8aefbd57ef6d5d45
164,Minieyes Lai,5,3 週前,"好停車，食材新鮮，選擇多元，環境清潔。蔬菜自助的話記得不要浪費哦！

",2022-11-21,https://www.google.com.tw/maps/place/%E7%AF%89%E9%96%93%E5%B9%B8%E7%A6%8F%E9%8D%8B%E7%89%A9+%E5%8F%B0%E5%8C%97%E5%8D%97%E4%BA%AC%E4%B8%80%E5%BA%97/data=!4m7!3m6!1s0x3442a9666e9f721d:0x8aefbd57ef6d5d45!8m2!3d25.0518598!4d121.5273867!16s%2Fg%2F11b7cqtsy0!19sChIJHXKfbmapQjQRRV1t71e974o?authuser=0&hl=zh-TW&rclk=1,0x3442a9666e9f721d:0x8aefbd57ef6d5d45
165,LEO CHI,5,3 週前,"我最喜歡的小火鍋店

",2022-11-21,https://www.google.com.tw/maps/place/%E7%AF%89%E9%96%93%E5%B9%B8%E7%A6%8F%E9%8D%8B%E7%89%A9+%E5%8F%B0%E5%8C%97%E5%8D%97%E4%BA%AC%E4%B8%80%E5%BA%97/data=!4m7!3m6!1s0x3442a9666e9f721d:0x8aefbd57ef6d5d45!8m2!3d25.0518598!4d121.5273867!16s%2Fg%2F11b7cqtsy0!19sChIJHXKfbmapQjQRRV1t71e974o?authuser=0&hl=zh-TW&rclk=1,0x3442a9666e9f721d:0x8aefbd57ef6d5d45
166,Cheng-Yu Wu,5,3 週前,"好好吃～～^_^

",2022-11-21,https://www.google.com.tw/maps/place/%E7%AF%89%E9%96%93%E5%B9%B8%E7%A6%8F%E9%8D%8B%E7%89%A9+%E5%8F%B0%E5%8C%97%E5%8D%97%E4%BA%AC%E4%B8%80%E5%BA%97/data=!4m7!3m6!1s0x3442a9666e9f721d:0x8aefbd57ef6d5d45!8m2!3d25.0518598!4d121.5273867!16s%2Fg%2F11b7cqtsy0!19sChIJHXKfbmapQjQRRV1t71e974o?authuser=0&hl=zh-TW&rclk=1,0x3442a9666e9f721d:0x8aefbd57ef6d5d45
167,庭妤（TINY）,5,3 週前,"好了啦 超好吃

",2022-11-21,https://www.google.com.tw/maps/place/%E7%AF%89%E9%96%93%E5%B9%B8%E7%A6%8F%E9%8D%8B%E7%89%A9+%E5%8F%B0%E5%8C%97%E5%8D%97%E4%BA%AC%E4%B8%80%E5%BA%97/data=!4m7!3m6!1s0x3442a9666e9f721d:0x8aefbd57ef6d5d45!8m2!3d25.0518598!4d121.5273867!16s%2Fg%2F11b7cqtsy0!19sChIJHXKfbmapQjQRRV1t71e974o?authuser=0&hl=zh-TW&rclk=1,0x3442a9666e9f721d:0x8aefbd57ef6d5d45
168,陳奕璇,5,3 週前,,2022-11-21,https://www.google.com.tw/maps/place/%E7%AF%89%E9%96%93%E5%B9%B8%E7%A6%8F%E9%8D%8B%E7%89%A9+%E5%8F%B0%E5%8C%97%E5%8D%97%E4%BA%AC%E4%B8%80%E5%BA%97/data=!4m7!3m6!1s0x3442a9666e9f721d:0x8aefbd57ef6d5d45!8m2!3d25.0518598!4d121.5273867!16s%2Fg%2F11b7cqtsy0!19sChIJHXKfbmapQjQRRV1t71e974o?authuser=0&hl=zh-TW&rclk=1,0x3442a9666e9f721d:0x8aefbd57ef6d5d45
169,派大,5,3 週前,"不管吃了多少家  
還是這家我最愛

",2022-11-21,https://www.google.com.tw/maps/place/%E7%AF%89%E9%96%93%E5%B9%B8%E7%A6%8F%E9%8D%8B%E7%89%A9+%E5%8F%B0%E5%8C%97%E5%8D%97%E4%BA%AC%E4%B8%80%E5%BA%97/data=!4m7!3m6!1s0x3442a9666e9f721d:0x8aefbd57ef6d5d45!8m2!3d25.0518598!4d121.5273867!16s%2Fg%2F11b7cqtsy0!19sChIJHXKfbmapQjQRRV1t71e974o?authuser=0&hl=zh-TW&rclk=1,0x3442a9666e9f721d:0x8aefbd57ef6d5d45
170,Ann Yang,5,3 週前,"鮮菇奶香好吃 錢錢換肉肉

",2022-11-21,https://www.google.com.tw/maps/place/%E7%AF%89%E9%96%93%E5%B9%B8%E7%A6%8F%E9%8D%8B%E7%89%A9+%E5%8F%B0%E5%8C%97%E5%8D%97%E4%BA%AC%E4%B8%80%E5%BA%97/data=!4m7!3m6!1s0x3442a9666e9f721d:0x8aefbd57ef6d5d45!8m2!3d25.0518598!4d121.5273867!16s%2Fg%2F11b7cqtsy0!19sChIJHXKfbmapQjQRRV1t71e974o?authuser=0&hl=zh-TW&rclk=1,0x3442a9666e9f721d:0x8aefbd57ef6d5d45
171,Abus Sukluman,5,3 週前,,2022-11-21,https://www.google.com.tw/maps/place/%E7%AF%89%E9%96%93%E5%B9%B8%E7%A6%8F%E9%8D%8B%E7%89%A9+%E5%8F%B0%E5%8C%97%E5%8D%97%E4%BA%AC%E4%B8%80%E5%BA%97/data=!4m7!3m6!1s0x3442a9666e9f721d:0x8aefbd57ef6d5d45!8m2!3d25.0518598!4d121.5273867!16s%2Fg%2F11b7cqtsy0!19sChIJHXKfbmapQjQRRV1t71e974o?authuser=0&hl=zh-TW&rclk=1,0x3442a9666e9f721d:0x8aefbd57ef6d5d45
172,謝品謙,5,3 週前,,2022-11-21,https://www.google.com.tw/maps/place/%E7%AF%89%E9%96%93%E5%B9%B8%E7%A6%8F%E9%8D%8B%E7%89%A9+%E5%8F%B0%E5%8C%97%E5%8D%97%E4%BA%AC%E4%B8%80%E5%BA%97/data=!4m7!3m6!1s0x3442a9666e9f721d:0x8aefbd57ef6d5d45!8m2!3d25.0518598!4d121.5273867!16s%2Fg%2F11b7cqtsy0!19sChIJHXKfbmapQjQRRV1t71e974o?authuser=0&hl=zh-TW&rclk=1,0x3442a9666e9f721d:0x8aefbd57ef6d5d45
173,Reina,5,3 週前,"好吃

",2022-11-21,https://www.google.com.tw/maps/place/%E7%AF%89%E9%96%93%E5%B9%B8%E7%A6%8F%E9%8D%8B%E7%89%A9+%E5%8F%B0%E5%8C%97%E5%8D%97%E4%BA%AC%E4%B8%80%E5%BA%97/data=!4m7!3m6!1s0x3442a9666e9f721d:0x8aefbd57ef6d5d45!8m2!3d25.0518598!4d121.5273867!16s%2Fg%2F11b7cqtsy0!19sChIJHXKfbmapQjQRRV1t71e974o?authuser=0&hl=zh-TW&rclk=1,0x3442a9666e9f721d:0x8aefbd57ef6d5d45
174,陳禹均,5,3 週前,"好吃歐

",2022-11-21,https://www.google.com.tw/maps/place/%E7%AF%89%E9%96%93%E5%B9%B8%E7%A6%8F%E9%8D%8B%E7%89%A9+%E5%8F%B0%E5%8C%97%E5%8D%97%E4%BA%AC%E4%B8%80%E5%BA%97/data=!4m7!3m6!1s0x3442a9666e9f721d:0x8aefbd57ef6d5d45!8m2!3d25.0518598!4d121.5273867!16s%2Fg%2F11b7cqtsy0!19sChIJHXKfbmapQjQRRV1t71e974o?authuser=0&hl=zh-TW&rclk=1,0x3442a9666e9f721d:0x8aefbd57ef6d5d45
175,蔡坤林,5,3 週前,"目前改成自助式，來試看看。

",2022-11-21,https://www.google.com.tw/maps/place/%E7%AF%89%E9%96%93%E5%B9%B8%E7%A6%8F%E9%8D%8B%E7%89%A9+%E5%8F%B0%E5%8C%97%E5%8D%97%E4%BA%AC%E4%B8%80%E5%BA%97/data=!4m7!3m6!1s0x3442a9666e9f721d:0x8aefbd57ef6d5d45!8m2!3d25.0518598!4d121.5273867!16s%2Fg%2F11b7cqtsy0!19sChIJHXKfbmapQjQRRV1t71e974o?authuser=0&hl=zh-TW&rclk=1,0x3442a9666e9f721d:0x8aefbd57ef6d5d45
176,葉耿丞,5,3 週前,"三刷，好吃

",2022-11-21,https://www.google.com.tw/maps/place/%E7%AF%89%E9%96%93%E5%B9%B8%E7%A6%8F%E9%8D%8B%E7%89%A9+%E5%8F%B0%E5%8C%97%E5%8D%97%E4%BA%AC%E4%B8%80%E5%BA%97/data=!4m7!3m6!1s0x3442a9666e9f721d:0x8aefbd57ef6d5d45!8m2!3d25.0518598!4d121.5273867!16s%2Fg%2F11b7cqtsy0!19sChIJHXKfbmapQjQRRV1t71e974o?authuser=0&hl=zh-TW&rclk=1,0x3442a9666e9f721d:0x8aefbd57ef6d5d45
177,陳馬克,5,3 週前,"親切好鍋底 環境乾淨 用餐愉快

",2022-11-21,https://www.google.com.tw/maps/place/%E7%AF%89%E9%96%93%E5%B9%B8%E7%A6%8F%E9%8D%8B%E7%89%A9+%E5%8F%B0%E5%8C%97%E5%8D%97%E4%BA%AC%E4%B8%80%E5%BA%97/data=!4m7!3m6!1s0x3442a9666e9f721d:0x8aefbd57ef6d5d45!8m2!3d25.0518598!4d121.5273867!16s%2Fg%2F11b7cqtsy0!19sChIJHXKfbmapQjQRRV1t71e974o?authuser=0&hl=zh-TW&rclk=1,0x3442a9666e9f721d:0x8aefbd57ef6d5d45
178,Yunn,5,3 週前,,2022-11-21,https://www.google.com.tw/maps/place/%E7%AF%89%E9%96%93%E5%B9%B8%E7%A6%8F%E9%8D%8B%E7%89%A9+%E5%8F%B0%E5%8C%97%E5%8D%97%E4%BA%AC%E4%B8%80%E5%BA%97/data=!4m7!3m6!1s0x3442a9666e9f721d:0x8aefbd57ef6d5d45!8m2!3d25.0518598!4d121.5273867!16s%2Fg%2F11b7cqtsy0!19sChIJHXKfbmapQjQRRV1t71e974o?authuser=0&hl=zh-TW&rclk=1,0x3442a9666e9f721d:0x8aefbd57ef6d5d45
179,王琦,2,3 週前,"飲料機的飲料是錯誤的，而且客人不小心把飲料打翻那麼大聲的聲響，也不過來幫忙，反而在跟別的客人聊天

",2022-11-21,https://www.google.com.tw/maps/place/%E7%AF%89%E9%96%93%E5%B9%B8%E7%A6%8F%E9%8D%8B%E7%89%A9+%E5%8F%B0%E5%8C%97%E5%8D%97%E4%BA%AC%E4%B8%80%E5%BA%97/data=!4m7!3m6!1s0x3442a9666e9f721d:0x8aefbd57ef6d5d45!8m2!3d25.0518598!4d121.5273867!16s%2Fg%2F11b7cqtsy0!19sChIJHXKfbmapQjQRRV1t71e974o?authuser=0&hl=zh-TW&rclk=1,0x3442a9666e9f721d:0x8aefbd57ef6d5d45
180,法蘭,5,3 週前,"築間老顧客了，自助吧很棒，可以自己挑菜盤，石頭湯底很喜歡

",2022-11-21,https://www.google.com.tw/maps/place/%E7%AF%89%E9%96%93%E5%B9%B8%E7%A6%8F%E9%8D%8B%E7%89%A9+%E5%8F%B0%E5%8C%97%E5%8D%97%E4%BA%AC%E4%B8%80%E5%BA%97/data=!4m7!3m6!1s0x3442a9666e9f721d:0x8aefbd57ef6d5d45!8m2!3d25.0518598!4d121.5273867!16s%2Fg%2F11b7cqtsy0!19sChIJHXKfbmapQjQRRV1t71e974o?authuser=0&hl=zh-TW&rclk=1,0x3442a9666e9f721d:0x8aefbd57ef6d5d45
181,魏Eva,5,3 週前,"好吃

",2022-11-21,https://www.google.com.tw/maps/place/%E7%AF%89%E9%96%93%E5%B9%B8%E7%A6%8F%E9%8D%8B%E7%89%A9+%E5%8F%B0%E5%8C%97%E5%8D%97%E4%BA%AC%E4%B8%80%E5%BA%97/data=!4m7!3m6!1s0x3442a9666e9f721d:0x8aefbd57ef6d5d45!8m2!3d25.0518598!4d121.5273867!16s%2Fg%2F11b7cqtsy0!19sChIJHXKfbmapQjQRRV1t71e974o?authuser=0&hl=zh-TW&rclk=1,0x3442a9666e9f721d:0x8aefbd57ef6d5d45
182,簡子庭,5,4 週前,,2022-11-21,https://www.google.com.tw/maps/place/%E7%AF%89%E9%96%93%E5%B9%B8%E7%A6%8F%E9%8D%8B%E7%89%A9+%E5%8F%B0%E5%8C%97%E5%8D%97%E4%BA%AC%E4%B8%80%E5%BA%97/data=!4m7!3m6!1s0x3442a9666e9f721d:0x8aefbd57ef6d5d45!8m2!3d25.0518598!4d121.5273867!16s%2Fg%2F11b7cqtsy0!19sChIJHXKfbmapQjQRRV1t71e974o?authuser=0&hl=zh-TW&rclk=1,0x3442a9666e9f721d:0x8aefbd57ef6d5d45
183,TAEWOO KIM,5,4 週前,,2022-11-21,https://www.google.com.tw/maps/place/%E7%AF%89%E9%96%93%E5%B9%B8%E7%A6%8F%E9%8D%8B%E7%89%A9+%E5%8F%B0%E5%8C%97%E5%8D%97%E4%BA%AC%E4%B8%80%E5%BA%97/data=!4m7!3m6!1s0x3442a9666e9f721d:0x8aefbd57ef6d5d45!8m2!3d25.0518598!4d121.5273867!16s%2Fg%2F11b7cqtsy0!19sChIJHXKfbmapQjQRRV1t71e974o?authuser=0&hl=zh-TW&rclk=1,0x3442a9666e9f721d:0x8aefbd57ef6d5d45
184,大歐,5,4 週前,"好吃的火鍋，食材新鮮

",2022-11-21,https://www.google.com.tw/maps/place/%E7%AF%89%E9%96%93%E5%B9%B8%E7%A6%8F%E9%8D%8B%E7%89%A9+%E5%8F%B0%E5%8C%97%E5%8D%97%E4%BA%AC%E4%B8%80%E5%BA%97/data=!4m7!3m6!1s0x3442a9666e9f721d:0x8aefbd57ef6d5d45!8m2!3d25.0518598!4d121.5273867!16s%2Fg%2F11b7cqtsy0!19sChIJHXKfbmapQjQRRV1t71e974o?authuser=0&hl=zh-TW&rclk=1,0x3442a9666e9f721d:0x8aefbd57ef6d5d45
185,Jay Chih,5,4 週前,"非常好吃

",2022-11-21,https://www.google.com.tw/maps/place/%E7%AF%89%E9%96%93%E5%B9%B8%E7%A6%8F%E9%8D%8B%E7%89%A9+%E5%8F%B0%E5%8C%97%E5%8D%97%E4%BA%AC%E4%B8%80%E5%BA%97/data=!4m7!3m6!1s0x3442a9666e9f721d:0x8aefbd57ef6d5d45!8m2!3d25.0518598!4d121.5273867!16s%2Fg%2F11b7cqtsy0!19sChIJHXKfbmapQjQRRV1t71e974o?authuser=0&hl=zh-TW&rclk=1,0x3442a9666e9f721d:0x8aefbd57ef6d5d45
186,林育璿,5,4 週前,"蔬菜吃到飽超讚的

",2022-11-21,https://www.google.com.tw/maps/place/%E7%AF%89%E9%96%93%E5%B9%B8%E7%A6%8F%E9%8D%8B%E7%89%A9+%E5%8F%B0%E5%8C%97%E5%8D%97%E4%BA%AC%E4%B8%80%E5%BA%97/data=!4m7!3m6!1s0x3442a9666e9f721d:0x8aefbd57ef6d5d45!8m2!3d25.0518598!4d121.5273867!16s%2Fg%2F11b7cqtsy0!19sChIJHXKfbmapQjQRRV1t71e974o?authuser=0&hl=zh-TW&rclk=1,0x3442a9666e9f721d:0x8aefbd57ef6d5d45
187,Jacqueline Lin,5,4 週前,,2022-11-21,https://www.google.com.tw/maps/place/%E7%AF%89%E9%96%93%E5%B9%B8%E7%A6%8F%E9%8D%8B%E7%89%A9+%E5%8F%B0%E5%8C%97%E5%8D%97%E4%BA%AC%E4%B8%80%E5%BA%97/data=!4m7!3m6!1s0x3442a9666e9f721d:0x8aefbd57ef6d5d45!8m2!3d25.0518598!4d121.5273867!16s%2Fg%2F11b7cqtsy0!19sChIJHXKfbmapQjQRRV1t71e974o?authuser=0&hl=zh-TW&rclk=1,0x3442a9666e9f721d:0x8aefbd57ef6d5d45
188,吳明和,5,4 週前,,2022-11-21,https://www.google.com.tw/maps/place/%E7%AF%89%E9%96%93%E5%B9%B8%E7%A6%8F%E9%8D%8B%E7%89%A9+%E5%8F%B0%E5%8C%97%E5%8D%97%E4%BA%AC%E4%B8%80%E5%BA%97/data=!4m7!3m6!1s0x3442a9666e9f721d:0x8aefbd57ef6d5d45!8m2!3d25.0518598!4d121.5273867!16s%2Fg%2F11b7cqtsy0!19sChIJHXKfbmapQjQRRV1t71e974o?authuser=0&hl=zh-TW&rclk=1,0x3442a9666e9f721d:0x8aefbd57ef6d5d45
189,Frankie,5,4 週前,"❤️

",2022-11-21,https://www.google.com.tw/maps/place/%E7%AF%89%E9%96%93%E5%B9%B8%E7%A6%8F%E9%8D%8B%E7%89%A9+%E5%8F%B0%E5%8C%97%E5%8D%97%E4%BA%AC%E4%B8%80%E5%BA%97/data=!4m7!3m6!1s0x3442a9666e9f721d:0x8aefbd57ef6d5d45!8m2!3d25.0518598!4d121.5273867!16s%2Fg%2F11b7cqtsy0!19sChIJHXKfbmapQjQRRV1t71e974o?authuser=0&hl=zh-TW&rclk=1,0x3442a9666e9f721d:0x8aefbd57ef6d5d45
190,蔡志軍,5,4 週前,"不錯不錯

",2022-11-21,https://www.google.com.tw/maps/place/%E7%AF%89%E9%96%93%E5%B9%B8%E7%A6%8F%E9%8D%8B%E7%89%A9+%E5%8F%B0%E5%8C%97%E5%8D%97%E4%BA%AC%E4%B8%80%E5%BA%97/data=!4m7!3m6!1s0x3442a9666e9f721d:0x8aefbd57ef6d5d45!8m2!3d25.0518598!4d121.5273867!16s%2Fg%2F11b7cqtsy0!19sChIJHXKfbmapQjQRRV1t71e974o?authuser=0&hl=zh-TW&rclk=1,0x3442a9666e9f721d:0x8aefbd57ef6d5d45
191,張龍杰,5,4 週前,,2022-11-21,https://www.google.com.tw/maps/place/%E7%AF%89%E9%96%93%E5%B9%B8%E7%A6%8F%E9%8D%8B%E7%89%A9+%E5%8F%B0%E5%8C%97%E5%8D%97%E4%BA%AC%E4%B8%80%E5%BA%97/data=!4m7!3m6!1s0x3442a9666e9f721d:0x8aefbd57ef6d5d45!8m2!3d25.0518598!4d121.5273867!16s%2Fg%2F11b7cqtsy0!19sChIJHXKfbmapQjQRRV1t71e974o?authuser=0&hl=zh-TW&rclk=1,0x3442a9666e9f721d:0x8aefbd57ef6d5d45
192,楊婷雅,5,4 週前,"快速點餐，好吃又划算，打卡零錢換肉肉，$69用烏骨雞加菜好讚❤️

",2022-11-21,https://www.google.com.tw/maps/place/%E7%AF%89%E9%96%93%E5%B9%B8%E7%A6%8F%E9%8D%8B%E7%89%A9+%E5%8F%B0%E5%8C%97%E5%8D%97%E4%BA%AC%E4%B8%80%E5%BA%97/data=!4m7!3m6!1s0x3442a9666e9f721d:0x8aefbd57ef6d5d45!8m2!3d25.0518598!4d121.5273867!16s%2Fg%2F11b7cqtsy0!19sChIJHXKfbmapQjQRRV1t71e974o?authuser=0&hl=zh-TW&rclk=1,0x3442a9666e9f721d:0x8aefbd57ef6d5d45
193,劉伯威,5,4 週前,,2022-11-21,https://www.google.com.tw/maps/place/%E7%AF%89%E9%96%93%E5%B9%B8%E7%A6%8F%E9%8D%8B%E7%89%A9+%E5%8F%B0%E5%8C%97%E5%8D%97%E4%BA%AC%E4%B8%80%E5%BA%97/data=!4m7!3m6!1s0x3442a9666e9f721d:0x8aefbd57ef6d5d45!8m2!3d25.0518598!4d121.5273867!16s%2Fg%2F11b7cqtsy0!19sChIJHXKfbmapQjQRRV1t71e974o?authuser=0&hl=zh-TW&rclk=1,0x3442a9666e9f721d:0x8aefbd57ef6d5d45
194,品翔,3,4 週前,,2022-11-21,https://www.google.com.tw/maps/place/%E7%AF%89%E9%96%93%E5%B9%B8%E7%A6%8F%E9%8D%8B%E7%89%A9+%E5%8F%B0%E5%8C%97%E5%8D%97%E4%BA%AC%E4%B8%80%E5%BA%97/data=!4m7!3m6!1s0x3442a9666e9f721d:0x8aefbd57ef6d5d45!8m2!3d25.0518598!4d121.5273867!16s%2Fg%2F11b7cqtsy0!19sChIJHXKfbmapQjQRRV1t71e974o?authuser=0&hl=zh-TW&rclk=1,0x3442a9666e9f721d:0x8aefbd57ef6d5d45
195,Mu-Hsuan Liu,5,4 週前,"地點和營業時間都很友善，環境舒服，食物也挺好

",2022-11-21,https://www.google.com.tw/maps/place/%E7%AF%89%E9%96%93%E5%B9%B8%E7%A6%8F%E9%8D%8B%E7%89%A9+%E5%8F%B0%E5%8C%97%E5%8D%97%E4%BA%AC%E4%B8%80%E5%BA%97/data=!4m7!3m6!1s0x3442a9666e9f721d:0x8aefbd57ef6d5d45!8m2!3d25.0518598!4d121.5273867!16s%2Fg%2F11b7cqtsy0!19sChIJHXKfbmapQjQRRV1t71e974o?authuser=0&hl=zh-TW&rclk=1,0x3442a9666e9f721d:0x8aefbd57ef6d5d45
196,Yellow Lin,5,4 週前,,2022-11-21,https://www.google.com.tw/maps/place/%E7%AF%89%E9%96%93%E5%B9%B8%E7%A6%8F%E9%8D%8B%E7%89%A9+%E5%8F%B0%E5%8C%97%E5%8D%97%E4%BA%AC%E4%B8%80%E5%BA%97/data=!4m7!3m6!1s0x3442a9666e9f721d:0x8aefbd57ef6d5d45!8m2!3d25.0518598!4d121.5273867!16s%2Fg%2F11b7cqtsy0!19sChIJHXKfbmapQjQRRV1t71e974o?authuser=0&hl=zh-TW&rclk=1,0x3442a9666e9f721d:0x8aefbd57ef6d5d45
197,徐慧蕓,5,4 週前,,2022-11-21,https://www.google.com.tw/maps/place/%E7%AF%89%E9%96%93%E5%B9%B8%E7%A6%8F%E9%8D%8B%E7%89%A9+%E5%8F%B0%E5%8C%97%E5%8D%97%E4%BA%AC%E4%B8%80%E5%BA%97/data=!4m7!3m6!1s0x3442a9666e9f721d:0x8aefbd57ef6d5d45!8m2!3d25.0518598!4d121.5273867!16s%2Fg%2F11b7cqtsy0!19sChIJHXKfbmapQjQRRV1t71e974o?authuser=0&hl=zh-TW&rclk=1,0x3442a9666e9f721d:0x8aefbd57ef6d5d45
198,葉博章,5,4 週前,"超香

",2022-11-21,https://www.google.com.tw/maps/place/%E7%AF%89%E9%96%93%E5%B9%B8%E7%A6%8F%E9%8D%8B%E7%89%A9+%E5%8F%B0%E5%8C%97%E5%8D%97%E4%BA%AC%E4%B8%80%E5%BA%97/data=!4m7!3m6!1s0x3442a9666e9f721d:0x8aefbd57ef6d5d45!8m2!3d25.0518598!4d121.5273867!16s%2Fg%2F11b7cqtsy0!19sChIJHXKfbmapQjQRRV1t71e974o?authuser=0&hl=zh-TW&rclk=1,0x3442a9666e9f721d:0x8aefbd57ef6d5d45
199,吳芠,5,4 週前,"讚

",2022-11-21,https://www.google.com.tw/maps/place/%E7%AF%89%E9%96%93%E5%B9%B8%E7%A6%8F%E9%8D%8B%E7%89%A9+%E5%8F%B0%E5%8C%97%E5%8D%97%E4%BA%AC%E4%B8%80%E5%BA%97/data=!4m7!3m6!1s0x3442a9666e9f721d:0x8aefbd57ef6d5d45!8m2!3d25.0518598!4d121.5273867!16s%2Fg%2F11b7cqtsy0!19sChIJHXKfbmapQjQRRV1t71e974o?authuser=0&hl=zh-TW&rclk=1,0x3442a9666e9f721d:0x8aefbd57ef6d5d45
200,YI LEE,5,4 週前,"讚

",2022-11-21,https://www.google.com.tw/maps/place/%E7%AF%89%E9%96%93%E5%B9%B8%E7%A6%8F%E9%8D%8B%E7%89%A9+%E5%8F%B0%E5%8C%97%E5%8D%97%E4%BA%AC%E4%B8%80%E5%BA%97/data=!4m7!3m6!1s0x3442a9666e9f721d:0x8aefbd57ef6d5d45!8m2!3d25.0518598!4d121.5273867!16s%2Fg%2F11b7cqtsy0!19sChIJHXKfbmapQjQRRV1t71e974o?authuser=0&hl=zh-TW&rclk=1,0x3442a9666e9f721d:0x8aefbd57ef6d5d45
201,拍車輛,5,4 週前,"好吃一直吃

",2022-11-21,https://www.google.com.tw/maps/place/%E7%AF%89%E9%96%93%E5%B9%B8%E7%A6%8F%E9%8D%8B%E7%89%A9+%E5%8F%B0%E5%8C%97%E5%8D%97%E4%BA%AC%E4%B8%80%E5%BA%97/data=!4m7!3m6!1s0x3442a9666e9f721d:0x8aefbd57ef6d5d45!8m2!3d25.0518598!4d121.5273867!16s%2Fg%2F11b7cqtsy0!19sChIJHXKfbmapQjQRRV1t71e974o?authuser=0&hl=zh-TW&rclk=1,0x3442a9666e9f721d:0x8aefbd57ef6d5d45
202,約翰,5,4 週前,,2022-11-21,https://www.google.com.tw/maps/place/%E7%AF%89%E9%96%93%E5%B9%B8%E7%A6%8F%E9%8D%8B%E7%89%A9+%E5%8F%B0%E5%8C%97%E5%8D%97%E4%BA%AC%E4%B8%80%E5%BA%97/data=!4m7!3m6!1s0x3442a9666e9f721d:0x8aefbd57ef6d5d45!8m2!3d25.0518598!4d121.5273867!16s%2Fg%2F11b7cqtsy0!19sChIJHXKfbmapQjQRRV1t71e974o?authuser=0&hl=zh-TW&rclk=1,0x3442a9666e9f721d:0x8aefbd57ef6d5d45
203,RDT. Jack,5,4 週前,"超值鍋物！每個月吃四次都不夠！

",2022-11-21,https://www.google.com.tw/maps/place/%E7%AF%89%E9%96%93%E5%B9%B8%E7%A6%8F%E9%8D%8B%E7%89%A9+%E5%8F%B0%E5%8C%97%E5%8D%97%E4%BA%AC%E4%B8%80%E5%BA%97/data=!4m7!3m6!1s0x3442a9666e9f721d:0x8aefbd57ef6d5d45!8m2!3d25.0518598!4d121.5273867!16s%2Fg%2F11b7cqtsy0!19sChIJHXKfbmapQjQRRV1t71e974o?authuser=0&hl=zh-TW&rclk=1,0x3442a9666e9f721d:0x8aefbd57ef6d5d45
204,Kuan-hiok Lí,5,4 週前,,2022-11-21,https://www.google.com.tw/maps/place/%E7%AF%89%E9%96%93%E5%B9%B8%E7%A6%8F%E9%8D%8B%E7%89%A9+%E5%8F%B0%E5%8C%97%E5%8D%97%E4%BA%AC%E4%B8%80%E5%BA%97/data=!4m7!3m6!1s0x3442a9666e9f721d:0x8aefbd57ef6d5d45!8m2!3d25.0518598!4d121.5273867!16s%2Fg%2F11b7cqtsy0!19sChIJHXKfbmapQjQRRV1t71e974o?authuser=0&hl=zh-TW&rclk=1,0x3442a9666e9f721d:0x8aefbd57ef6d5d45
205,沈柏諺,5,4 週前,"雪花牛打卡升級1.5倍量，好吃

",2022-11-21,https://www.google.com.tw/maps/place/%E7%AF%89%E9%96%93%E5%B9%B8%E7%A6%8F%E9%8D%8B%E7%89%A9+%E5%8F%B0%E5%8C%97%E5%8D%97%E4%BA%AC%E4%B8%80%E5%BA%97/data=!4m7!3m6!1s0x3442a9666e9f721d:0x8aefbd57ef6d5d45!8m2!3d25.0518598!4d121.5273867!16s%2Fg%2F11b7cqtsy0!19sChIJHXKfbmapQjQRRV1t71e974o?authuser=0&hl=zh-TW&rclk=1,0x3442a9666e9f721d:0x8aefbd57ef6d5d45
206,楊品愉,5,4 週前,"讚

",2022-11-21,https://www.google.com.tw/maps/place/%E7%AF%89%E9%96%93%E5%B9%B8%E7%A6%8F%E9%8D%8B%E7%89%A9+%E5%8F%B0%E5%8C%97%E5%8D%97%E4%BA%AC%E4%B8%80%E5%BA%97/data=!4m7!3m6!1s0x3442a9666e9f721d:0x8aefbd57ef6d5d45!8m2!3d25.0518598!4d121.5273867!16s%2Fg%2F11b7cqtsy0!19sChIJHXKfbmapQjQRRV1t71e974o?authuser=0&hl=zh-TW&rclk=1,0x3442a9666e9f721d:0x8aefbd57ef6d5d45
207,洪玉霜,5,4 週前,,2022-11-21,https://www.google.com.tw/maps/place/%E7%AF%89%E9%96%93%E5%B9%B8%E7%A6%8F%E9%8D%8B%E7%89%A9+%E5%8F%B0%E5%8C%97%E5%8D%97%E4%BA%AC%E4%B8%80%E5%BA%97/data=!4m7!3m6!1s0x3442a9666e9f721d:0x8aefbd57ef6d5d45!8m2!3d25.0518598!4d121.5273867!16s%2Fg%2F11b7cqtsy0!19sChIJHXKfbmapQjQRRV1t71e974o?authuser=0&hl=zh-TW&rclk=1,0x3442a9666e9f721d:0x8aefbd57ef6d5d45
208,本丸,5,4 週前,"好吃

",2022-11-21,https://www.google.com.tw/maps/place/%E7%AF%89%E9%96%93%E5%B9%B8%E7%A6%8F%E9%8D%8B%E7%89%A9+%E5%8F%B0%E5%8C%97%E5%8D%97%E4%BA%AC%E4%B8%80%E5%BA%97/data=!4m7!3m6!1s0x3442a9666e9f721d:0x8aefbd57ef6d5d45!8m2!3d25.0518598!4d121.5273867!16s%2Fg%2F11b7cqtsy0!19sChIJHXKfbmapQjQRRV1t71e974o?authuser=0&hl=zh-TW&rclk=1,0x3442a9666e9f721d:0x8aefbd57ef6d5d45
209,大東,5,4 週前,"好吃

",2022-11-21,https://www.google.com.tw/maps/place/%E7%AF%89%E9%96%93%E5%B9%B8%E7%A6%8F%E9%8D%8B%E7%89%A9+%E5%8F%B0%E5%8C%97%E5%8D%97%E4%BA%AC%E4%B8%80%E5%BA%97/data=!4m7!3m6!1s0x3442a9666e9f721d:0x8aefbd57ef6d5d45!8m2!3d25.0518598!4d121.5273867!16s%2Fg%2F11b7cqtsy0!19sChIJHXKfbmapQjQRRV1t71e974o?authuser=0&hl=zh-TW&rclk=1,0x3442a9666e9f721d:0x8aefbd57ef6d5d45
210,Louis Yeh,5,4 週前,"呵呷

",2022-11-21,https://www.google.com.tw/maps/place/%E7%AF%89%E9%96%93%E5%B9%B8%E7%A6%8F%E9%8D%8B%E7%89%A9+%E5%8F%B0%E5%8C%97%E5%8D%97%E4%BA%AC%E4%B8%80%E5%BA%97/data=!4m7!3m6!1s0x3442a9666e9f721d:0x8aefbd57ef6d5d45!8m2!3d25.0518598!4d121.5273867!16s%2Fg%2F11b7cqtsy0!19sChIJHXKfbmapQjQRRV1t71e974o?authuser=0&hl=zh-TW&rclk=1,0x3442a9666e9f721d:0x8aefbd57ef6d5d45
211,Lun,5,4 週前,"好吃

",2022-11-21,https://www.google.com.tw/maps/place/%E7%AF%89%E9%96%93%E5%B9%B8%E7%A6%8F%E9%8D%8B%E7%89%A9+%E5%8F%B0%E5%8C%97%E5%8D%97%E4%BA%AC%E4%B8%80%E5%BA%97/data=!4m7!3m6!1s0x3442a9666e9f721d:0x8aefbd57ef6d5d45!8m2!3d25.0518598!4d121.5273867!16s%2Fg%2F11b7cqtsy0!19sChIJHXKfbmapQjQRRV1t71e974o?authuser=0&hl=zh-TW&rclk=1,0x3442a9666e9f721d:0x8aefbd57ef6d5d45
212,黃胤翔,5,4 週前,,2022-11-21,https://www.google.com.tw/maps/place/%E7%AF%89%E9%96%93%E5%B9%B8%E7%A6%8F%E9%8D%8B%E7%89%A9+%E5%8F%B0%E5%8C%97%E5%8D%97%E4%BA%AC%E4%B8%80%E5%BA%97/data=!4m7!3m6!1s0x3442a9666e9f721d:0x8aefbd57ef6d5d45!8m2!3d25.0518598!4d121.5273867!16s%2Fg%2F11b7cqtsy0!19sChIJHXKfbmapQjQRRV1t71e974o?authuser=0&hl=zh-TW&rclk=1,0x3442a9666e9f721d:0x8aefbd57ef6d5d45
213,Owen Shen,5,4 週前,"為了肉肉的五星評價

",2022-11-21,https://www.google.com.tw/maps/place/%E7%AF%89%E9%96%93%E5%B9%B8%E7%A6%8F%E9%8D%8B%E7%89%A9+%E5%8F%B0%E5%8C%97%E5%8D%97%E4%BA%AC%E4%B8%80%E5%BA%97/data=!4m7!3m6!1s0x3442a9666e9f721d:0x8aefbd57ef6d5d45!8m2!3d25.0518598!4d121.5273867!16s%2Fg%2F11b7cqtsy0!19sChIJHXKfbmapQjQRRV1t71e974o?authuser=0&hl=zh-TW&rclk=1,0x3442a9666e9f721d:0x8aefbd57ef6d5d45
214,李宇謙,5,4 週前,"最近漲價了  
但還是很好吃  
牛奶鍋推推

",2022-11-21,https://www.google.com.tw/maps/place/%E7%AF%89%E9%96%93%E5%B9%B8%E7%A6%8F%E9%8D%8B%E7%89%A9+%E5%8F%B0%E5%8C%97%E5%8D%97%E4%BA%AC%E4%B8%80%E5%BA%97/data=!4m7!3m6!1s0x3442a9666e9f721d:0x8aefbd57ef6d5d45!8m2!3d25.0518598!4d121.5273867!16s%2Fg%2F11b7cqtsy0!19sChIJHXKfbmapQjQRRV1t71e974o?authuser=0&hl=zh-TW&rclk=1,0x3442a9666e9f721d:0x8aefbd57ef6d5d45
215,Yi Jia,5,4 週前,,2022-11-21,https://www.google.com.tw/maps/place/%E7%AF%89%E9%96%93%E5%B9%B8%E7%A6%8F%E9%8D%8B%E7%89%A9+%E5%8F%B0%E5%8C%97%E5%8D%97%E4%BA%AC%E4%B8%80%E5%BA%97/data=!4m7!3m6!1s0x3442a9666e9f721d:0x8aefbd57ef6d5d45!8m2!3d25.0518598!4d121.5273867!16s%2Fg%2F11b7cqtsy0!19sChIJHXKfbmapQjQRRV1t71e974o?authuser=0&hl=zh-TW&rclk=1,0x3442a9666e9f721d:0x8aefbd57ef6d5d45
216,微微,5,4 週前,,2022-11-21,https://www.google.com.tw/maps/place/%E7%AF%89%E9%96%93%E5%B9%B8%E7%A6%8F%E9%8D%8B%E7%89%A9+%E5%8F%B0%E5%8C%97%E5%8D%97%E4%BA%AC%E4%B8%80%E5%BA%97/data=!4m7!3m6!1s0x3442a9666e9f721d:0x8aefbd57ef6d5d45!8m2!3d25.0518598!4d121.5273867!16s%2Fg%2F11b7cqtsy0!19sChIJHXKfbmapQjQRRV1t71e974o?authuser=0&hl=zh-TW&rclk=1,0x3442a9666e9f721d:0x8aefbd57ef6d5d45
217,Louies Yang,4,1 個月前,"中午餐點還行，自助吧台蔬菜很新鮮而且服務人員態度很親切

",2022-11-21,https://www.google.com.tw/maps/place/%E7%AF%89%E9%96%93%E5%B9%B8%E7%A6%8F%E9%8D%8B%E7%89%A9+%E5%8F%B0%E5%8C%97%E5%8D%97%E4%BA%AC%E4%B8%80%E5%BA%97/data=!4m7!3m6!1s0x3442a9666e9f721d:0x8aefbd57ef6d5d45!8m2!3d25.0518598!4d121.5273867!16s%2Fg%2F11b7cqtsy0!19sChIJHXKfbmapQjQRRV1t71e974o?authuser=0&hl=zh-TW&rclk=1,0x3442a9666e9f721d:0x8aefbd57ef6d5d45
218,Vicky Lin,5,1 個月前,"吃肉肉

",2022-11-21,https://www.google.com.tw/maps/place/%E7%AF%89%E9%96%93%E5%B9%B8%E7%A6%8F%E9%8D%8B%E7%89%A9+%E5%8F%B0%E5%8C%97%E5%8D%97%E4%BA%AC%E4%B8%80%E5%BA%97/data=!4m7!3m6!1s0x3442a9666e9f721d:0x8aefbd57ef6d5d45!8m2!3d25.0518598!4d121.5273867!16s%2Fg%2F11b7cqtsy0!19sChIJHXKfbmapQjQRRV1t71e974o?authuser=0&hl=zh-TW&rclk=1,0x3442a9666e9f721d:0x8aefbd57ef6d5d45
219,凱蒂貓（小魚）,5,1 個月前,,2022-11-21,https://www.google.com.tw/maps/place/%E7%AF%89%E9%96%93%E5%B9%B8%E7%A6%8F%E9%8D%8B%E7%89%A9+%E5%8F%B0%E5%8C%97%E5%8D%97%E4%BA%AC%E4%B8%80%E5%BA%97/data=!4m7!3m6!1s0x3442a9666e9f721d:0x8aefbd57ef6d5d45!8m2!3d25.0518598!4d121.5273867!16s%2Fg%2F11b7cqtsy0!19sChIJHXKfbmapQjQRRV1t71e974o?authuser=0&hl=zh-TW&rclk=1,0x3442a9666e9f721d:0x8aefbd57ef6d5d45
220,Jacob 雅各 (柴犬雅各),5,1 個月前,"最近還有打卡送肉的活動，品質還不錯，而且全面改成自助吧喔

",2022-11-21,https://www.google.com.tw/maps/place/%E7%AF%89%E9%96%93%E5%B9%B8%E7%A6%8F%E9%8D%8B%E7%89%A9+%E5%8F%B0%E5%8C%97%E5%8D%97%E4%BA%AC%E4%B8%80%E5%BA%97/data=!4m7!3m6!1s0x3442a9666e9f721d:0x8aefbd57ef6d5d45!8m2!3d25.0518598!4d121.5273867!16s%2Fg%2F11b7cqtsy0!19sChIJHXKfbmapQjQRRV1t71e974o?authuser=0&hl=zh-TW&rclk=1,0x3442a9666e9f721d:0x8aefbd57ef6d5d45
221,陳宜輝,5,1 個月前,"讚

",2022-11-21,https://www.google.com.tw/maps/place/%E7%AF%89%E9%96%93%E5%B9%B8%E7%A6%8F%E9%8D%8B%E7%89%A9+%E5%8F%B0%E5%8C%97%E5%8D%97%E4%BA%AC%E4%B8%80%E5%BA%97/data=!4m7!3m6!1s0x3442a9666e9f721d:0x8aefbd57ef6d5d45!8m2!3d25.0518598!4d121.5273867!16s%2Fg%2F11b7cqtsy0!19sChIJHXKfbmapQjQRRV1t71e974o?authuser=0&hl=zh-TW&rclk=1,0x3442a9666e9f721d:0x8aefbd57ef6d5d45
222,mimi pipi,5,1 個月前,"讚啦

",2022-11-21,https://www.google.com.tw/maps/place/%E7%AF%89%E9%96%93%E5%B9%B8%E7%A6%8F%E9%8D%8B%E7%89%A9+%E5%8F%B0%E5%8C%97%E5%8D%97%E4%BA%AC%E4%B8%80%E5%BA%97/data=!4m7!3m6!1s0x3442a9666e9f721d:0x8aefbd57ef6d5d45!8m2!3d25.0518598!4d121.5273867!16s%2Fg%2F11b7cqtsy0!19sChIJHXKfbmapQjQRRV1t71e974o?authuser=0&hl=zh-TW&rclk=1,0x3442a9666e9f721d:0x8aefbd57ef6d5d45
223,史蒂芬Li,5,1 個月前,"好吃打卡送肉

",2022-11-21,https://www.google.com.tw/maps/place/%E7%AF%89%E9%96%93%E5%B9%B8%E7%A6%8F%E9%8D%8B%E7%89%A9+%E5%8F%B0%E5%8C%97%E5%8D%97%E4%BA%AC%E4%B8%80%E5%BA%97/data=!4m7!3m6!1s0x3442a9666e9f721d:0x8aefbd57ef6d5d45!8m2!3d25.0518598!4d121.5273867!16s%2Fg%2F11b7cqtsy0!19sChIJHXKfbmapQjQRRV1t71e974o?authuser=0&hl=zh-TW&rclk=1,0x3442a9666e9f721d:0x8aefbd57ef6d5d45
224,Martin C,5,1 個月前,"價錢稍為調整，但自助吧很爽，肉量依然滿足，還是CP值超高的愛店

",2022-11-21,https://www.google.com.tw/maps/place/%E7%AF%89%E9%96%93%E5%B9%B8%E7%A6%8F%E9%8D%8B%E7%89%A9+%E5%8F%B0%E5%8C%97%E5%8D%97%E4%BA%AC%E4%B8%80%E5%BA%97/data=!4m7!3m6!1s0x3442a9666e9f721d:0x8aefbd57ef6d5d45!8m2!3d25.0518598!4d121.5273867!16s%2Fg%2F11b7cqtsy0!19sChIJHXKfbmapQjQRRV1t71e974o?authuser=0&hl=zh-TW&rclk=1,0x3442a9666e9f721d:0x8aefbd57ef6d5d45
225,Vic Lu,5,1 個月前,"很好吃

",2022-11-21,https://www.google.com.tw/maps/place/%E7%AF%89%E9%96%93%E5%B9%B8%E7%A6%8F%E9%8D%8B%E7%89%A9+%E5%8F%B0%E5%8C%97%E5%8D%97%E4%BA%AC%E4%B8%80%E5%BA%97/data=!4m7!3m6!1s0x3442a9666e9f721d:0x8aefbd57ef6d5d45!8m2!3d25.0518598!4d121.5273867!16s%2Fg%2F11b7cqtsy0!19sChIJHXKfbmapQjQRRV1t71e974o?authuser=0&hl=zh-TW&rclk=1,0x3442a9666e9f721d:0x8aefbd57ef6d5d45
226,洪菱,5,1 個月前,,2022-11-21,https://www.google.com.tw/maps/place/%E7%AF%89%E9%96%93%E5%B9%B8%E7%A6%8F%E9%8D%8B%E7%89%A9+%E5%8F%B0%E5%8C%97%E5%8D%97%E4%BA%AC%E4%B8%80%E5%BA%97/data=!4m7!3m6!1s0x3442a9666e9f721d:0x8aefbd57ef6d5d45!8m2!3d25.0518598!4d121.5273867!16s%2Fg%2F11b7cqtsy0!19sChIJHXKfbmapQjQRRV1t71e974o?authuser=0&hl=zh-TW&rclk=1,0x3442a9666e9f721d:0x8aefbd57ef6d5d45
227,Albert C,4,1 個月前,"餐點服務都不錯 用餐時間有點太短美中不足

",2022-11-21,https://www.google.com.tw/maps/place/%E7%AF%89%E9%96%93%E5%B9%B8%E7%A6%8F%E9%8D%8B%E7%89%A9+%E5%8F%B0%E5%8C%97%E5%8D%97%E4%BA%AC%E4%B8%80%E5%BA%97/data=!4m7!3m6!1s0x3442a9666e9f721d:0x8aefbd57ef6d5d45!8m2!3d25.0518598!4d121.5273867!16s%2Fg%2F11b7cqtsy0!19sChIJHXKfbmapQjQRRV1t71e974o?authuser=0&hl=zh-TW&rclk=1,0x3442a9666e9f721d:0x8aefbd57ef6d5d45
228,蕭仕凱,1,1 個月前,"候位時間等太久

",2022-11-21,https://www.google.com.tw/maps/place/%E7%AF%89%E9%96%93%E5%B9%B8%E7%A6%8F%E9%8D%8B%E7%89%A9+%E5%8F%B0%E5%8C%97%E5%8D%97%E4%BA%AC%E4%B8%80%E5%BA%97/data=!4m7!3m6!1s0x3442a9666e9f721d:0x8aefbd57ef6d5d45!8m2!3d25.0518598!4d121.5273867!16s%2Fg%2F11b7cqtsy0!19sChIJHXKfbmapQjQRRV1t71e974o?authuser=0&hl=zh-TW&rclk=1,0x3442a9666e9f721d:0x8aefbd57ef6d5d45
229,SKB信志,5,1 個月前,,2022-11-21,https://www.google.com.tw/maps/place/%E7%AF%89%E9%96%93%E5%B9%B8%E7%A6%8F%E9%8D%8B%E7%89%A9+%E5%8F%B0%E5%8C%97%E5%8D%97%E4%BA%AC%E4%B8%80%E5%BA%97/data=!4m7!3m6!1s0x3442a9666e9f721d:0x8aefbd57ef6d5d45!8m2!3d25.0518598!4d121.5273867!16s%2Fg%2F11b7cqtsy0!19sChIJHXKfbmapQjQRRV1t71e974o?authuser=0&hl=zh-TW&rclk=1,0x3442a9666e9f721d:0x8aefbd57ef6d5d45
230,劉怡眉,5,1 個月前,"雪花牛很讚！！！！

",2022-11-21,https://www.google.com.tw/maps/place/%E7%AF%89%E9%96%93%E5%B9%B8%E7%A6%8F%E9%8D%8B%E7%89%A9+%E5%8F%B0%E5%8C%97%E5%8D%97%E4%BA%AC%E4%B8%80%E5%BA%97/data=!4m7!3m6!1s0x3442a9666e9f721d:0x8aefbd57ef6d5d45!8m2!3d25.0518598!4d121.5273867!16s%2Fg%2F11b7cqtsy0!19sChIJHXKfbmapQjQRRV1t71e974o?authuser=0&hl=zh-TW&rclk=1,0x3442a9666e9f721d:0x8aefbd57ef6d5d45
231,amy liou,5,1 個月前,,2022-11-21,https://www.google.com.tw/maps/place/%E7%AF%89%E9%96%93%E5%B9%B8%E7%A6%8F%E9%8D%8B%E7%89%A9+%E5%8F%B0%E5%8C%97%E5%8D%97%E4%BA%AC%E4%B8%80%E5%BA%97/data=!4m7!3m6!1s0x3442a9666e9f721d:0x8aefbd57ef6d5d45!8m2!3d25.0518598!4d121.5273867!16s%2Fg%2F11b7cqtsy0!19sChIJHXKfbmapQjQRRV1t71e974o?authuser=0&hl=zh-TW&rclk=1,0x3442a9666e9f721d:0x8aefbd57ef6d5d45
232,xun Ruo,5,1 個月前,,2022-11-21,https://www.google.com.tw/maps/place/%E7%AF%89%E9%96%93%E5%B9%B8%E7%A6%8F%E9%8D%8B%E7%89%A9+%E5%8F%B0%E5%8C%97%E5%8D%97%E4%BA%AC%E4%B8%80%E5%BA%97/data=!4m7!3m6!1s0x3442a9666e9f721d:0x8aefbd57ef6d5d45!8m2!3d25.0518598!4d121.5273867!16s%2Fg%2F11b7cqtsy0!19sChIJHXKfbmapQjQRRV1t71e974o?authuser=0&hl=zh-TW&rclk=1,0x3442a9666e9f721d:0x8aefbd57ef6d5d45
233,陳昭安,5,1 個月前,,2022-11-21,https://www.google.com.tw/maps/place/%E7%AF%89%E9%96%93%E5%B9%B8%E7%A6%8F%E9%8D%8B%E7%89%A9+%E5%8F%B0%E5%8C%97%E5%8D%97%E4%BA%AC%E4%B8%80%E5%BA%97/data=!4m7!3m6!1s0x3442a9666e9f721d:0x8aefbd57ef6d5d45!8m2!3d25.0518598!4d121.5273867!16s%2Fg%2F11b7cqtsy0!19sChIJHXKfbmapQjQRRV1t71e974o?authuser=0&hl=zh-TW&rclk=1,0x3442a9666e9f721d:0x8aefbd57ef6d5d45
234,蘇琬茜,5,1 個月前,,2022-11-21,https://www.google.com.tw/maps/place/%E7%AF%89%E9%96%93%E5%B9%B8%E7%A6%8F%E9%8D%8B%E7%89%A9+%E5%8F%B0%E5%8C%97%E5%8D%97%E4%BA%AC%E4%B8%80%E5%BA%97/data=!4m7!3m6!1s0x3442a9666e9f721d:0x8aefbd57ef6d5d45!8m2!3d25.0518598!4d121.5273867!16s%2Fg%2F11b7cqtsy0!19sChIJHXKfbmapQjQRRV1t71e974o?authuser=0&hl=zh-TW&rclk=1,0x3442a9666e9f721d:0x8aefbd57ef6d5d45
235,許晏晨,5,1 個月前,,2022-11-21,https://www.google.com.tw/maps/place/%E7%AF%89%E9%96%93%E5%B9%B8%E7%A6%8F%E9%8D%8B%E7%89%A9+%E5%8F%B0%E5%8C%97%E5%8D%97%E4%BA%AC%E4%B8%80%E5%BA%97/data=!4m7!3m6!1s0x3442a9666e9f721d:0x8aefbd57ef6d5d45!8m2!3d25.0518598!4d121.5273867!16s%2Fg%2F11b7cqtsy0!19sChIJHXKfbmapQjQRRV1t71e974o?authuser=0&hl=zh-TW&rclk=1,0x3442a9666e9f721d:0x8aefbd57ef6d5d45
236,高宗毅,5,1 個月前,,2022-11-21,https://www.google.com.tw/maps/place/%E7%AF%89%E9%96%93%E5%B9%B8%E7%A6%8F%E9%8D%8B%E7%89%A9+%E5%8F%B0%E5%8C%97%E5%8D%97%E4%BA%AC%E4%B8%80%E5%BA%97/data=!4m7!3m6!1s0x3442a9666e9f721d:0x8aefbd57ef6d5d45!8m2!3d25.0518598!4d121.5273867!16s%2Fg%2F11b7cqtsy0!19sChIJHXKfbmapQjQRRV1t71e974o?authuser=0&hl=zh-TW&rclk=1,0x3442a9666e9f721d:0x8aefbd57ef6d5d45
237,吉貴興,5,1 個月前,"很享受

",2022-11-21,https://www.google.com.tw/maps/place/%E7%AF%89%E9%96%93%E5%B9%B8%E7%A6%8F%E9%8D%8B%E7%89%A9+%E5%8F%B0%E5%8C%97%E5%8D%97%E4%BA%AC%E4%B8%80%E5%BA%97/data=!4m7!3m6!1s0x3442a9666e9f721d:0x8aefbd57ef6d5d45!8m2!3d25.0518598!4d121.5273867!16s%2Fg%2F11b7cqtsy0!19sChIJHXKfbmapQjQRRV1t71e974o?authuser=0&hl=zh-TW&rclk=1,0x3442a9666e9f721d:0x8aefbd57ef6d5d45
238,Vicky Huang,4,1 個月前,"價格品質相當不錯的火鍋 湯頭 肉類或配料味道都ok 惟用餐時間稍短 用餐過程稍嫌急促 少少可惜

",2022-11-21,https://www.google.com.tw/maps/place/%E7%AF%89%E9%96%93%E5%B9%B8%E7%A6%8F%E9%8D%8B%E7%89%A9+%E5%8F%B0%E5%8C%97%E5%8D%97%E4%BA%AC%E4%B8%80%E5%BA%97/data=!4m7!3m6!1s0x3442a9666e9f721d:0x8aefbd57ef6d5d45!8m2!3d25.0518598!4d121.5273867!16s%2Fg%2F11b7cqtsy0!19sChIJHXKfbmapQjQRRV1t71e974o?authuser=0&hl=zh-TW&rclk=1,0x3442a9666e9f721d:0x8aefbd57ef6d5d45
239,邱珆瑄,5,1 個月前,,2022-11-21,https://www.google.com.tw/maps/place/%E7%AF%89%E9%96%93%E5%B9%B8%E7%A6%8F%E9%8D%8B%E7%89%A9+%E5%8F%B0%E5%8C%97%E5%8D%97%E4%BA%AC%E4%B8%80%E5%BA%97/data=!4m7!3m6!1s0x3442a9666e9f721d:0x8aefbd57ef6d5d45!8m2!3d25.0518598!4d121.5273867!16s%2Fg%2F11b7cqtsy0!19sChIJHXKfbmapQjQRRV1t71e974o?authuser=0&hl=zh-TW&rclk=1,0x3442a9666e9f721d:0x8aefbd57ef6d5d45
240,鈴木鴻橄,5,1 個月前,,2022-11-21,https://www.google.com.tw/maps/place/%E7%AF%89%E9%96%93%E5%B9%B8%E7%A6%8F%E9%8D%8B%E7%89%A9+%E5%8F%B0%E5%8C%97%E5%8D%97%E4%BA%AC%E4%B8%80%E5%BA%97/data=!4m7!3m6!1s0x3442a9666e9f721d:0x8aefbd57ef6d5d45!8m2!3d25.0518598!4d121.5273867!16s%2Fg%2F11b7cqtsy0!19sChIJHXKfbmapQjQRRV1t71e974o?authuser=0&hl=zh-TW&rclk=1,0x3442a9666e9f721d:0x8aefbd57ef6d5d45
241,林暐翔,5,1 個月前,,2022-11-21,https://www.google.com.tw/maps/place/%E7%AF%89%E9%96%93%E5%B9%B8%E7%A6%8F%E9%8D%8B%E7%89%A9+%E5%8F%B0%E5%8C%97%E5%8D%97%E4%BA%AC%E4%B8%80%E5%BA%97/data=!4m7!3m6!1s0x3442a9666e9f721d:0x8aefbd57ef6d5d45!8m2!3d25.0518598!4d121.5273867!16s%2Fg%2F11b7cqtsy0!19sChIJHXKfbmapQjQRRV1t71e974o?authuser=0&hl=zh-TW&rclk=1,0x3442a9666e9f721d:0x8aefbd57ef6d5d45
242,陳正耀,5,1 個月前,,2022-11-21,https://www.google.com.tw/maps/place/%E7%AF%89%E9%96%93%E5%B9%B8%E7%A6%8F%E9%8D%8B%E7%89%A9+%E5%8F%B0%E5%8C%97%E5%8D%97%E4%BA%AC%E4%B8%80%E5%BA%97/data=!4m7!3m6!1s0x3442a9666e9f721d:0x8aefbd57ef6d5d45!8m2!3d25.0518598!4d121.5273867!16s%2Fg%2F11b7cqtsy0!19sChIJHXKfbmapQjQRRV1t71e974o?authuser=0&hl=zh-TW&rclk=1,0x3442a9666e9f721d:0x8aefbd57ef6d5d45
243,吳承祐,5,1 個月前,"消夜聚餐好去處

",2022-11-21,https://www.google.com.tw/maps/place/%E7%AF%89%E9%96%93%E5%B9%B8%E7%A6%8F%E9%8D%8B%E7%89%A9+%E5%8F%B0%E5%8C%97%E5%8D%97%E4%BA%AC%E4%B8%80%E5%BA%97/data=!4m7!3m6!1s0x3442a9666e9f721d:0x8aefbd57ef6d5d45!8m2!3d25.0518598!4d121.5273867!16s%2Fg%2F11b7cqtsy0!19sChIJHXKfbmapQjQRRV1t71e974o?authuser=0&hl=zh-TW&rclk=1,0x3442a9666e9f721d:0x8aefbd57ef6d5d45
244,程聿靖,5,1 個月前,"好吃ya

",2022-11-21,https://www.google.com.tw/maps/place/%E7%AF%89%E9%96%93%E5%B9%B8%E7%A6%8F%E9%8D%8B%E7%89%A9+%E5%8F%B0%E5%8C%97%E5%8D%97%E4%BA%AC%E4%B8%80%E5%BA%97/data=!4m7!3m6!1s0x3442a9666e9f721d:0x8aefbd57ef6d5d45!8m2!3d25.0518598!4d121.5273867!16s%2Fg%2F11b7cqtsy0!19sChIJHXKfbmapQjQRRV1t71e974o?authuser=0&hl=zh-TW&rclk=1,0x3442a9666e9f721d:0x8aefbd57ef6d5d45
245,Sheryl Lee,5,1 個月前,,2022-11-21,https://www.google.com.tw/maps/place/%E7%AF%89%E9%96%93%E5%B9%B8%E7%A6%8F%E9%8D%8B%E7%89%A9+%E5%8F%B0%E5%8C%97%E5%8D%97%E4%BA%AC%E4%B8%80%E5%BA%97/data=!4m7!3m6!1s0x3442a9666e9f721d:0x8aefbd57ef6d5d45!8m2!3d25.0518598!4d121.5273867!16s%2Fg%2F11b7cqtsy0!19sChIJHXKfbmapQjQRRV1t71e974o?authuser=0&hl=zh-TW&rclk=1,0x3442a9666e9f721d:0x8aefbd57ef6d5d45
246,胡詩函,5,1 個月前,"好吃✌️

",2022-11-21,https://www.google.com.tw/maps/place/%E7%AF%89%E9%96%93%E5%B9%B8%E7%A6%8F%E9%8D%8B%E7%89%A9+%E5%8F%B0%E5%8C%97%E5%8D%97%E4%BA%AC%E4%B8%80%E5%BA%97/data=!4m7!3m6!1s0x3442a9666e9f721d:0x8aefbd57ef6d5d45!8m2!3d25.0518598!4d121.5273867!16s%2Fg%2F11b7cqtsy0!19sChIJHXKfbmapQjQRRV1t71e974o?authuser=0&hl=zh-TW&rclk=1,0x3442a9666e9f721d:0x8aefbd57ef6d5d45
247,李建勳,3,1 個月前,"假日外場服務員不夠，不會主動巡場加湯，客人要自己呼喚服務員

",2022-11-21,https://www.google.com.tw/maps/place/%E7%AF%89%E9%96%93%E5%B9%B8%E7%A6%8F%E9%8D%8B%E7%89%A9+%E5%8F%B0%E5%8C%97%E5%8D%97%E4%BA%AC%E4%B8%80%E5%BA%97/data=!4m7!3m6!1s0x3442a9666e9f721d:0x8aefbd57ef6d5d45!8m2!3d25.0518598!4d121.5273867!16s%2Fg%2F11b7cqtsy0!19sChIJHXKfbmapQjQRRV1t71e974o?authuser=0&hl=zh-TW&rclk=1,0x3442a9666e9f721d:0x8aefbd57ef6d5d45
248,吳衡毅,5,1 個月前,"不錯吃  
服務人員親切

",2022-11-21,https://www.google.com.tw/maps/place/%E7%AF%89%E9%96%93%E5%B9%B8%E7%A6%8F%E9%8D%8B%E7%89%A9+%E5%8F%B0%E5%8C%97%E5%8D%97%E4%BA%AC%E4%B8%80%E5%BA%97/data=!4m7!3m6!1s0x3442a9666e9f721d:0x8aefbd57ef6d5d45!8m2!3d25.0518598!4d121.5273867!16s%2Fg%2F11b7cqtsy0!19sChIJHXKfbmapQjQRRV1t71e974o?authuser=0&hl=zh-TW&rclk=1,0x3442a9666e9f721d:0x8aefbd57ef6d5d45
249,Y Y,5,1 個月前,"升級雪花牛 服務好

",2022-11-21,https://www.google.com.tw/maps/place/%E7%AF%89%E9%96%93%E5%B9%B8%E7%A6%8F%E9%8D%8B%E7%89%A9+%E5%8F%B0%E5%8C%97%E5%8D%97%E4%BA%AC%E4%B8%80%E5%BA%97/data=!4m7!3m6!1s0x3442a9666e9f721d:0x8aefbd57ef6d5d45!8m2!3d25.0518598!4d121.5273867!16s%2Fg%2F11b7cqtsy0!19sChIJHXKfbmapQjQRRV1t71e974o?authuser=0&hl=zh-TW&rclk=1,0x3442a9666e9f721d:0x8aefbd57ef6d5d45
250,Ling X Wen,5,1 個月前,,2022-11-21,https://www.google.com.tw/maps/place/%E7%AF%89%E9%96%93%E5%B9%B8%E7%A6%8F%E9%8D%8B%E7%89%A9+%E5%8F%B0%E5%8C%97%E5%8D%97%E4%BA%AC%E4%B8%80%E5%BA%97/data=!4m7!3m6!1s0x3442a9666e9f721d:0x8aefbd57ef6d5d45!8m2!3d25.0518598!4d121.5273867!16s%2Fg%2F11b7cqtsy0!19sChIJHXKfbmapQjQRRV1t71e974o?authuser=0&hl=zh-TW&rclk=1,0x3442a9666e9f721d:0x8aefbd57ef6d5d45
251,郭嘉修,5,1 個月前,"(由 Google 提供翻譯) 一個可愛的地方和它的美味！  
  
(原始評論)  
A lovely place and its delicious !

",2022-11-21,https://www.google.com.tw/maps/place/%E7%AF%89%E9%96%93%E5%B9%B8%E7%A6%8F%E9%8D%8B%E7%89%A9+%E5%8F%B0%E5%8C%97%E5%8D%97%E4%BA%AC%E4%B8%80%E5%BA%97/data=!4m7!3m6!1s0x3442a9666e9f721d:0x8aefbd57ef6d5d45!8m2!3d25.0518598!4d121.5273867!16s%2Fg%2F11b7cqtsy0!19sChIJHXKfbmapQjQRRV1t71e974o?authuser=0&hl=zh-TW&rclk=1,0x3442a9666e9f721d:0x8aefbd57ef6d5d45
252,呱呱阿拉,5,1 個月前,"雪花牛好吃

",2022-11-21,https://www.google.com.tw/maps/place/%E7%AF%89%E9%96%93%E5%B9%B8%E7%A6%8F%E9%8D%8B%E7%89%A9+%E5%8F%B0%E5%8C%97%E5%8D%97%E4%BA%AC%E4%B8%80%E5%BA%97/data=!4m7!3m6!1s0x3442a9666e9f721d:0x8aefbd57ef6d5d45!8m2!3d25.0518598!4d121.5273867!16s%2Fg%2F11b7cqtsy0!19sChIJHXKfbmapQjQRRV1t71e974o?authuser=0&hl=zh-TW&rclk=1,0x3442a9666e9f721d:0x8aefbd57ef6d5d45
253,古奇,5,1 個月前,"好吃

",2022-11-21,https://www.google.com.tw/maps/place/%E7%AF%89%E9%96%93%E5%B9%B8%E7%A6%8F%E9%8D%8B%E7%89%A9+%E5%8F%B0%E5%8C%97%E5%8D%97%E4%BA%AC%E4%B8%80%E5%BA%97/data=!4m7!3m6!1s0x3442a9666e9f721d:0x8aefbd57ef6d5d45!8m2!3d25.0518598!4d121.5273867!16s%2Fg%2F11b7cqtsy0!19sChIJHXKfbmapQjQRRV1t71e974o?authuser=0&hl=zh-TW&rclk=1,0x3442a9666e9f721d:0x8aefbd57ef6d5d45
254,任弘育,5,1 個月前,,2022-11-21,https://www.google.com.tw/maps/place/%E7%AF%89%E9%96%93%E5%B9%B8%E7%A6%8F%E9%8D%8B%E7%89%A9+%E5%8F%B0%E5%8C%97%E5%8D%97%E4%BA%AC%E4%B8%80%E5%BA%97/data=!4m7!3m6!1s0x3442a9666e9f721d:0x8aefbd57ef6d5d45!8m2!3d25.0518598!4d121.5273867!16s%2Fg%2F11b7cqtsy0!19sChIJHXKfbmapQjQRRV1t71e974o?authuser=0&hl=zh-TW&rclk=1,0x3442a9666e9f721d:0x8aefbd57ef6d5d45
255,ZL Xu,5,1 個月前,,2022-11-21,https://www.google.com.tw/maps/place/%E7%AF%89%E9%96%93%E5%B9%B8%E7%A6%8F%E9%8D%8B%E7%89%A9+%E5%8F%B0%E5%8C%97%E5%8D%97%E4%BA%AC%E4%B8%80%E5%BA%97/data=!4m7!3m6!1s0x3442a9666e9f721d:0x8aefbd57ef6d5d45!8m2!3d25.0518598!4d121.5273867!16s%2Fg%2F11b7cqtsy0!19sChIJHXKfbmapQjQRRV1t71e974o?authuser=0&hl=zh-TW&rclk=1,0x3442a9666e9f721d:0x8aefbd57ef6d5d45
256,柯博鈞,5,1 個月前,,2022-11-21,https://www.google.com.tw/maps/place/%E7%AF%89%E9%96%93%E5%B9%B8%E7%A6%8F%E9%8D%8B%E7%89%A9+%E5%8F%B0%E5%8C%97%E5%8D%97%E4%BA%AC%E4%B8%80%E5%BA%97/data=!4m7!3m6!1s0x3442a9666e9f721d:0x8aefbd57ef6d5d45!8m2!3d25.0518598!4d121.5273867!16s%2Fg%2F11b7cqtsy0!19sChIJHXKfbmapQjQRRV1t71e974o?authuser=0&hl=zh-TW&rclk=1,0x3442a9666e9f721d:0x8aefbd57ef6d5d45
257,施墨然,5,1 個月前,"牛髓湯超好喝 火鍋界天花板

",2022-11-21,https://www.google.com.tw/maps/place/%E7%AF%89%E9%96%93%E5%B9%B8%E7%A6%8F%E9%8D%8B%E7%89%A9+%E5%8F%B0%E5%8C%97%E5%8D%97%E4%BA%AC%E4%B8%80%E5%BA%97/data=!4m7!3m6!1s0x3442a9666e9f721d:0x8aefbd57ef6d5d45!8m2!3d25.0518598!4d121.5273867!16s%2Fg%2F11b7cqtsy0!19sChIJHXKfbmapQjQRRV1t71e974o?authuser=0&hl=zh-TW&rclk=1,0x3442a9666e9f721d:0x8aefbd57ef6d5d45
258,阿妮,5,1 個月前,,2022-11-21,https://www.google.com.tw/maps/place/%E7%AF%89%E9%96%93%E5%B9%B8%E7%A6%8F%E9%8D%8B%E7%89%A9+%E5%8F%B0%E5%8C%97%E5%8D%97%E4%BA%AC%E4%B8%80%E5%BA%97/data=!4m7!3m6!1s0x3442a9666e9f721d:0x8aefbd57ef6d5d45!8m2!3d25.0518598!4d121.5273867!16s%2Fg%2F11b7cqtsy0!19sChIJHXKfbmapQjQRRV1t71e974o?authuser=0&hl=zh-TW&rclk=1,0x3442a9666e9f721d:0x8aefbd57ef6d5d45
259,Mike Lai,5,1 個月前,,2022-11-21,https://www.google.com.tw/maps/place/%E7%AF%89%E9%96%93%E5%B9%B8%E7%A6%8F%E9%8D%8B%E7%89%A9+%E5%8F%B0%E5%8C%97%E5%8D%97%E4%BA%AC%E4%B8%80%E5%BA%97/data=!4m7!3m6!1s0x3442a9666e9f721d:0x8aefbd57ef6d5d45!8m2!3d25.0518598!4d121.5273867!16s%2Fg%2F11b7cqtsy0!19sChIJHXKfbmapQjQRRV1t71e974o?authuser=0&hl=zh-TW&rclk=1,0x3442a9666e9f721d:0x8aefbd57ef6d5d45
260,Teresa,5,1 個月前,"很好吃的火鍋～～✨

",2022-11-21,https://www.google.com.tw/maps/place/%E7%AF%89%E9%96%93%E5%B9%B8%E7%A6%8F%E9%8D%8B%E7%89%A9+%E5%8F%B0%E5%8C%97%E5%8D%97%E4%BA%AC%E4%B8%80%E5%BA%97/data=!4m7!3m6!1s0x3442a9666e9f721d:0x8aefbd57ef6d5d45!8m2!3d25.0518598!4d121.5273867!16s%2Fg%2F11b7cqtsy0!19sChIJHXKfbmapQjQRRV1t71e974o?authuser=0&hl=zh-TW&rclk=1,0x3442a9666e9f721d:0x8aefbd57ef6d5d45
261,HSUEN-AN HSIAO,5,1 個月前,"

",2022-11-21,https://www.google.com.tw/maps/place/%E7%AF%89%E9%96%93%E5%B9%B8%E7%A6%8F%E9%8D%8B%E7%89%A9+%E5%8F%B0%E5%8C%97%E5%8D%97%E4%BA%AC%E4%B8%80%E5%BA%97/data=!4m7!3m6!1s0x3442a9666e9f721d:0x8aefbd57ef6d5d45!8m2!3d25.0518598!4d121.5273867!16s%2Fg%2F11b7cqtsy0!19sChIJHXKfbmapQjQRRV1t71e974o?authuser=0&hl=zh-TW&rclk=1,0x3442a9666e9f721d:0x8aefbd57ef6d5d45
262,蕭慧如,5,1 個月前,"用餐環境不錯 提早訂位才不用等太久

",2022-11-21,https://www.google.com.tw/maps/place/%E7%AF%89%E9%96%93%E5%B9%B8%E7%A6%8F%E9%8D%8B%E7%89%A9+%E5%8F%B0%E5%8C%97%E5%8D%97%E4%BA%AC%E4%B8%80%E5%BA%97/data=!4m7!3m6!1s0x3442a9666e9f721d:0x8aefbd57ef6d5d45!8m2!3d25.0518598!4d121.5273867!16s%2Fg%2F11b7cqtsy0!19sChIJHXKfbmapQjQRRV1t71e974o?authuser=0&hl=zh-TW&rclk=1,0x3442a9666e9f721d:0x8aefbd57ef6d5d45
263,KUKU LI,5,1 個月前,"整體還不錯

",2022-11-21,https://www.google.com.tw/maps/place/%E7%AF%89%E9%96%93%E5%B9%B8%E7%A6%8F%E9%8D%8B%E7%89%A9+%E5%8F%B0%E5%8C%97%E5%8D%97%E4%BA%AC%E4%B8%80%E5%BA%97/data=!4m7!3m6!1s0x3442a9666e9f721d:0x8aefbd57ef6d5d45!8m2!3d25.0518598!4d121.5273867!16s%2Fg%2F11b7cqtsy0!19sChIJHXKfbmapQjQRRV1t71e974o?authuser=0&hl=zh-TW&rclk=1,0x3442a9666e9f721d:0x8aefbd57ef6d5d45
264,蕭智泠,5,1 個月前,"打卡優惠，餐點不錯吃

",2022-11-21,https://www.google.com.tw/maps/place/%E7%AF%89%E9%96%93%E5%B9%B8%E7%A6%8F%E9%8D%8B%E7%89%A9+%E5%8F%B0%E5%8C%97%E5%8D%97%E4%BA%AC%E4%B8%80%E5%BA%97/data=!4m7!3m6!1s0x3442a9666e9f721d:0x8aefbd57ef6d5d45!8m2!3d25.0518598!4d121.5273867!16s%2Fg%2F11b7cqtsy0!19sChIJHXKfbmapQjQRRV1t71e974o?authuser=0&hl=zh-TW&rclk=1,0x3442a9666e9f721d:0x8aefbd57ef6d5d45
265,CY H,5,1 個月前,"環境良好，餐點美味

",2022-11-21,https://www.google.com.tw/maps/place/%E7%AF%89%E9%96%93%E5%B9%B8%E7%A6%8F%E9%8D%8B%E7%89%A9+%E5%8F%B0%E5%8C%97%E5%8D%97%E4%BA%AC%E4%B8%80%E5%BA%97/data=!4m7!3m6!1s0x3442a9666e9f721d:0x8aefbd57ef6d5d45!8m2!3d25.0518598!4d121.5273867!16s%2Fg%2F11b7cqtsy0!19sChIJHXKfbmapQjQRRV1t71e974o?authuser=0&hl=zh-TW&rclk=1,0x3442a9666e9f721d:0x8aefbd57ef6d5d45
266,Josh Hsieh,5,1 個月前,"有點東西

",2022-11-21,https://www.google.com.tw/maps/place/%E7%AF%89%E9%96%93%E5%B9%B8%E7%A6%8F%E9%8D%8B%E7%89%A9+%E5%8F%B0%E5%8C%97%E5%8D%97%E4%BA%AC%E4%B8%80%E5%BA%97/data=!4m7!3m6!1s0x3442a9666e9f721d:0x8aefbd57ef6d5d45!8m2!3d25.0518598!4d121.5273867!16s%2Fg%2F11b7cqtsy0!19sChIJHXKfbmapQjQRRV1t71e974o?authuser=0&hl=zh-TW&rclk=1,0x3442a9666e9f721d:0x8aefbd57ef6d5d45
267,Borden Chen,5,1 個月前,"環境良好，餐點美味

",2022-11-21,https://www.google.com.tw/maps/place/%E7%AF%89%E9%96%93%E5%B9%B8%E7%A6%8F%E9%8D%8B%E7%89%A9+%E5%8F%B0%E5%8C%97%E5%8D%97%E4%BA%AC%E4%B8%80%E5%BA%97/data=!4m7!3m6!1s0x3442a9666e9f721d:0x8aefbd57ef6d5d45!8m2!3d25.0518598!4d121.5273867!16s%2Fg%2F11b7cqtsy0!19sChIJHXKfbmapQjQRRV1t71e974o?authuser=0&hl=zh-TW&rclk=1,0x3442a9666e9f721d:0x8aefbd57ef6d5d45
268,evian liao,5,1 個月前,,2022-11-21,https://www.google.com.tw/maps/place/%E7%AF%89%E9%96%93%E5%B9%B8%E7%A6%8F%E9%8D%8B%E7%89%A9+%E5%8F%B0%E5%8C%97%E5%8D%97%E4%BA%AC%E4%B8%80%E5%BA%97/data=!4m7!3m6!1s0x3442a9666e9f721d:0x8aefbd57ef6d5d45!8m2!3d25.0518598!4d121.5273867!16s%2Fg%2F11b7cqtsy0!19sChIJHXKfbmapQjQRRV1t71e974o?authuser=0&hl=zh-TW&rclk=1,0x3442a9666e9f721d:0x8aefbd57ef6d5d45
269,リンチエンイン,4,1 個月前,,2022-11-21,https://www.google.com.tw/maps/place/%E7%AF%89%E9%96%93%E5%B9%B8%E7%A6%8F%E9%8D%8B%E7%89%A9+%E5%8F%B0%E5%8C%97%E5%8D%97%E4%BA%AC%E4%B8%80%E5%BA%97/data=!4m7!3m6!1s0x3442a9666e9f721d:0x8aefbd57ef6d5d45!8m2!3d25.0518598!4d121.5273867!16s%2Fg%2F11b7cqtsy0!19sChIJHXKfbmapQjQRRV1t71e974o?authuser=0&hl=zh-TW&rclk=1,0x3442a9666e9f721d:0x8aefbd57ef6d5d45
270,Lee Louis (Oldlee),5,1 個月前,"上菜速度快、服務人員親切解釋！

",2022-11-21,https://www.google.com.tw/maps/place/%E7%AF%89%E9%96%93%E5%B9%B8%E7%A6%8F%E9%8D%8B%E7%89%A9+%E5%8F%B0%E5%8C%97%E5%8D%97%E4%BA%AC%E4%B8%80%E5%BA%97/data=!4m7!3m6!1s0x3442a9666e9f721d:0x8aefbd57ef6d5d45!8m2!3d25.0518598!4d121.5273867!16s%2Fg%2F11b7cqtsy0!19sChIJHXKfbmapQjQRRV1t71e974o?authuser=0&hl=zh-TW&rclk=1,0x3442a9666e9f721d:0x8aefbd57ef6d5d45
271,Chloe Smart,5,1 個月前,"好吃

",2022-11-21,https://www.google.com.tw/maps/place/%E7%AF%89%E9%96%93%E5%B9%B8%E7%A6%8F%E9%8D%8B%E7%89%A9+%E5%8F%B0%E5%8C%97%E5%8D%97%E4%BA%AC%E4%B8%80%E5%BA%97/data=!4m7!3m6!1s0x3442a9666e9f721d:0x8aefbd57ef6d5d45!8m2!3d25.0518598!4d121.5273867!16s%2Fg%2F11b7cqtsy0!19sChIJHXKfbmapQjQRRV1t71e974o?authuser=0&hl=zh-TW&rclk=1,0x3442a9666e9f721d:0x8aefbd57ef6d5d45
272,Ian Huang,5,1 個月前,"這是我的娘家！好吃又多肉！沒有理由不來吃吧～我就問～

",2022-11-21,https://www.google.com.tw/maps/place/%E7%AF%89%E9%96%93%E5%B9%B8%E7%A6%8F%E9%8D%8B%E7%89%A9+%E5%8F%B0%E5%8C%97%E5%8D%97%E4%BA%AC%E4%B8%80%E5%BA%97/data=!4m7!3m6!1s0x3442a9666e9f721d:0x8aefbd57ef6d5d45!8m2!3d25.0518598!4d121.5273867!16s%2Fg%2F11b7cqtsy0!19sChIJHXKfbmapQjQRRV1t71e974o?authuser=0&hl=zh-TW&rclk=1,0x3442a9666e9f721d:0x8aefbd57ef6d5d45
273,許孝民,5,1 個月前,"好吃

",2022-11-21,https://www.google.com.tw/maps/place/%E7%AF%89%E9%96%93%E5%B9%B8%E7%A6%8F%E9%8D%8B%E7%89%A9+%E5%8F%B0%E5%8C%97%E5%8D%97%E4%BA%AC%E4%B8%80%E5%BA%97/data=!4m7!3m6!1s0x3442a9666e9f721d:0x8aefbd57ef6d5d45!8m2!3d25.0518598!4d121.5273867!16s%2Fg%2F11b7cqtsy0!19sChIJHXKfbmapQjQRRV1t71e974o?authuser=0&hl=zh-TW&rclk=1,0x3442a9666e9f721d:0x8aefbd57ef6d5d45
274,潘柏宏,5,1 個月前,"築間一直都是我的愛

",2022-11-21,https://www.google.com.tw/maps/place/%E7%AF%89%E9%96%93%E5%B9%B8%E7%A6%8F%E9%8D%8B%E7%89%A9+%E5%8F%B0%E5%8C%97%E5%8D%97%E4%BA%AC%E4%B8%80%E5%BA%97/data=!4m7!3m6!1s0x3442a9666e9f721d:0x8aefbd57ef6d5d45!8m2!3d25.0518598!4d121.5273867!16s%2Fg%2F11b7cqtsy0!19sChIJHXKfbmapQjQRRV1t71e974o?authuser=0&hl=zh-TW&rclk=1,0x3442a9666e9f721d:0x8aefbd57ef6d5d45
275,bo pan,5,1 個月前,,2022-11-21,https://www.google.com.tw/maps/place/%E7%AF%89%E9%96%93%E5%B9%B8%E7%A6%8F%E9%8D%8B%E7%89%A9+%E5%8F%B0%E5%8C%97%E5%8D%97%E4%BA%AC%E4%B8%80%E5%BA%97/data=!4m7!3m6!1s0x3442a9666e9f721d:0x8aefbd57ef6d5d45!8m2!3d25.0518598!4d121.5273867!16s%2Fg%2F11b7cqtsy0!19sChIJHXKfbmapQjQRRV1t71e974o?authuser=0&hl=zh-TW&rclk=1,0x3442a9666e9f721d:0x8aefbd57ef6d5d45
276,黃玟綺,5,1 個月前,,2022-11-21,https://www.google.com.tw/maps/place/%E7%AF%89%E9%96%93%E5%B9%B8%E7%A6%8F%E9%8D%8B%E7%89%A9+%E5%8F%B0%E5%8C%97%E5%8D%97%E4%BA%AC%E4%B8%80%E5%BA%97/data=!4m7!3m6!1s0x3442a9666e9f721d:0x8aefbd57ef6d5d45!8m2!3d25.0518598!4d121.5273867!16s%2Fg%2F11b7cqtsy0!19sChIJHXKfbmapQjQRRV1t71e974o?authuser=0&hl=zh-TW&rclk=1,0x3442a9666e9f721d:0x8aefbd57ef6d5d45
277,張庭瑋,5,1 個月前,"

",2022-11-21,https://www.google.com.tw/maps/place/%E7%AF%89%E9%96%93%E5%B9%B8%E7%A6%8F%E9%8D%8B%E7%89%A9+%E5%8F%B0%E5%8C%97%E5%8D%97%E4%BA%AC%E4%B8%80%E5%BA%97/data=!4m7!3m6!1s0x3442a9666e9f721d:0x8aefbd57ef6d5d45!8m2!3d25.0518598!4d121.5273867!16s%2Fg%2F11b7cqtsy0!19sChIJHXKfbmapQjQRRV1t71e974o?authuser=0&hl=zh-TW&rclk=1,0x3442a9666e9f721d:0x8aefbd57ef6d5d45
278,張子瀅,5,1 個月前,,2022-11-21,https://www.google.com.tw/maps/place/%E7%AF%89%E9%96%93%E5%B9%B8%E7%A6%8F%E9%8D%8B%E7%89%A9+%E5%8F%B0%E5%8C%97%E5%8D%97%E4%BA%AC%E4%B8%80%E5%BA%97/data=!4m7!3m6!1s0x3442a9666e9f721d:0x8aefbd57ef6d5d45!8m2!3d25.0518598!4d121.5273867!16s%2Fg%2F11b7cqtsy0!19sChIJHXKfbmapQjQRRV1t71e974o?authuser=0&hl=zh-TW&rclk=1,0x3442a9666e9f721d:0x8aefbd57ef6d5d45
279,宋權佑,5,1 個月前,"讚

",2022-11-21,https://www.google.com.tw/maps/place/%E7%AF%89%E9%96%93%E5%B9%B8%E7%A6%8F%E9%8D%8B%E7%89%A9+%E5%8F%B0%E5%8C%97%E5%8D%97%E4%BA%AC%E4%B8%80%E5%BA%97/data=!4m7!3m6!1s0x3442a9666e9f721d:0x8aefbd57ef6d5d45!8m2!3d25.0518598!4d121.5273867!16s%2Fg%2F11b7cqtsy0!19sChIJHXKfbmapQjQRRV1t71e974o?authuser=0&hl=zh-TW&rclk=1,0x3442a9666e9f721d:0x8aefbd57ef6d5d45
280,快樂,5,1 個月前,,2022-11-21,https://www.google.com.tw/maps/place/%E7%AF%89%E9%96%93%E5%B9%B8%E7%A6%8F%E9%8D%8B%E7%89%A9+%E5%8F%B0%E5%8C%97%E5%8D%97%E4%BA%AC%E4%B8%80%E5%BA%97/data=!4m7!3m6!1s0x3442a9666e9f721d:0x8aefbd57ef6d5d45!8m2!3d25.0518598!4d121.5273867!16s%2Fg%2F11b7cqtsy0!19sChIJHXKfbmapQjQRRV1t71e974o?authuser=0&hl=zh-TW&rclk=1,0x3442a9666e9f721d:0x8aefbd57ef6d5d45
281,Chen Daniel,5,1 個月前,,2022-11-21,https://www.google.com.tw/maps/place/%E7%AF%89%E9%96%93%E5%B9%B8%E7%A6%8F%E9%8D%8B%E7%89%A9+%E5%8F%B0%E5%8C%97%E5%8D%97%E4%BA%AC%E4%B8%80%E5%BA%97/data=!4m7!3m6!1s0x3442a9666e9f721d:0x8aefbd57ef6d5d45!8m2!3d25.0518598!4d121.5273867!16s%2Fg%2F11b7cqtsy0!19sChIJHXKfbmapQjQRRV1t71e974o?authuser=0&hl=zh-TW&rclk=1,0x3442a9666e9f721d:0x8aefbd57ef6d5d45
282,張惟舒,5,1 個月前,"工作人員服務親切

",2022-11-21,https://www.google.com.tw/maps/place/%E7%AF%89%E9%96%93%E5%B9%B8%E7%A6%8F%E9%8D%8B%E7%89%A9+%E5%8F%B0%E5%8C%97%E5%8D%97%E4%BA%AC%E4%B8%80%E5%BA%97/data=!4m7!3m6!1s0x3442a9666e9f721d:0x8aefbd57ef6d5d45!8m2!3d25.0518598!4d121.5273867!16s%2Fg%2F11b7cqtsy0!19sChIJHXKfbmapQjQRRV1t71e974o?authuser=0&hl=zh-TW&rclk=1,0x3442a9666e9f721d:0x8aefbd57ef6d5d45
283,MoMo Hsieh,5,1 個月前,,2022-11-21,https://www.google.com.tw/maps/place/%E7%AF%89%E9%96%93%E5%B9%B8%E7%A6%8F%E9%8D%8B%E7%89%A9+%E5%8F%B0%E5%8C%97%E5%8D%97%E4%BA%AC%E4%B8%80%E5%BA%97/data=!4m7!3m6!1s0x3442a9666e9f721d:0x8aefbd57ef6d5d45!8m2!3d25.0518598!4d121.5273867!16s%2Fg%2F11b7cqtsy0!19sChIJHXKfbmapQjQRRV1t71e974o?authuser=0&hl=zh-TW&rclk=1,0x3442a9666e9f721d:0x8aefbd57ef6d5d45
284,Cathy,5,1 個月前,,2022-11-21,https://www.google.com.tw/maps/place/%E7%AF%89%E9%96%93%E5%B9%B8%E7%A6%8F%E9%8D%8B%E7%89%A9+%E5%8F%B0%E5%8C%97%E5%8D%97%E4%BA%AC%E4%B8%80%E5%BA%97/data=!4m7!3m6!1s0x3442a9666e9f721d:0x8aefbd57ef6d5d45!8m2!3d25.0518598!4d121.5273867!16s%2Fg%2F11b7cqtsy0!19sChIJHXKfbmapQjQRRV1t71e974o?authuser=0&hl=zh-TW&rclk=1,0x3442a9666e9f721d:0x8aefbd57ef6d5d45
285,程筠雅Emily,5,1 個月前,"好吃

",2022-11-21,https://www.google.com.tw/maps/place/%E7%AF%89%E9%96%93%E5%B9%B8%E7%A6%8F%E9%8D%8B%E7%89%A9+%E5%8F%B0%E5%8C%97%E5%8D%97%E4%BA%AC%E4%B8%80%E5%BA%97/data=!4m7!3m6!1s0x3442a9666e9f721d:0x8aefbd57ef6d5d45!8m2!3d25.0518598!4d121.5273867!16s%2Fg%2F11b7cqtsy0!19sChIJHXKfbmapQjQRRV1t71e974o?authuser=0&hl=zh-TW&rclk=1,0x3442a9666e9f721d:0x8aefbd57ef6d5d45
286,Andy Yen,5,1 個月前,"服務好，用餐環境也很棒

",2022-11-21,https://www.google.com.tw/maps/place/%E7%AF%89%E9%96%93%E5%B9%B8%E7%A6%8F%E9%8D%8B%E7%89%A9+%E5%8F%B0%E5%8C%97%E5%8D%97%E4%BA%AC%E4%B8%80%E5%BA%97/data=!4m7!3m6!1s0x3442a9666e9f721d:0x8aefbd57ef6d5d45!8m2!3d25.0518598!4d121.5273867!16s%2Fg%2F11b7cqtsy0!19sChIJHXKfbmapQjQRRV1t71e974o?authuser=0&hl=zh-TW&rclk=1,0x3442a9666e9f721d:0x8aefbd57ef6d5d45
287,Jerry Yu,5,1 個月前,"好吃

",2022-11-21,https://www.google.com.tw/maps/place/%E7%AF%89%E9%96%93%E5%B9%B8%E7%A6%8F%E9%8D%8B%E7%89%A9+%E5%8F%B0%E5%8C%97%E5%8D%97%E4%BA%AC%E4%B8%80%E5%BA%97/data=!4m7!3m6!1s0x3442a9666e9f721d:0x8aefbd57ef6d5d45!8m2!3d25.0518598!4d121.5273867!16s%2Fg%2F11b7cqtsy0!19sChIJHXKfbmapQjQRRV1t71e974o?authuser=0&hl=zh-TW&rclk=1,0x3442a9666e9f721d:0x8aefbd57ef6d5d45
288,莊家慶,5,1 個月前,,2022-11-21,https://www.google.com.tw/maps/place/%E7%AF%89%E9%96%93%E5%B9%B8%E7%A6%8F%E9%8D%8B%E7%89%A9+%E5%8F%B0%E5%8C%97%E5%8D%97%E4%BA%AC%E4%B8%80%E5%BA%97/data=!4m7!3m6!1s0x3442a9666e9f721d:0x8aefbd57ef6d5d45!8m2!3d25.0518598!4d121.5273867!16s%2Fg%2F11b7cqtsy0!19sChIJHXKfbmapQjQRRV1t71e974o?authuser=0&hl=zh-TW&rclk=1,0x3442a9666e9f721d:0x8aefbd57ef6d5d45
289,鄭琬叡,5,1 個月前,"好吃  
  
特殊餐點：烏骨雞

",2022-11-21,https://www.google.com.tw/maps/place/%E7%AF%89%E9%96%93%E5%B9%B8%E7%A6%8F%E9%8D%8B%E7%89%A9+%E5%8F%B0%E5%8C%97%E5%8D%97%E4%BA%AC%E4%B8%80%E5%BA%97/data=!4m7!3m6!1s0x3442a9666e9f721d:0x8aefbd57ef6d5d45!8m2!3d25.0518598!4d121.5273867!16s%2Fg%2F11b7cqtsy0!19sChIJHXKfbmapQjQRRV1t71e974o?authuser=0&hl=zh-TW&rclk=1,0x3442a9666e9f721d:0x8aefbd57ef6d5d45
290,賴肇瑋,5,1 個月前,"好吃 服務熱情

",2022-11-21,https://www.google.com.tw/maps/place/%E7%AF%89%E9%96%93%E5%B9%B8%E7%A6%8F%E9%8D%8B%E7%89%A9+%E5%8F%B0%E5%8C%97%E5%8D%97%E4%BA%AC%E4%B8%80%E5%BA%97/data=!4m7!3m6!1s0x3442a9666e9f721d:0x8aefbd57ef6d5d45!8m2!3d25.0518598!4d121.5273867!16s%2Fg%2F11b7cqtsy0!19sChIJHXKfbmapQjQRRV1t71e974o?authuser=0&hl=zh-TW&rclk=1,0x3442a9666e9f721d:0x8aefbd57ef6d5d45
291,富卯連,5,1 個月前,,2022-11-21,https://www.google.com.tw/maps/place/%E7%AF%89%E9%96%93%E5%B9%B8%E7%A6%8F%E9%8D%8B%E7%89%A9+%E5%8F%B0%E5%8C%97%E5%8D%97%E4%BA%AC%E4%B8%80%E5%BA%97/data=!4m7!3m6!1s0x3442a9666e9f721d:0x8aefbd57ef6d5d45!8m2!3d25.0518598!4d121.5273867!16s%2Fg%2F11b7cqtsy0!19sChIJHXKfbmapQjQRRV1t71e974o?authuser=0&hl=zh-TW&rclk=1,0x3442a9666e9f721d:0x8aefbd57ef6d5d45
292,Mike Kenta,5,1 個月前,"肉肉有增量

",2022-11-21,https://www.google.com.tw/maps/place/%E7%AF%89%E9%96%93%E5%B9%B8%E7%A6%8F%E9%8D%8B%E7%89%A9+%E5%8F%B0%E5%8C%97%E5%8D%97%E4%BA%AC%E4%B8%80%E5%BA%97/data=!4m7!3m6!1s0x3442a9666e9f721d:0x8aefbd57ef6d5d45!8m2!3d25.0518598!4d121.5273867!16s%2Fg%2F11b7cqtsy0!19sChIJHXKfbmapQjQRRV1t71e974o?authuser=0&hl=zh-TW&rclk=1,0x3442a9666e9f721d:0x8aefbd57ef6d5d45
293,梁以其Anne,5,1 個月前,"好吃！

",2022-11-21,https://www.google.com.tw/maps/place/%E7%AF%89%E9%96%93%E5%B9%B8%E7%A6%8F%E9%8D%8B%E7%89%A9+%E5%8F%B0%E5%8C%97%E5%8D%97%E4%BA%AC%E4%B8%80%E5%BA%97/data=!4m7!3m6!1s0x3442a9666e9f721d:0x8aefbd57ef6d5d45!8m2!3d25.0518598!4d121.5273867!16s%2Fg%2F11b7cqtsy0!19sChIJHXKfbmapQjQRRV1t71e974o?authuser=0&hl=zh-TW&rclk=1,0x3442a9666e9f721d:0x8aefbd57ef6d5d45
294,姜冠宏,5,1 個月前,,2022-11-21,https://www.google.com.tw/maps/place/%E7%AF%89%E9%96%93%E5%B9%B8%E7%A6%8F%E9%8D%8B%E7%89%A9+%E5%8F%B0%E5%8C%97%E5%8D%97%E4%BA%AC%E4%B8%80%E5%BA%97/data=!4m7!3m6!1s0x3442a9666e9f721d:0x8aefbd57ef6d5d45!8m2!3d25.0518598!4d121.5273867!16s%2Fg%2F11b7cqtsy0!19sChIJHXKfbmapQjQRRV1t71e974o?authuser=0&hl=zh-TW&rclk=1,0x3442a9666e9f721d:0x8aefbd57ef6d5d45
295,洋蔥,5,1 個月前,"服務很好，直得再次回訪

",2022-11-21,https://www.google.com.tw/maps/place/%E7%AF%89%E9%96%93%E5%B9%B8%E7%A6%8F%E9%8D%8B%E7%89%A9+%E5%8F%B0%E5%8C%97%E5%8D%97%E4%BA%AC%E4%B8%80%E5%BA%97/data=!4m7!3m6!1s0x3442a9666e9f721d:0x8aefbd57ef6d5d45!8m2!3d25.0518598!4d121.5273867!16s%2Fg%2F11b7cqtsy0!19sChIJHXKfbmapQjQRRV1t71e974o?authuser=0&hl=zh-TW&rclk=1,0x3442a9666e9f721d:0x8aefbd57ef6d5d45
296,謝憶梅,5,1 個月前,"環境乾淨 選擇多樣  
服務人員親切 洗手間也很乾淨

",2022-11-21,https://www.google.com.tw/maps/place/%E7%AF%89%E9%96%93%E5%B9%B8%E7%A6%8F%E9%8D%8B%E7%89%A9+%E5%8F%B0%E5%8C%97%E5%8D%97%E4%BA%AC%E4%B8%80%E5%BA%97/data=!4m7!3m6!1s0x3442a9666e9f721d:0x8aefbd57ef6d5d45!8m2!3d25.0518598!4d121.5273867!16s%2Fg%2F11b7cqtsy0!19sChIJHXKfbmapQjQRRV1t71e974o?authuser=0&hl=zh-TW&rclk=1,0x3442a9666e9f721d:0x8aefbd57ef6d5d45
297,angel,5,1 個月前,"升級

",2022-11-21,https://www.google.com.tw/maps/place/%E7%AF%89%E9%96%93%E5%B9%B8%E7%A6%8F%E9%8D%8B%E7%89%A9+%E5%8F%B0%E5%8C%97%E5%8D%97%E4%BA%AC%E4%B8%80%E5%BA%97/data=!4m7!3m6!1s0x3442a9666e9f721d:0x8aefbd57ef6d5d45!8m2!3d25.0518598!4d121.5273867!16s%2Fg%2F11b7cqtsy0!19sChIJHXKfbmapQjQRRV1t71e974o?authuser=0&hl=zh-TW&rclk=1,0x3442a9666e9f721d:0x8aefbd57ef6d5d45
298,王慕豆,5,1 個月前,"服務很好，很好吃

",2022-11-21,https://www.google.com.tw/maps/place/%E7%AF%89%E9%96%93%E5%B9%B8%E7%A6%8F%E9%8D%8B%E7%89%A9+%E5%8F%B0%E5%8C%97%E5%8D%97%E4%BA%AC%E4%B8%80%E5%BA%97/data=!4m7!3m6!1s0x3442a9666e9f721d:0x8aefbd57ef6d5d45!8m2!3d25.0518598!4d121.5273867!16s%2Fg%2F11b7cqtsy0!19sChIJHXKfbmapQjQRRV1t71e974o?authuser=0&hl=zh-TW&rclk=1,0x3442a9666e9f721d:0x8aefbd57ef6d5d45
299,王王,5,1 個月前,,2022-11-21,https://www.google.com.tw/maps/place/%E7%AF%89%E9%96%93%E5%B9%B8%E7%A6%8F%E9%8D%8B%E7%89%A9+%E5%8F%B0%E5%8C%97%E5%8D%97%E4%BA%AC%E4%B8%80%E5%BA%97/data=!4m7!3m6!1s0x3442a9666e9f721d:0x8aefbd57ef6d5d45!8m2!3d25.0518598!4d121.5273867!16s%2Fg%2F11b7cqtsy0!19sChIJHXKfbmapQjQRRV1t71e974o?authuser=0&hl=zh-TW&rclk=1,0x3442a9666e9f721d:0x8aefbd57ef6d5d45
300,曾佑羚,5,1 個月前,,2022-11-21,https://www.google.com.tw/maps/place/%E7%AF%89%E9%96%93%E5%B9%B8%E7%A6%8F%E9%8D%8B%E7%89%A9+%E5%8F%B0%E5%8C%97%E5%8D%97%E4%BA%AC%E4%B8%80%E5%BA%97/data=!4m7!3m6!1s0x3442a9666e9f721d:0x8aefbd57ef6d5d45!8m2!3d25.0518598!4d121.5273867!16s%2Fg%2F11b7cqtsy0!19sChIJHXKfbmapQjQRRV1t71e974o?authuser=0&hl=zh-TW&rclk=1,0x3442a9666e9f721d:0x8aefbd57ef6d5d45
301,Elsa Lee,3,1 個月前,"(由 Google 提供翻譯) 3 星非常好的食物質量。缺少 2 bcz 糟糕的服務。我打電話嘗試在 1
小時前進行預訂。在電話中，服務器很冷，回答簡短而且不是很有幫助。我在附近，所以我出現了，看看是否有機會得到它，有很多桌子可用，我真的不明白溝通是如何變成這樣的。  
  
(原始評論)  
3 stars for really nice food quality. Lack of 2 bcz the bad service. I called
try to make a reserve right 1hr before. On the phone call the server was very
cold, answered briefly and not very helpful. I was nearby so I showed up to
see if there’s a chance to get it anyway, It was PLENTY table available and I
genuinely don’t understand how the communication turned out like this.

",2022-11-21,https://www.google.com.tw/maps/place/%E7%AF%89%E9%96%93%E5%B9%B8%E7%A6%8F%E9%8D%8B%E7%89%A9+%E5%8F%B0%E5%8C%97%E5%8D%97%E4%BA%AC%E4%B8%80%E5%BA%97/data=!4m7!3m6!1s0x3442a9666e9f721d:0x8aefbd57ef6d5d45!8m2!3d25.0518598!4d121.5273867!16s%2Fg%2F11b7cqtsy0!19sChIJHXKfbmapQjQRRV1t71e974o?authuser=0&hl=zh-TW&rclk=1,0x3442a9666e9f721d:0x8aefbd57ef6d5d45
302,簡季信,5,1 個月前,"很棒的體驗！

",2022-11-21,https://www.google.com.tw/maps/place/%E7%AF%89%E9%96%93%E5%B9%B8%E7%A6%8F%E9%8D%8B%E7%89%A9+%E5%8F%B0%E5%8C%97%E5%8D%97%E4%BA%AC%E4%B8%80%E5%BA%97/data=!4m7!3m6!1s0x3442a9666e9f721d:0x8aefbd57ef6d5d45!8m2!3d25.0518598!4d121.5273867!16s%2Fg%2F11b7cqtsy0!19sChIJHXKfbmapQjQRRV1t71e974o?authuser=0&hl=zh-TW&rclk=1,0x3442a9666e9f721d:0x8aefbd57ef6d5d45
303,劉德華,1,1 個月前,"收服務費 看不見服務人員超過三次  
變相漲價就算了 那該有的品質要有吧  
肉變少 還不給外帶包湯 評價都打卡活動洗出來的  
差勁 不推薦

",2022-11-21,https://www.google.com.tw/maps/place/%E7%AF%89%E9%96%93%E5%B9%B8%E7%A6%8F%E9%8D%8B%E7%89%A9+%E5%8F%B0%E5%8C%97%E5%8D%97%E4%BA%AC%E4%B8%80%E5%BA%97/data=!4m7!3m6!1s0x3442a9666e9f721d:0x8aefbd57ef6d5d45!8m2!3d25.0518598!4d121.5273867!16s%2Fg%2F11b7cqtsy0!19sChIJHXKfbmapQjQRRV1t71e974o?authuser=0&hl=zh-TW&rclk=1,0x3442a9666e9f721d:0x8aefbd57ef6d5d45
304,Hsiao ping Hsu,3,1 個月前,"服務普通，菜色與其他分店相比有落差，湯頭不OK...唉

",2022-11-21,https://www.google.com.tw/maps/place/%E7%AF%89%E9%96%93%E5%B9%B8%E7%A6%8F%E9%8D%8B%E7%89%A9+%E5%8F%B0%E5%8C%97%E5%8D%97%E4%BA%AC%E4%B8%80%E5%BA%97/data=!4m7!3m6!1s0x3442a9666e9f721d:0x8aefbd57ef6d5d45!8m2!3d25.0518598!4d121.5273867!16s%2Fg%2F11b7cqtsy0!19sChIJHXKfbmapQjQRRV1t71e974o?authuser=0&hl=zh-TW&rclk=1,0x3442a9666e9f721d:0x8aefbd57ef6d5d45
305,謝鎮謙,5,1 個月前,,2022-11-21,https://www.google.com.tw/maps/place/%E7%AF%89%E9%96%93%E5%B9%B8%E7%A6%8F%E9%8D%8B%E7%89%A9+%E5%8F%B0%E5%8C%97%E5%8D%97%E4%BA%AC%E4%B8%80%E5%BA%97/data=!4m7!3m6!1s0x3442a9666e9f721d:0x8aefbd57ef6d5d45!8m2!3d25.0518598!4d121.5273867!16s%2Fg%2F11b7cqtsy0!19sChIJHXKfbmapQjQRRV1t71e974o?authuser=0&hl=zh-TW&rclk=1,0x3442a9666e9f721d:0x8aefbd57ef6d5d45
306,林硯翔,5,1 個月前,"棒棒！

",2022-11-21,https://www.google.com.tw/maps/place/%E7%AF%89%E9%96%93%E5%B9%B8%E7%A6%8F%E9%8D%8B%E7%89%A9+%E5%8F%B0%E5%8C%97%E5%8D%97%E4%BA%AC%E4%B8%80%E5%BA%97/data=!4m7!3m6!1s0x3442a9666e9f721d:0x8aefbd57ef6d5d45!8m2!3d25.0518598!4d121.5273867!16s%2Fg%2F11b7cqtsy0!19sChIJHXKfbmapQjQRRV1t71e974o?authuser=0&hl=zh-TW&rclk=1,0x3442a9666e9f721d:0x8aefbd57ef6d5d45
307,Kevin Lee,5,1 個月前,,2022-11-21,https://www.google.com.tw/maps/place/%E7%AF%89%E9%96%93%E5%B9%B8%E7%A6%8F%E9%8D%8B%E7%89%A9+%E5%8F%B0%E5%8C%97%E5%8D%97%E4%BA%AC%E4%B8%80%E5%BA%97/data=!4m7!3m6!1s0x3442a9666e9f721d:0x8aefbd57ef6d5d45!8m2!3d25.0518598!4d121.5273867!16s%2Fg%2F11b7cqtsy0!19sChIJHXKfbmapQjQRRV1t71e974o?authuser=0&hl=zh-TW&rclk=1,0x3442a9666e9f721d:0x8aefbd57ef6d5d45
308,Tsai Andy,5,1 個月前,"餐點好吃，服務態度很好！

",2022-11-21,https://www.google.com.tw/maps/place/%E7%AF%89%E9%96%93%E5%B9%B8%E7%A6%8F%E9%8D%8B%E7%89%A9+%E5%8F%B0%E5%8C%97%E5%8D%97%E4%BA%AC%E4%B8%80%E5%BA%97/data=!4m7!3m6!1s0x3442a9666e9f721d:0x8aefbd57ef6d5d45!8m2!3d25.0518598!4d121.5273867!16s%2Fg%2F11b7cqtsy0!19sChIJHXKfbmapQjQRRV1t71e974o?authuser=0&hl=zh-TW&rclk=1,0x3442a9666e9f721d:0x8aefbd57ef6d5d45
309,Daniel Yeh,3,1 個月前,"改菜單後第一次來，感覺被變相加價了，雖然菜變自取但品質感覺沒之前好，功夫鍋根本就是柴魚片火鍋，既然服務人員叫我們自己點餐的話，那為什麼還要收服務費訥？人很多多到服務態度都不見了，可以理解但我也不是沒有花錢，只說了一句稍等就沒有下文了，吃兩個小時都找不到服務人員，感覺跟自助火鍋一樣了。

",2022-11-21,https://www.google.com.tw/maps/place/%E7%AF%89%E9%96%93%E5%B9%B8%E7%A6%8F%E9%8D%8B%E7%89%A9+%E5%8F%B0%E5%8C%97%E5%8D%97%E4%BA%AC%E4%B8%80%E5%BA%97/data=!4m7!3m6!1s0x3442a9666e9f721d:0x8aefbd57ef6d5d45!8m2!3d25.0518598!4d121.5273867!16s%2Fg%2F11b7cqtsy0!19sChIJHXKfbmapQjQRRV1t71e974o?authuser=0&hl=zh-TW&rclk=1,0x3442a9666e9f721d:0x8aefbd57ef6d5d45
310,Chen Cindy,5,1 個月前,"服務好 肉多菜多什麼都多 一位包包頭的小姊姊人超好的❤️

",2022-11-21,https://www.google.com.tw/maps/place/%E7%AF%89%E9%96%93%E5%B9%B8%E7%A6%8F%E9%8D%8B%E7%89%A9+%E5%8F%B0%E5%8C%97%E5%8D%97%E4%BA%AC%E4%B8%80%E5%BA%97/data=!4m7!3m6!1s0x3442a9666e9f721d:0x8aefbd57ef6d5d45!8m2!3d25.0518598!4d121.5273867!16s%2Fg%2F11b7cqtsy0!19sChIJHXKfbmapQjQRRV1t71e974o?authuser=0&hl=zh-TW&rclk=1,0x3442a9666e9f721d:0x8aefbd57ef6d5d45
311,邱建豪,5,1 個月前,"好好吃

",2022-11-21,https://www.google.com.tw/maps/place/%E7%AF%89%E9%96%93%E5%B9%B8%E7%A6%8F%E9%8D%8B%E7%89%A9+%E5%8F%B0%E5%8C%97%E5%8D%97%E4%BA%AC%E4%B8%80%E5%BA%97/data=!4m7!3m6!1s0x3442a9666e9f721d:0x8aefbd57ef6d5d45!8m2!3d25.0518598!4d121.5273867!16s%2Fg%2F11b7cqtsy0!19sChIJHXKfbmapQjQRRV1t71e974o?authuser=0&hl=zh-TW&rclk=1,0x3442a9666e9f721d:0x8aefbd57ef6d5d45
312,林子晉,5,1 個月前,"讚讚讚

",2022-11-21,https://www.google.com.tw/maps/place/%E7%AF%89%E9%96%93%E5%B9%B8%E7%A6%8F%E9%8D%8B%E7%89%A9+%E5%8F%B0%E5%8C%97%E5%8D%97%E4%BA%AC%E4%B8%80%E5%BA%97/data=!4m7!3m6!1s0x3442a9666e9f721d:0x8aefbd57ef6d5d45!8m2!3d25.0518598!4d121.5273867!16s%2Fg%2F11b7cqtsy0!19sChIJHXKfbmapQjQRRV1t71e974o?authuser=0&hl=zh-TW&rclk=1,0x3442a9666e9f721d:0x8aefbd57ef6d5d45
313,小米,5,1 個月前,"牛奶鍋必點！！！！  
非常濃郁好喝  
吃完都會加湯打包回家煮碗牛奶湯麵超讚  
  
築間食材新鮮  
肉跟海鮮品質都不錯  
冷熱飲料喝到飽  
冰淇淋霜淇淋吃到飽  
醬料種類多  
  
多元支付也很方便

",2022-11-21,https://www.google.com.tw/maps/place/%E7%AF%89%E9%96%93%E5%B9%B8%E7%A6%8F%E9%8D%8B%E7%89%A9+%E5%8F%B0%E5%8C%97%E5%8D%97%E4%BA%AC%E4%B8%80%E5%BA%97/data=!4m7!3m6!1s0x3442a9666e9f721d:0x8aefbd57ef6d5d45!8m2!3d25.0518598!4d121.5273867!16s%2Fg%2F11b7cqtsy0!19sChIJHXKfbmapQjQRRV1t71e974o?authuser=0&hl=zh-TW&rclk=1,0x3442a9666e9f721d:0x8aefbd57ef6d5d45
314,鄭羽廷,5,1 個月前,"好吃

",2022-11-21,https://www.google.com.tw/maps/place/%E7%AF%89%E9%96%93%E5%B9%B8%E7%A6%8F%E9%8D%8B%E7%89%A9+%E5%8F%B0%E5%8C%97%E5%8D%97%E4%BA%AC%E4%B8%80%E5%BA%97/data=!4m7!3m6!1s0x3442a9666e9f721d:0x8aefbd57ef6d5d45!8m2!3d25.0518598!4d121.5273867!16s%2Fg%2F11b7cqtsy0!19sChIJHXKfbmapQjQRRV1t71e974o?authuser=0&hl=zh-TW&rclk=1,0x3442a9666e9f721d:0x8aefbd57ef6d5d45
315,高君怡,5,1 個月前,,2022-11-21,https://www.google.com.tw/maps/place/%E7%AF%89%E9%96%93%E5%B9%B8%E7%A6%8F%E9%8D%8B%E7%89%A9+%E5%8F%B0%E5%8C%97%E5%8D%97%E4%BA%AC%E4%B8%80%E5%BA%97/data=!4m7!3m6!1s0x3442a9666e9f721d:0x8aefbd57ef6d5d45!8m2!3d25.0518598!4d121.5273867!16s%2Fg%2F11b7cqtsy0!19sChIJHXKfbmapQjQRRV1t71e974o?authuser=0&hl=zh-TW&rclk=1,0x3442a9666e9f721d:0x8aefbd57ef6d5d45
316,Zoe Zeng,5,1 個月前,"選擇品項豐富

",2022-11-21,https://www.google.com.tw/maps/place/%E7%AF%89%E9%96%93%E5%B9%B8%E7%A6%8F%E9%8D%8B%E7%89%A9+%E5%8F%B0%E5%8C%97%E5%8D%97%E4%BA%AC%E4%B8%80%E5%BA%97/data=!4m7!3m6!1s0x3442a9666e9f721d:0x8aefbd57ef6d5d45!8m2!3d25.0518598!4d121.5273867!16s%2Fg%2F11b7cqtsy0!19sChIJHXKfbmapQjQRRV1t71e974o?authuser=0&hl=zh-TW&rclk=1,0x3442a9666e9f721d:0x8aefbd57ef6d5d45
317,黃振嘉,5,1 個月前,"服務態度很好，東西好吃

",2022-11-21,https://www.google.com.tw/maps/place/%E7%AF%89%E9%96%93%E5%B9%B8%E7%A6%8F%E9%8D%8B%E7%89%A9+%E5%8F%B0%E5%8C%97%E5%8D%97%E4%BA%AC%E4%B8%80%E5%BA%97/data=!4m7!3m6!1s0x3442a9666e9f721d:0x8aefbd57ef6d5d45!8m2!3d25.0518598!4d121.5273867!16s%2Fg%2F11b7cqtsy0!19sChIJHXKfbmapQjQRRV1t71e974o?authuser=0&hl=zh-TW&rclk=1,0x3442a9666e9f721d:0x8aefbd57ef6d5d45
318,Ian Tang,5,1 個月前,,2022-11-21,https://www.google.com.tw/maps/place/%E7%AF%89%E9%96%93%E5%B9%B8%E7%A6%8F%E9%8D%8B%E7%89%A9+%E5%8F%B0%E5%8C%97%E5%8D%97%E4%BA%AC%E4%B8%80%E5%BA%97/data=!4m7!3m6!1s0x3442a9666e9f721d:0x8aefbd57ef6d5d45!8m2!3d25.0518598!4d121.5273867!16s%2Fg%2F11b7cqtsy0!19sChIJHXKfbmapQjQRRV1t71e974o?authuser=0&hl=zh-TW&rclk=1,0x3442a9666e9f721d:0x8aefbd57ef6d5d45
319,Tong-yu wang,5,1 個月前,"服務親切

",2022-11-21,https://www.google.com.tw/maps/place/%E7%AF%89%E9%96%93%E5%B9%B8%E7%A6%8F%E9%8D%8B%E7%89%A9+%E5%8F%B0%E5%8C%97%E5%8D%97%E4%BA%AC%E4%B8%80%E5%BA%97/data=!4m7!3m6!1s0x3442a9666e9f721d:0x8aefbd57ef6d5d45!8m2!3d25.0518598!4d121.5273867!16s%2Fg%2F11b7cqtsy0!19sChIJHXKfbmapQjQRRV1t71e974o?authuser=0&hl=zh-TW&rclk=1,0x3442a9666e9f721d:0x8aefbd57ef6d5d45
320,洪宇生 Sam Hong,5,1 個月前,"奶茶很好喝！

",2022-11-21,https://www.google.com.tw/maps/place/%E7%AF%89%E9%96%93%E5%B9%B8%E7%A6%8F%E9%8D%8B%E7%89%A9+%E5%8F%B0%E5%8C%97%E5%8D%97%E4%BA%AC%E4%B8%80%E5%BA%97/data=!4m7!3m6!1s0x3442a9666e9f721d:0x8aefbd57ef6d5d45!8m2!3d25.0518598!4d121.5273867!16s%2Fg%2F11b7cqtsy0!19sChIJHXKfbmapQjQRRV1t71e974o?authuser=0&hl=zh-TW&rclk=1,0x3442a9666e9f721d:0x8aefbd57ef6d5d45
321,下載用,5,1 個月前,"打卡肉量升級

",2022-11-21,https://www.google.com.tw/maps/place/%E7%AF%89%E9%96%93%E5%B9%B8%E7%A6%8F%E9%8D%8B%E7%89%A9+%E5%8F%B0%E5%8C%97%E5%8D%97%E4%BA%AC%E4%B8%80%E5%BA%97/data=!4m7!3m6!1s0x3442a9666e9f721d:0x8aefbd57ef6d5d45!8m2!3d25.0518598!4d121.5273867!16s%2Fg%2F11b7cqtsy0!19sChIJHXKfbmapQjQRRV1t71e974o?authuser=0&hl=zh-TW&rclk=1,0x3442a9666e9f721d:0x8aefbd57ef6d5d45
322,陳柏勳,5,1 個月前,,2022-11-21,https://www.google.com.tw/maps/place/%E7%AF%89%E9%96%93%E5%B9%B8%E7%A6%8F%E9%8D%8B%E7%89%A9+%E5%8F%B0%E5%8C%97%E5%8D%97%E4%BA%AC%E4%B8%80%E5%BA%97/data=!4m7!3m6!1s0x3442a9666e9f721d:0x8aefbd57ef6d5d45!8m2!3d25.0518598!4d121.5273867!16s%2Fg%2F11b7cqtsy0!19sChIJHXKfbmapQjQRRV1t71e974o?authuser=0&hl=zh-TW&rclk=1,0x3442a9666e9f721d:0x8aefbd57ef6d5d45
323,吳建廷,5,1 個月前,"火鍋好吃環境好

",2022-11-21,https://www.google.com.tw/maps/place/%E7%AF%89%E9%96%93%E5%B9%B8%E7%A6%8F%E9%8D%8B%E7%89%A9+%E5%8F%B0%E5%8C%97%E5%8D%97%E4%BA%AC%E4%B8%80%E5%BA%97/data=!4m7!3m6!1s0x3442a9666e9f721d:0x8aefbd57ef6d5d45!8m2!3d25.0518598!4d121.5273867!16s%2Fg%2F11b7cqtsy0!19sChIJHXKfbmapQjQRRV1t71e974o?authuser=0&hl=zh-TW&rclk=1,0x3442a9666e9f721d:0x8aefbd57ef6d5d45
324,陳玟敏,5,1 個月前,"超好吃、店員服務親切

",2022-11-21,https://www.google.com.tw/maps/place/%E7%AF%89%E9%96%93%E5%B9%B8%E7%A6%8F%E9%8D%8B%E7%89%A9+%E5%8F%B0%E5%8C%97%E5%8D%97%E4%BA%AC%E4%B8%80%E5%BA%97/data=!4m7!3m6!1s0x3442a9666e9f721d:0x8aefbd57ef6d5d45!8m2!3d25.0518598!4d121.5273867!16s%2Fg%2F11b7cqtsy0!19sChIJHXKfbmapQjQRRV1t71e974o?authuser=0&hl=zh-TW&rclk=1,0x3442a9666e9f721d:0x8aefbd57ef6d5d45
325,氵冘丄丶人革力,5,1 個月前,"好吃

",2022-11-21,https://www.google.com.tw/maps/place/%E7%AF%89%E9%96%93%E5%B9%B8%E7%A6%8F%E9%8D%8B%E7%89%A9+%E5%8F%B0%E5%8C%97%E5%8D%97%E4%BA%AC%E4%B8%80%E5%BA%97/data=!4m7!3m6!1s0x3442a9666e9f721d:0x8aefbd57ef6d5d45!8m2!3d25.0518598!4d121.5273867!16s%2Fg%2F11b7cqtsy0!19sChIJHXKfbmapQjQRRV1t71e974o?authuser=0&hl=zh-TW&rclk=1,0x3442a9666e9f721d:0x8aefbd57ef6d5d45
326,洪瑞綺（Ruby）,5,1 個月前,,2022-11-21,https://www.google.com.tw/maps/place/%E7%AF%89%E9%96%93%E5%B9%B8%E7%A6%8F%E9%8D%8B%E7%89%A9+%E5%8F%B0%E5%8C%97%E5%8D%97%E4%BA%AC%E4%B8%80%E5%BA%97/data=!4m7!3m6!1s0x3442a9666e9f721d:0x8aefbd57ef6d5d45!8m2!3d25.0518598!4d121.5273867!16s%2Fg%2F11b7cqtsy0!19sChIJHXKfbmapQjQRRV1t71e974o?authuser=0&hl=zh-TW&rclk=1,0x3442a9666e9f721d:0x8aefbd57ef6d5d45
327,李建蓉,5,1 個月前,,2022-11-21,https://www.google.com.tw/maps/place/%E7%AF%89%E9%96%93%E5%B9%B8%E7%A6%8F%E9%8D%8B%E7%89%A9+%E5%8F%B0%E5%8C%97%E5%8D%97%E4%BA%AC%E4%B8%80%E5%BA%97/data=!4m7!3m6!1s0x3442a9666e9f721d:0x8aefbd57ef6d5d45!8m2!3d25.0518598!4d121.5273867!16s%2Fg%2F11b7cqtsy0!19sChIJHXKfbmapQjQRRV1t71e974o?authuser=0&hl=zh-TW&rclk=1,0x3442a9666e9f721d:0x8aefbd57ef6d5d45
328,蘇仲威,5,1 個月前,"很好吃

",2022-11-21,https://www.google.com.tw/maps/place/%E7%AF%89%E9%96%93%E5%B9%B8%E7%A6%8F%E9%8D%8B%E7%89%A9+%E5%8F%B0%E5%8C%97%E5%8D%97%E4%BA%AC%E4%B8%80%E5%BA%97/data=!4m7!3m6!1s0x3442a9666e9f721d:0x8aefbd57ef6d5d45!8m2!3d25.0518598!4d121.5273867!16s%2Fg%2F11b7cqtsy0!19sChIJHXKfbmapQjQRRV1t71e974o?authuser=0&hl=zh-TW&rclk=1,0x3442a9666e9f721d:0x8aefbd57ef6d5d45
329,MIMI Kao,5,1 個月前,,2022-11-21,https://www.google.com.tw/maps/place/%E7%AF%89%E9%96%93%E5%B9%B8%E7%A6%8F%E9%8D%8B%E7%89%A9+%E5%8F%B0%E5%8C%97%E5%8D%97%E4%BA%AC%E4%B8%80%E5%BA%97/data=!4m7!3m6!1s0x3442a9666e9f721d:0x8aefbd57ef6d5d45!8m2!3d25.0518598!4d121.5273867!16s%2Fg%2F11b7cqtsy0!19sChIJHXKfbmapQjQRRV1t71e974o?authuser=0&hl=zh-TW&rclk=1,0x3442a9666e9f721d:0x8aefbd57ef6d5d45
330,黃建豪（Sahika）,5,1 個月前,"好吃

",2022-11-21,https://www.google.com.tw/maps/place/%E7%AF%89%E9%96%93%E5%B9%B8%E7%A6%8F%E9%8D%8B%E7%89%A9+%E5%8F%B0%E5%8C%97%E5%8D%97%E4%BA%AC%E4%B8%80%E5%BA%97/data=!4m7!3m6!1s0x3442a9666e9f721d:0x8aefbd57ef6d5d45!8m2!3d25.0518598!4d121.5273867!16s%2Fg%2F11b7cqtsy0!19sChIJHXKfbmapQjQRRV1t71e974o?authuser=0&hl=zh-TW&rclk=1,0x3442a9666e9f721d:0x8aefbd57ef6d5d45
331,謝沐恩,5,1 個月前,"(由 Google 提供翻譯) 好品味  
  
(原始評論)  
Good taste

",2022-11-21,https://www.google.com.tw/maps/place/%E7%AF%89%E9%96%93%E5%B9%B8%E7%A6%8F%E9%8D%8B%E7%89%A9+%E5%8F%B0%E5%8C%97%E5%8D%97%E4%BA%AC%E4%B8%80%E5%BA%97/data=!4m7!3m6!1s0x3442a9666e9f721d:0x8aefbd57ef6d5d45!8m2!3d25.0518598!4d121.5273867!16s%2Fg%2F11b7cqtsy0!19sChIJHXKfbmapQjQRRV1t71e974o?authuser=0&hl=zh-TW&rclk=1,0x3442a9666e9f721d:0x8aefbd57ef6d5d45
332,Shane Tsai,5,1 個月前,"好吃！蔬菜吃到飽很讚

",2022-11-21,https://www.google.com.tw/maps/place/%E7%AF%89%E9%96%93%E5%B9%B8%E7%A6%8F%E9%8D%8B%E7%89%A9+%E5%8F%B0%E5%8C%97%E5%8D%97%E4%BA%AC%E4%B8%80%E5%BA%97/data=!4m7!3m6!1s0x3442a9666e9f721d:0x8aefbd57ef6d5d45!8m2!3d25.0518598!4d121.5273867!16s%2Fg%2F11b7cqtsy0!19sChIJHXKfbmapQjQRRV1t71e974o?authuser=0&hl=zh-TW&rclk=1,0x3442a9666e9f721d:0x8aefbd57ef6d5d45
333,艾栗Ellie,5,1 個月前,"升級雪花牛加量讚讚

",2022-11-21,https://www.google.com.tw/maps/place/%E7%AF%89%E9%96%93%E5%B9%B8%E7%A6%8F%E9%8D%8B%E7%89%A9+%E5%8F%B0%E5%8C%97%E5%8D%97%E4%BA%AC%E4%B8%80%E5%BA%97/data=!4m7!3m6!1s0x3442a9666e9f721d:0x8aefbd57ef6d5d45!8m2!3d25.0518598!4d121.5273867!16s%2Fg%2F11b7cqtsy0!19sChIJHXKfbmapQjQRRV1t71e974o?authuser=0&hl=zh-TW&rclk=1,0x3442a9666e9f721d:0x8aefbd57ef6d5d45
334,賴雪芬,5,1 個月前,"有打卡活動

",2022-11-21,https://www.google.com.tw/maps/place/%E7%AF%89%E9%96%93%E5%B9%B8%E7%A6%8F%E9%8D%8B%E7%89%A9+%E5%8F%B0%E5%8C%97%E5%8D%97%E4%BA%AC%E4%B8%80%E5%BA%97/data=!4m7!3m6!1s0x3442a9666e9f721d:0x8aefbd57ef6d5d45!8m2!3d25.0518598!4d121.5273867!16s%2Fg%2F11b7cqtsy0!19sChIJHXKfbmapQjQRRV1t71e974o?authuser=0&hl=zh-TW&rclk=1,0x3442a9666e9f721d:0x8aefbd57ef6d5d45
335,吳儁暐,5,1 個月前,,2022-11-21,https://www.google.com.tw/maps/place/%E7%AF%89%E9%96%93%E5%B9%B8%E7%A6%8F%E9%8D%8B%E7%89%A9+%E5%8F%B0%E5%8C%97%E5%8D%97%E4%BA%AC%E4%B8%80%E5%BA%97/data=!4m7!3m6!1s0x3442a9666e9f721d:0x8aefbd57ef6d5d45!8m2!3d25.0518598!4d121.5273867!16s%2Fg%2F11b7cqtsy0!19sChIJHXKfbmapQjQRRV1t71e974o?authuser=0&hl=zh-TW&rclk=1,0x3442a9666e9f721d:0x8aefbd57ef6d5d45
336,陳俊華,5,1 個月前,"空間舒適，食材新鮮

",2022-11-21,https://www.google.com.tw/maps/place/%E7%AF%89%E9%96%93%E5%B9%B8%E7%A6%8F%E9%8D%8B%E7%89%A9+%E5%8F%B0%E5%8C%97%E5%8D%97%E4%BA%AC%E4%B8%80%E5%BA%97/data=!4m7!3m6!1s0x3442a9666e9f721d:0x8aefbd57ef6d5d45!8m2!3d25.0518598!4d121.5273867!16s%2Fg%2F11b7cqtsy0!19sChIJHXKfbmapQjQRRV1t71e974o?authuser=0&hl=zh-TW&rclk=1,0x3442a9666e9f721d:0x8aefbd57ef6d5d45
337,小林,5,1 個月前,"

",2022-11-21,https://www.google.com.tw/maps/place/%E7%AF%89%E9%96%93%E5%B9%B8%E7%A6%8F%E9%8D%8B%E7%89%A9+%E5%8F%B0%E5%8C%97%E5%8D%97%E4%BA%AC%E4%B8%80%E5%BA%97/data=!4m7!3m6!1s0x3442a9666e9f721d:0x8aefbd57ef6d5d45!8m2!3d25.0518598!4d121.5273867!16s%2Fg%2F11b7cqtsy0!19sChIJHXKfbmapQjQRRV1t71e974o?authuser=0&hl=zh-TW&rclk=1,0x3442a9666e9f721d:0x8aefbd57ef6d5d45
338,Nicole,5,1 個月前,"很棒！

",2022-11-21,https://www.google.com.tw/maps/place/%E7%AF%89%E9%96%93%E5%B9%B8%E7%A6%8F%E9%8D%8B%E7%89%A9+%E5%8F%B0%E5%8C%97%E5%8D%97%E4%BA%AC%E4%B8%80%E5%BA%97/data=!4m7!3m6!1s0x3442a9666e9f721d:0x8aefbd57ef6d5d45!8m2!3d25.0518598!4d121.5273867!16s%2Fg%2F11b7cqtsy0!19sChIJHXKfbmapQjQRRV1t71e974o?authuser=0&hl=zh-TW&rclk=1,0x3442a9666e9f721d:0x8aefbd57ef6d5d45
339,林孟緯,5,1 個月前,"非常好吃  
牛奶巧克力冰沙很好喝欸

",2022-11-21,https://www.google.com.tw/maps/place/%E7%AF%89%E9%96%93%E5%B9%B8%E7%A6%8F%E9%8D%8B%E7%89%A9+%E5%8F%B0%E5%8C%97%E5%8D%97%E4%BA%AC%E4%B8%80%E5%BA%97/data=!4m7!3m6!1s0x3442a9666e9f721d:0x8aefbd57ef6d5d45!8m2!3d25.0518598!4d121.5273867!16s%2Fg%2F11b7cqtsy0!19sChIJHXKfbmapQjQRRV1t71e974o?authuser=0&hl=zh-TW&rclk=1,0x3442a9666e9f721d:0x8aefbd57ef6d5d45
340,YONG ZUN ZHANG,5,1 個月前,"讚啦

",2022-11-21,https://www.google.com.tw/maps/place/%E7%AF%89%E9%96%93%E5%B9%B8%E7%A6%8F%E9%8D%8B%E7%89%A9+%E5%8F%B0%E5%8C%97%E5%8D%97%E4%BA%AC%E4%B8%80%E5%BA%97/data=!4m7!3m6!1s0x3442a9666e9f721d:0x8aefbd57ef6d5d45!8m2!3d25.0518598!4d121.5273867!16s%2Fg%2F11b7cqtsy0!19sChIJHXKfbmapQjQRRV1t71e974o?authuser=0&hl=zh-TW&rclk=1,0x3442a9666e9f721d:0x8aefbd57ef6d5d45
341,謝鈺琦,5,1 個月前,"賀甲！

",2022-11-21,https://www.google.com.tw/maps/place/%E7%AF%89%E9%96%93%E5%B9%B8%E7%A6%8F%E9%8D%8B%E7%89%A9+%E5%8F%B0%E5%8C%97%E5%8D%97%E4%BA%AC%E4%B8%80%E5%BA%97/data=!4m7!3m6!1s0x3442a9666e9f721d:0x8aefbd57ef6d5d45!8m2!3d25.0518598!4d121.5273867!16s%2Fg%2F11b7cqtsy0!19sChIJHXKfbmapQjQRRV1t71e974o?authuser=0&hl=zh-TW&rclk=1,0x3442a9666e9f721d:0x8aefbd57ef6d5d45
342,Allen HSUEH,5,1 個月前,"好香好吃

",2022-11-21,https://www.google.com.tw/maps/place/%E7%AF%89%E9%96%93%E5%B9%B8%E7%A6%8F%E9%8D%8B%E7%89%A9+%E5%8F%B0%E5%8C%97%E5%8D%97%E4%BA%AC%E4%B8%80%E5%BA%97/data=!4m7!3m6!1s0x3442a9666e9f721d:0x8aefbd57ef6d5d45!8m2!3d25.0518598!4d121.5273867!16s%2Fg%2F11b7cqtsy0!19sChIJHXKfbmapQjQRRV1t71e974o?authuser=0&hl=zh-TW&rclk=1,0x3442a9666e9f721d:0x8aefbd57ef6d5d45
343,小潘潘,5,1 個月前,,2022-11-21,https://www.google.com.tw/maps/place/%E7%AF%89%E9%96%93%E5%B9%B8%E7%A6%8F%E9%8D%8B%E7%89%A9+%E5%8F%B0%E5%8C%97%E5%8D%97%E4%BA%AC%E4%B8%80%E5%BA%97/data=!4m7!3m6!1s0x3442a9666e9f721d:0x8aefbd57ef6d5d45!8m2!3d25.0518598!4d121.5273867!16s%2Fg%2F11b7cqtsy0!19sChIJHXKfbmapQjQRRV1t71e974o?authuser=0&hl=zh-TW&rclk=1,0x3442a9666e9f721d:0x8aefbd57ef6d5d45
344,Kuang-Yao Lee,5,1 個月前,"升級讚讚

",2022-11-21,https://www.google.com.tw/maps/place/%E7%AF%89%E9%96%93%E5%B9%B8%E7%A6%8F%E9%8D%8B%E7%89%A9+%E5%8F%B0%E5%8C%97%E5%8D%97%E4%BA%AC%E4%B8%80%E5%BA%97/data=!4m7!3m6!1s0x3442a9666e9f721d:0x8aefbd57ef6d5d45!8m2!3d25.0518598!4d121.5273867!16s%2Fg%2F11b7cqtsy0!19sChIJHXKfbmapQjQRRV1t71e974o?authuser=0&hl=zh-TW&rclk=1,0x3442a9666e9f721d:0x8aefbd57ef6d5d45
345,Chia wei Huang,5,1 個月前,"打卡送肉

",2022-11-21,https://www.google.com.tw/maps/place/%E7%AF%89%E9%96%93%E5%B9%B8%E7%A6%8F%E9%8D%8B%E7%89%A9+%E5%8F%B0%E5%8C%97%E5%8D%97%E4%BA%AC%E4%B8%80%E5%BA%97/data=!4m7!3m6!1s0x3442a9666e9f721d:0x8aefbd57ef6d5d45!8m2!3d25.0518598!4d121.5273867!16s%2Fg%2F11b7cqtsy0!19sChIJHXKfbmapQjQRRV1t71e974o?authuser=0&hl=zh-TW&rclk=1,0x3442a9666e9f721d:0x8aefbd57ef6d5d45
346,賴俊諺,5,1 個月前,,2022-11-21,https://www.google.com.tw/maps/place/%E7%AF%89%E9%96%93%E5%B9%B8%E7%A6%8F%E9%8D%8B%E7%89%A9+%E5%8F%B0%E5%8C%97%E5%8D%97%E4%BA%AC%E4%B8%80%E5%BA%97/data=!4m7!3m6!1s0x3442a9666e9f721d:0x8aefbd57ef6d5d45!8m2!3d25.0518598!4d121.5273867!16s%2Fg%2F11b7cqtsy0!19sChIJHXKfbmapQjQRRV1t71e974o?authuser=0&hl=zh-TW&rclk=1,0x3442a9666e9f721d:0x8aefbd57ef6d5d45
347,劉彥良,5,1 個月前,,2022-11-21,https://www.google.com.tw/maps/place/%E7%AF%89%E9%96%93%E5%B9%B8%E7%A6%8F%E9%8D%8B%E7%89%A9+%E5%8F%B0%E5%8C%97%E5%8D%97%E4%BA%AC%E4%B8%80%E5%BA%97/data=!4m7!3m6!1s0x3442a9666e9f721d:0x8aefbd57ef6d5d45!8m2!3d25.0518598!4d121.5273867!16s%2Fg%2F11b7cqtsy0!19sChIJHXKfbmapQjQRRV1t71e974o?authuser=0&hl=zh-TW&rclk=1,0x3442a9666e9f721d:0x8aefbd57ef6d5d45
348,李齊齊,5,1 個月前,"好吃好吃

",2022-11-21,https://www.google.com.tw/maps/place/%E7%AF%89%E9%96%93%E5%B9%B8%E7%A6%8F%E9%8D%8B%E7%89%A9+%E5%8F%B0%E5%8C%97%E5%8D%97%E4%BA%AC%E4%B8%80%E5%BA%97/data=!4m7!3m6!1s0x3442a9666e9f721d:0x8aefbd57ef6d5d45!8m2!3d25.0518598!4d121.5273867!16s%2Fg%2F11b7cqtsy0!19sChIJHXKfbmapQjQRRV1t71e974o?authuser=0&hl=zh-TW&rclk=1,0x3442a9666e9f721d:0x8aefbd57ef6d5d45
349,Shin Yang,5,1 個月前,"吃過覺得好吃會想再來，題外話在離開的時候遇到一個女的路人帶著男友亂出征，要小心，差點被影響好心情(長滿醜的就是)

",2022-11-21,https://www.google.com.tw/maps/place/%E7%AF%89%E9%96%93%E5%B9%B8%E7%A6%8F%E9%8D%8B%E7%89%A9+%E5%8F%B0%E5%8C%97%E5%8D%97%E4%BA%AC%E4%B8%80%E5%BA%97/data=!4m7!3m6!1s0x3442a9666e9f721d:0x8aefbd57ef6d5d45!8m2!3d25.0518598!4d121.5273867!16s%2Fg%2F11b7cqtsy0!19sChIJHXKfbmapQjQRRV1t71e974o?authuser=0&hl=zh-TW&rclk=1,0x3442a9666e9f721d:0x8aefbd57ef6d5d45
350,Bakwoo Tom,5,1 個月前,,2022-11-21,https://www.google.com.tw/maps/place/%E7%AF%89%E9%96%93%E5%B9%B8%E7%A6%8F%E9%8D%8B%E7%89%A9+%E5%8F%B0%E5%8C%97%E5%8D%97%E4%BA%AC%E4%B8%80%E5%BA%97/data=!4m7!3m6!1s0x3442a9666e9f721d:0x8aefbd57ef6d5d45!8m2!3d25.0518598!4d121.5273867!16s%2Fg%2F11b7cqtsy0!19sChIJHXKfbmapQjQRRV1t71e974o?authuser=0&hl=zh-TW&rclk=1,0x3442a9666e9f721d:0x8aefbd57ef6d5d45
351,Van Yang,5,1 個月前,"湯頭選擇多，肉跟海鮮品質都很好

",2022-11-21,https://www.google.com.tw/maps/place/%E7%AF%89%E9%96%93%E5%B9%B8%E7%A6%8F%E9%8D%8B%E7%89%A9+%E5%8F%B0%E5%8C%97%E5%8D%97%E4%BA%AC%E4%B8%80%E5%BA%97/data=!4m7!3m6!1s0x3442a9666e9f721d:0x8aefbd57ef6d5d45!8m2!3d25.0518598!4d121.5273867!16s%2Fg%2F11b7cqtsy0!19sChIJHXKfbmapQjQRRV1t71e974o?authuser=0&hl=zh-TW&rclk=1,0x3442a9666e9f721d:0x8aefbd57ef6d5d45
352,XIN ZHAO,5,1 個月前,"聚餐好地點❤

",2022-11-21,https://www.google.com.tw/maps/place/%E7%AF%89%E9%96%93%E5%B9%B8%E7%A6%8F%E9%8D%8B%E7%89%A9+%E5%8F%B0%E5%8C%97%E5%8D%97%E4%BA%AC%E4%B8%80%E5%BA%97/data=!4m7!3m6!1s0x3442a9666e9f721d:0x8aefbd57ef6d5d45!8m2!3d25.0518598!4d121.5273867!16s%2Fg%2F11b7cqtsy0!19sChIJHXKfbmapQjQRRV1t71e974o?authuser=0&hl=zh-TW&rclk=1,0x3442a9666e9f721d:0x8aefbd57ef6d5d45
353,無敵最俊朗,5,1 個月前,,2022-11-21,https://www.google.com.tw/maps/place/%E7%AF%89%E9%96%93%E5%B9%B8%E7%A6%8F%E9%8D%8B%E7%89%A9+%E5%8F%B0%E5%8C%97%E5%8D%97%E4%BA%AC%E4%B8%80%E5%BA%97/data=!4m7!3m6!1s0x3442a9666e9f721d:0x8aefbd57ef6d5d45!8m2!3d25.0518598!4d121.5273867!16s%2Fg%2F11b7cqtsy0!19sChIJHXKfbmapQjQRRV1t71e974o?authuser=0&hl=zh-TW&rclk=1,0x3442a9666e9f721d:0x8aefbd57ef6d5d45
354,JJ Zhai,5,1 個月前,"精緻好吃

",2022-11-21,https://www.google.com.tw/maps/place/%E7%AF%89%E9%96%93%E5%B9%B8%E7%A6%8F%E9%8D%8B%E7%89%A9+%E5%8F%B0%E5%8C%97%E5%8D%97%E4%BA%AC%E4%B8%80%E5%BA%97/data=!4m7!3m6!1s0x3442a9666e9f721d:0x8aefbd57ef6d5d45!8m2!3d25.0518598!4d121.5273867!16s%2Fg%2F11b7cqtsy0!19sChIJHXKfbmapQjQRRV1t71e974o?authuser=0&hl=zh-TW&rclk=1,0x3442a9666e9f721d:0x8aefbd57ef6d5d45
355,YIHAN,5,1 個月前,"讚讚

",2022-11-21,https://www.google.com.tw/maps/place/%E7%AF%89%E9%96%93%E5%B9%B8%E7%A6%8F%E9%8D%8B%E7%89%A9+%E5%8F%B0%E5%8C%97%E5%8D%97%E4%BA%AC%E4%B8%80%E5%BA%97/data=!4m7!3m6!1s0x3442a9666e9f721d:0x8aefbd57ef6d5d45!8m2!3d25.0518598!4d121.5273867!16s%2Fg%2F11b7cqtsy0!19sChIJHXKfbmapQjQRRV1t71e974o?authuser=0&hl=zh-TW&rclk=1,0x3442a9666e9f721d:0x8aefbd57ef6d5d45
356,huihui ket,5,1 個月前,"湯底非常好喝 服務業很好～贊贊贊

",2022-11-21,https://www.google.com.tw/maps/place/%E7%AF%89%E9%96%93%E5%B9%B8%E7%A6%8F%E9%8D%8B%E7%89%A9+%E5%8F%B0%E5%8C%97%E5%8D%97%E4%BA%AC%E4%B8%80%E5%BA%97/data=!4m7!3m6!1s0x3442a9666e9f721d:0x8aefbd57ef6d5d45!8m2!3d25.0518598!4d121.5273867!16s%2Fg%2F11b7cqtsy0!19sChIJHXKfbmapQjQRRV1t71e974o?authuser=0&hl=zh-TW&rclk=1,0x3442a9666e9f721d:0x8aefbd57ef6d5d45
357,Veronica Chang,5,1 個月前,"豬肉好吃，推薦海鮮湯(⁠.⁠ ⁠❛⁠ ⁠ᴗ⁠ ⁠❛⁠.⁠)

",2022-11-21,https://www.google.com.tw/maps/place/%E7%AF%89%E9%96%93%E5%B9%B8%E7%A6%8F%E9%8D%8B%E7%89%A9+%E5%8F%B0%E5%8C%97%E5%8D%97%E4%BA%AC%E4%B8%80%E5%BA%97/data=!4m7!3m6!1s0x3442a9666e9f721d:0x8aefbd57ef6d5d45!8m2!3d25.0518598!4d121.5273867!16s%2Fg%2F11b7cqtsy0!19sChIJHXKfbmapQjQRRV1t71e974o?authuser=0&hl=zh-TW&rclk=1,0x3442a9666e9f721d:0x8aefbd57ef6d5d45
358,哈哈哈哈哈,5,1 個月前,"超棒的！狗狗可以借放櫃檯

",2022-11-21,https://www.google.com.tw/maps/place/%E7%AF%89%E9%96%93%E5%B9%B8%E7%A6%8F%E9%8D%8B%E7%89%A9+%E5%8F%B0%E5%8C%97%E5%8D%97%E4%BA%AC%E4%B8%80%E5%BA%97/data=!4m7!3m6!1s0x3442a9666e9f721d:0x8aefbd57ef6d5d45!8m2!3d25.0518598!4d121.5273867!16s%2Fg%2F11b7cqtsy0!19sChIJHXKfbmapQjQRRV1t71e974o?authuser=0&hl=zh-TW&rclk=1,0x3442a9666e9f721d:0x8aefbd57ef6d5d45
359,李淯騰,5,1 個月前,"非常好吃 服務人員好帥 喜歡

",2022-11-21,https://www.google.com.tw/maps/place/%E7%AF%89%E9%96%93%E5%B9%B8%E7%A6%8F%E9%8D%8B%E7%89%A9+%E5%8F%B0%E5%8C%97%E5%8D%97%E4%BA%AC%E4%B8%80%E5%BA%97/data=!4m7!3m6!1s0x3442a9666e9f721d:0x8aefbd57ef6d5d45!8m2!3d25.0518598!4d121.5273867!16s%2Fg%2F11b7cqtsy0!19sChIJHXKfbmapQjQRRV1t71e974o?authuser=0&hl=zh-TW&rclk=1,0x3442a9666e9f721d:0x8aefbd57ef6d5d45
360,Darrell Chang,5,1 個月前,"讚

",2022-11-21,https://www.google.com.tw/maps/place/%E7%AF%89%E9%96%93%E5%B9%B8%E7%A6%8F%E9%8D%8B%E7%89%A9+%E5%8F%B0%E5%8C%97%E5%8D%97%E4%BA%AC%E4%B8%80%E5%BA%97/data=!4m7!3m6!1s0x3442a9666e9f721d:0x8aefbd57ef6d5d45!8m2!3d25.0518598!4d121.5273867!16s%2Fg%2F11b7cqtsy0!19sChIJHXKfbmapQjQRRV1t71e974o?authuser=0&hl=zh-TW&rclk=1,0x3442a9666e9f721d:0x8aefbd57ef6d5d45
361,Asa Asa,5,1 個月前,,2022-11-21,https://www.google.com.tw/maps/place/%E7%AF%89%E9%96%93%E5%B9%B8%E7%A6%8F%E9%8D%8B%E7%89%A9+%E5%8F%B0%E5%8C%97%E5%8D%97%E4%BA%AC%E4%B8%80%E5%BA%97/data=!4m7!3m6!1s0x3442a9666e9f721d:0x8aefbd57ef6d5d45!8m2!3d25.0518598!4d121.5273867!16s%2Fg%2F11b7cqtsy0!19sChIJHXKfbmapQjQRRV1t71e974o?authuser=0&hl=zh-TW&rclk=1,0x3442a9666e9f721d:0x8aefbd57ef6d5d45
362,Lena 0922,5,1 個月前,,2022-11-21,https://www.google.com.tw/maps/place/%E7%AF%89%E9%96%93%E5%B9%B8%E7%A6%8F%E9%8D%8B%E7%89%A9+%E5%8F%B0%E5%8C%97%E5%8D%97%E4%BA%AC%E4%B8%80%E5%BA%97/data=!4m7!3m6!1s0x3442a9666e9f721d:0x8aefbd57ef6d5d45!8m2!3d25.0518598!4d121.5273867!16s%2Fg%2F11b7cqtsy0!19sChIJHXKfbmapQjQRRV1t71e974o?authuser=0&hl=zh-TW&rclk=1,0x3442a9666e9f721d:0x8aefbd57ef6d5d45
363,曾裕灝,5,1 個月前,,2022-11-21,https://www.google.com.tw/maps/place/%E7%AF%89%E9%96%93%E5%B9%B8%E7%A6%8F%E9%8D%8B%E7%89%A9+%E5%8F%B0%E5%8C%97%E5%8D%97%E4%BA%AC%E4%B8%80%E5%BA%97/data=!4m7!3m6!1s0x3442a9666e9f721d:0x8aefbd57ef6d5d45!8m2!3d25.0518598!4d121.5273867!16s%2Fg%2F11b7cqtsy0!19sChIJHXKfbmapQjQRRV1t71e974o?authuser=0&hl=zh-TW&rclk=1,0x3442a9666e9f721d:0x8aefbd57ef6d5d45
364,李怡璇,5,1 個月前,"好吃 環境舒適 食材新鮮

",2022-11-21,https://www.google.com.tw/maps/place/%E7%AF%89%E9%96%93%E5%B9%B8%E7%A6%8F%E9%8D%8B%E7%89%A9+%E5%8F%B0%E5%8C%97%E5%8D%97%E4%BA%AC%E4%B8%80%E5%BA%97/data=!4m7!3m6!1s0x3442a9666e9f721d:0x8aefbd57ef6d5d45!8m2!3d25.0518598!4d121.5273867!16s%2Fg%2F11b7cqtsy0!19sChIJHXKfbmapQjQRRV1t71e974o?authuser=0&hl=zh-TW&rclk=1,0x3442a9666e9f721d:0x8aefbd57ef6d5d45
365,Sixian Wu,5,1 個月前,,2022-11-21,https://www.google.com.tw/maps/place/%E7%AF%89%E9%96%93%E5%B9%B8%E7%A6%8F%E9%8D%8B%E7%89%A9+%E5%8F%B0%E5%8C%97%E5%8D%97%E4%BA%AC%E4%B8%80%E5%BA%97/data=!4m7!3m6!1s0x3442a9666e9f721d:0x8aefbd57ef6d5d45!8m2!3d25.0518598!4d121.5273867!16s%2Fg%2F11b7cqtsy0!19sChIJHXKfbmapQjQRRV1t71e974o?authuser=0&hl=zh-TW&rclk=1,0x3442a9666e9f721d:0x8aefbd57ef6d5d45
366,許志偉,5,1 個月前,"好吃 很香～

",2022-11-21,https://www.google.com.tw/maps/place/%E7%AF%89%E9%96%93%E5%B9%B8%E7%A6%8F%E9%8D%8B%E7%89%A9+%E5%8F%B0%E5%8C%97%E5%8D%97%E4%BA%AC%E4%B8%80%E5%BA%97/data=!4m7!3m6!1s0x3442a9666e9f721d:0x8aefbd57ef6d5d45!8m2!3d25.0518598!4d121.5273867!16s%2Fg%2F11b7cqtsy0!19sChIJHXKfbmapQjQRRV1t71e974o?authuser=0&hl=zh-TW&rclk=1,0x3442a9666e9f721d:0x8aefbd57ef6d5d45
367,廖小天,5,1 個月前,"氣氛好

",2022-11-21,https://www.google.com.tw/maps/place/%E7%AF%89%E9%96%93%E5%B9%B8%E7%A6%8F%E9%8D%8B%E7%89%A9+%E5%8F%B0%E5%8C%97%E5%8D%97%E4%BA%AC%E4%B8%80%E5%BA%97/data=!4m7!3m6!1s0x3442a9666e9f721d:0x8aefbd57ef6d5d45!8m2!3d25.0518598!4d121.5273867!16s%2Fg%2F11b7cqtsy0!19sChIJHXKfbmapQjQRRV1t71e974o?authuser=0&hl=zh-TW&rclk=1,0x3442a9666e9f721d:0x8aefbd57ef6d5d45
368,Allen Ho,5,1 個月前,"好吃  
服務態度很棒

",2022-11-21,https://www.google.com.tw/maps/place/%E7%AF%89%E9%96%93%E5%B9%B8%E7%A6%8F%E9%8D%8B%E7%89%A9+%E5%8F%B0%E5%8C%97%E5%8D%97%E4%BA%AC%E4%B8%80%E5%BA%97/data=!4m7!3m6!1s0x3442a9666e9f721d:0x8aefbd57ef6d5d45!8m2!3d25.0518598!4d121.5273867!16s%2Fg%2F11b7cqtsy0!19sChIJHXKfbmapQjQRRV1t71e974o?authuser=0&hl=zh-TW&rclk=1,0x3442a9666e9f721d:0x8aefbd57ef6d5d45
369,Eric Liao,5,1 個月前,"

",2022-11-21,https://www.google.com.tw/maps/place/%E7%AF%89%E9%96%93%E5%B9%B8%E7%A6%8F%E9%8D%8B%E7%89%A9+%E5%8F%B0%E5%8C%97%E5%8D%97%E4%BA%AC%E4%B8%80%E5%BA%97/data=!4m7!3m6!1s0x3442a9666e9f721d:0x8aefbd57ef6d5d45!8m2!3d25.0518598!4d121.5273867!16s%2Fg%2F11b7cqtsy0!19sChIJHXKfbmapQjQRRV1t71e974o?authuser=0&hl=zh-TW&rclk=1,0x3442a9666e9f721d:0x8aefbd57ef6d5d45
370,家駿,5,1 個月前,"讚讚讚喔

",2022-11-21,https://www.google.com.tw/maps/place/%E7%AF%89%E9%96%93%E5%B9%B8%E7%A6%8F%E9%8D%8B%E7%89%A9+%E5%8F%B0%E5%8C%97%E5%8D%97%E4%BA%AC%E4%B8%80%E5%BA%97/data=!4m7!3m6!1s0x3442a9666e9f721d:0x8aefbd57ef6d5d45!8m2!3d25.0518598!4d121.5273867!16s%2Fg%2F11b7cqtsy0!19sChIJHXKfbmapQjQRRV1t71e974o?authuser=0&hl=zh-TW&rclk=1,0x3442a9666e9f721d:0x8aefbd57ef6d5d45
371,陳翔恩,5,1 個月前,"好吃

",2022-11-21,https://www.google.com.tw/maps/place/%E7%AF%89%E9%96%93%E5%B9%B8%E7%A6%8F%E9%8D%8B%E7%89%A9+%E5%8F%B0%E5%8C%97%E5%8D%97%E4%BA%AC%E4%B8%80%E5%BA%97/data=!4m7!3m6!1s0x3442a9666e9f721d:0x8aefbd57ef6d5d45!8m2!3d25.0518598!4d121.5273867!16s%2Fg%2F11b7cqtsy0!19sChIJHXKfbmapQjQRRV1t71e974o?authuser=0&hl=zh-TW&rclk=1,0x3442a9666e9f721d:0x8aefbd57ef6d5d45
372,許浚誠,5,1 個月前,"超讚！

",2022-11-21,https://www.google.com.tw/maps/place/%E7%AF%89%E9%96%93%E5%B9%B8%E7%A6%8F%E9%8D%8B%E7%89%A9+%E5%8F%B0%E5%8C%97%E5%8D%97%E4%BA%AC%E4%B8%80%E5%BA%97/data=!4m7!3m6!1s0x3442a9666e9f721d:0x8aefbd57ef6d5d45!8m2!3d25.0518598!4d121.5273867!16s%2Fg%2F11b7cqtsy0!19sChIJHXKfbmapQjQRRV1t71e974o?authuser=0&hl=zh-TW&rclk=1,0x3442a9666e9f721d:0x8aefbd57ef6d5d45
373,明學江,5,1 個月前,"吃

",2022-11-21,https://www.google.com.tw/maps/place/%E7%AF%89%E9%96%93%E5%B9%B8%E7%A6%8F%E9%8D%8B%E7%89%A9+%E5%8F%B0%E5%8C%97%E5%8D%97%E4%BA%AC%E4%B8%80%E5%BA%97/data=!4m7!3m6!1s0x3442a9666e9f721d:0x8aefbd57ef6d5d45!8m2!3d25.0518598!4d121.5273867!16s%2Fg%2F11b7cqtsy0!19sChIJHXKfbmapQjQRRV1t71e974o?authuser=0&hl=zh-TW&rclk=1,0x3442a9666e9f721d:0x8aefbd57ef6d5d45
374,美宣,5,1 個月前,"評論還有肉可以送，真的太讚了

",2022-11-21,https://www.google.com.tw/maps/place/%E7%AF%89%E9%96%93%E5%B9%B8%E7%A6%8F%E9%8D%8B%E7%89%A9+%E5%8F%B0%E5%8C%97%E5%8D%97%E4%BA%AC%E4%B8%80%E5%BA%97/data=!4m7!3m6!1s0x3442a9666e9f721d:0x8aefbd57ef6d5d45!8m2!3d25.0518598!4d121.5273867!16s%2Fg%2F11b7cqtsy0!19sChIJHXKfbmapQjQRRV1t71e974o?authuser=0&hl=zh-TW&rclk=1,0x3442a9666e9f721d:0x8aefbd57ef6d5d45
375,yen,5,1 個月前,"太好吃啦

",2022-11-21,https://www.google.com.tw/maps/place/%E7%AF%89%E9%96%93%E5%B9%B8%E7%A6%8F%E9%8D%8B%E7%89%A9+%E5%8F%B0%E5%8C%97%E5%8D%97%E4%BA%AC%E4%B8%80%E5%BA%97/data=!4m7!3m6!1s0x3442a9666e9f721d:0x8aefbd57ef6d5d45!8m2!3d25.0518598!4d121.5273867!16s%2Fg%2F11b7cqtsy0!19sChIJHXKfbmapQjQRRV1t71e974o?authuser=0&hl=zh-TW&rclk=1,0x3442a9666e9f721d:0x8aefbd57ef6d5d45
376,吳冠,5,1 個月前,"好吃啦

",2022-11-21,https://www.google.com.tw/maps/place/%E7%AF%89%E9%96%93%E5%B9%B8%E7%A6%8F%E9%8D%8B%E7%89%A9+%E5%8F%B0%E5%8C%97%E5%8D%97%E4%BA%AC%E4%B8%80%E5%BA%97/data=!4m7!3m6!1s0x3442a9666e9f721d:0x8aefbd57ef6d5d45!8m2!3d25.0518598!4d121.5273867!16s%2Fg%2F11b7cqtsy0!19sChIJHXKfbmapQjQRRV1t71e974o?authuser=0&hl=zh-TW&rclk=1,0x3442a9666e9f721d:0x8aefbd57ef6d5d45
377,陳廷宇,5,1 個月前,"打卡送肉

",2022-11-21,https://www.google.com.tw/maps/place/%E7%AF%89%E9%96%93%E5%B9%B8%E7%A6%8F%E9%8D%8B%E7%89%A9+%E5%8F%B0%E5%8C%97%E5%8D%97%E4%BA%AC%E4%B8%80%E5%BA%97/data=!4m7!3m6!1s0x3442a9666e9f721d:0x8aefbd57ef6d5d45!8m2!3d25.0518598!4d121.5273867!16s%2Fg%2F11b7cqtsy0!19sChIJHXKfbmapQjQRRV1t71e974o?authuser=0&hl=zh-TW&rclk=1,0x3442a9666e9f721d:0x8aefbd57ef6d5d45
378,林秀璟,5,1 個月前,"好吃

",2022-11-21,https://www.google.com.tw/maps/place/%E7%AF%89%E9%96%93%E5%B9%B8%E7%A6%8F%E9%8D%8B%E7%89%A9+%E5%8F%B0%E5%8C%97%E5%8D%97%E4%BA%AC%E4%B8%80%E5%BA%97/data=!4m7!3m6!1s0x3442a9666e9f721d:0x8aefbd57ef6d5d45!8m2!3d25.0518598!4d121.5273867!16s%2Fg%2F11b7cqtsy0!19sChIJHXKfbmapQjQRRV1t71e974o?authuser=0&hl=zh-TW&rclk=1,0x3442a9666e9f721d:0x8aefbd57ef6d5d45
379,黃庭,5,1 個月前,,2022-11-21,https://www.google.com.tw/maps/place/%E7%AF%89%E9%96%93%E5%B9%B8%E7%A6%8F%E9%8D%8B%E7%89%A9+%E5%8F%B0%E5%8C%97%E5%8D%97%E4%BA%AC%E4%B8%80%E5%BA%97/data=!4m7!3m6!1s0x3442a9666e9f721d:0x8aefbd57ef6d5d45!8m2!3d25.0518598!4d121.5273867!16s%2Fg%2F11b7cqtsy0!19sChIJHXKfbmapQjQRRV1t71e974o?authuser=0&hl=zh-TW&rclk=1,0x3442a9666e9f721d:0x8aefbd57ef6d5d45
380,Ying,1,1 個月前,"菜盤的菜非常不新鮮 感覺都冷凍過頭了 高麗菜也有很多黑掉看了很沒胃口 。醬料區的蔥花也都被冰到乾掉發黑了 。牛肉周圍也是黑的 雖然知道不是壞掉
但這種價位非常不值得來吃

",2022-11-21,https://www.google.com.tw/maps/place/%E7%AF%89%E9%96%93%E5%B9%B8%E7%A6%8F%E9%8D%8B%E7%89%A9+%E5%8F%B0%E5%8C%97%E5%8D%97%E4%BA%AC%E4%B8%80%E5%BA%97/data=!4m7!3m6!1s0x3442a9666e9f721d:0x8aefbd57ef6d5d45!8m2!3d25.0518598!4d121.5273867!16s%2Fg%2F11b7cqtsy0!19sChIJHXKfbmapQjQRRV1t71e974o?authuser=0&hl=zh-TW&rclk=1,0x3442a9666e9f721d:0x8aefbd57ef6d5d45
381,羅伊伶,5,1 個月前,,2022-11-21,https://www.google.com.tw/maps/place/%E7%AF%89%E9%96%93%E5%B9%B8%E7%A6%8F%E9%8D%8B%E7%89%A9+%E5%8F%B0%E5%8C%97%E5%8D%97%E4%BA%AC%E4%B8%80%E5%BA%97/data=!4m7!3m6!1s0x3442a9666e9f721d:0x8aefbd57ef6d5d45!8m2!3d25.0518598!4d121.5273867!16s%2Fg%2F11b7cqtsy0!19sChIJHXKfbmapQjQRRV1t71e974o?authuser=0&hl=zh-TW&rclk=1,0x3442a9666e9f721d:0x8aefbd57ef6d5d45
382,Ni Ni,5,1 個月前,"又來吃築間ㄌ～❤️

",2022-11-21,https://www.google.com.tw/maps/place/%E7%AF%89%E9%96%93%E5%B9%B8%E7%A6%8F%E9%8D%8B%E7%89%A9+%E5%8F%B0%E5%8C%97%E5%8D%97%E4%BA%AC%E4%B8%80%E5%BA%97/data=!4m7!3m6!1s0x3442a9666e9f721d:0x8aefbd57ef6d5d45!8m2!3d25.0518598!4d121.5273867!16s%2Fg%2F11b7cqtsy0!19sChIJHXKfbmapQjQRRV1t71e974o?authuser=0&hl=zh-TW&rclk=1,0x3442a9666e9f721d:0x8aefbd57ef6d5d45
383,王懷越,5,1 個月前,,2022-11-21,https://www.google.com.tw/maps/place/%E7%AF%89%E9%96%93%E5%B9%B8%E7%A6%8F%E9%8D%8B%E7%89%A9+%E5%8F%B0%E5%8C%97%E5%8D%97%E4%BA%AC%E4%B8%80%E5%BA%97/data=!4m7!3m6!1s0x3442a9666e9f721d:0x8aefbd57ef6d5d45!8m2!3d25.0518598!4d121.5273867!16s%2Fg%2F11b7cqtsy0!19sChIJHXKfbmapQjQRRV1t71e974o?authuser=0&hl=zh-TW&rclk=1,0x3442a9666e9f721d:0x8aefbd57ef6d5d45
384,Rayanna,5,1 個月前,,2022-11-21,https://www.google.com.tw/maps/place/%E7%AF%89%E9%96%93%E5%B9%B8%E7%A6%8F%E9%8D%8B%E7%89%A9+%E5%8F%B0%E5%8C%97%E5%8D%97%E4%BA%AC%E4%B8%80%E5%BA%97/data=!4m7!3m6!1s0x3442a9666e9f721d:0x8aefbd57ef6d5d45!8m2!3d25.0518598!4d121.5273867!16s%2Fg%2F11b7cqtsy0!19sChIJHXKfbmapQjQRRV1t71e974o?authuser=0&hl=zh-TW&rclk=1,0x3442a9666e9f721d:0x8aefbd57ef6d5d45
385,馮凱,5,1 個月前,"非常好

",2022-11-21,https://www.google.com.tw/maps/place/%E7%AF%89%E9%96%93%E5%B9%B8%E7%A6%8F%E9%8D%8B%E7%89%A9+%E5%8F%B0%E5%8C%97%E5%8D%97%E4%BA%AC%E4%B8%80%E5%BA%97/data=!4m7!3m6!1s0x3442a9666e9f721d:0x8aefbd57ef6d5d45!8m2!3d25.0518598!4d121.5273867!16s%2Fg%2F11b7cqtsy0!19sChIJHXKfbmapQjQRRV1t71e974o?authuser=0&hl=zh-TW&rclk=1,0x3442a9666e9f721d:0x8aefbd57ef6d5d45
386,30504黃暐淋,5,1 個月前,,2022-11-21,https://www.google.com.tw/maps/place/%E7%AF%89%E9%96%93%E5%B9%B8%E7%A6%8F%E9%8D%8B%E7%89%A9+%E5%8F%B0%E5%8C%97%E5%8D%97%E4%BA%AC%E4%B8%80%E5%BA%97/data=!4m7!3m6!1s0x3442a9666e9f721d:0x8aefbd57ef6d5d45!8m2!3d25.0518598!4d121.5273867!16s%2Fg%2F11b7cqtsy0!19sChIJHXKfbmapQjQRRV1t71e974o?authuser=0&hl=zh-TW&rclk=1,0x3442a9666e9f721d:0x8aefbd57ef6d5d45
387,雪藍Luna,5,1 個月前,,2022-11-21,https://www.google.com.tw/maps/place/%E7%AF%89%E9%96%93%E5%B9%B8%E7%A6%8F%E9%8D%8B%E7%89%A9+%E5%8F%B0%E5%8C%97%E5%8D%97%E4%BA%AC%E4%B8%80%E5%BA%97/data=!4m7!3m6!1s0x3442a9666e9f721d:0x8aefbd57ef6d5d45!8m2!3d25.0518598!4d121.5273867!16s%2Fg%2F11b7cqtsy0!19sChIJHXKfbmapQjQRRV1t71e974o?authuser=0&hl=zh-TW&rclk=1,0x3442a9666e9f721d:0x8aefbd57ef6d5d45
388,WEI-ZHU Ding,5,1 個月前,"超讚服務

",2022-11-21,https://www.google.com.tw/maps/place/%E7%AF%89%E9%96%93%E5%B9%B8%E7%A6%8F%E9%8D%8B%E7%89%A9+%E5%8F%B0%E5%8C%97%E5%8D%97%E4%BA%AC%E4%B8%80%E5%BA%97/data=!4m7!3m6!1s0x3442a9666e9f721d:0x8aefbd57ef6d5d45!8m2!3d25.0518598!4d121.5273867!16s%2Fg%2F11b7cqtsy0!19sChIJHXKfbmapQjQRRV1t71e974o?authuser=0&hl=zh-TW&rclk=1,0x3442a9666e9f721d:0x8aefbd57ef6d5d45
389,勛佑,5,1 個月前,"好吃

",2022-11-21,https://www.google.com.tw/maps/place/%E7%AF%89%E9%96%93%E5%B9%B8%E7%A6%8F%E9%8D%8B%E7%89%A9+%E5%8F%B0%E5%8C%97%E5%8D%97%E4%BA%AC%E4%B8%80%E5%BA%97/data=!4m7!3m6!1s0x3442a9666e9f721d:0x8aefbd57ef6d5d45!8m2!3d25.0518598!4d121.5273867!16s%2Fg%2F11b7cqtsy0!19sChIJHXKfbmapQjQRRV1t71e974o?authuser=0&hl=zh-TW&rclk=1,0x3442a9666e9f721d:0x8aefbd57ef6d5d45
390,HANK LEE,5,1 個月前,"好吃！

",2022-11-21,https://www.google.com.tw/maps/place/%E7%AF%89%E9%96%93%E5%B9%B8%E7%A6%8F%E9%8D%8B%E7%89%A9+%E5%8F%B0%E5%8C%97%E5%8D%97%E4%BA%AC%E4%B8%80%E5%BA%97/data=!4m7!3m6!1s0x3442a9666e9f721d:0x8aefbd57ef6d5d45!8m2!3d25.0518598!4d121.5273867!16s%2Fg%2F11b7cqtsy0!19sChIJHXKfbmapQjQRRV1t71e974o?authuser=0&hl=zh-TW&rclk=1,0x3442a9666e9f721d:0x8aefbd57ef6d5d45
391,柯岱瑩,5,1 個月前,"非常好吃cp值高

",2022-11-21,https://www.google.com.tw/maps/place/%E7%AF%89%E9%96%93%E5%B9%B8%E7%A6%8F%E9%8D%8B%E7%89%A9+%E5%8F%B0%E5%8C%97%E5%8D%97%E4%BA%AC%E4%B8%80%E5%BA%97/data=!4m7!3m6!1s0x3442a9666e9f721d:0x8aefbd57ef6d5d45!8m2!3d25.0518598!4d121.5273867!16s%2Fg%2F11b7cqtsy0!19sChIJHXKfbmapQjQRRV1t71e974o?authuser=0&hl=zh-TW&rclk=1,0x3442a9666e9f721d:0x8aefbd57ef6d5d45
392,Eric Ko,5,1 個月前,,2022-11-21,https://www.google.com.tw/maps/place/%E7%AF%89%E9%96%93%E5%B9%B8%E7%A6%8F%E9%8D%8B%E7%89%A9+%E5%8F%B0%E5%8C%97%E5%8D%97%E4%BA%AC%E4%B8%80%E5%BA%97/data=!4m7!3m6!1s0x3442a9666e9f721d:0x8aefbd57ef6d5d45!8m2!3d25.0518598!4d121.5273867!16s%2Fg%2F11b7cqtsy0!19sChIJHXKfbmapQjQRRV1t71e974o?authuser=0&hl=zh-TW&rclk=1,0x3442a9666e9f721d:0x8aefbd57ef6d5d45
393,Shao Tuo,5,1 個月前,,2022-11-21,https://www.google.com.tw/maps/place/%E7%AF%89%E9%96%93%E5%B9%B8%E7%A6%8F%E9%8D%8B%E7%89%A9+%E5%8F%B0%E5%8C%97%E5%8D%97%E4%BA%AC%E4%B8%80%E5%BA%97/data=!4m7!3m6!1s0x3442a9666e9f721d:0x8aefbd57ef6d5d45!8m2!3d25.0518598!4d121.5273867!16s%2Fg%2F11b7cqtsy0!19sChIJHXKfbmapQjQRRV1t71e974o?authuser=0&hl=zh-TW&rclk=1,0x3442a9666e9f721d:0x8aefbd57ef6d5d45
394,Yao Pan,5,1 個月前,,2022-11-21,https://www.google.com.tw/maps/place/%E7%AF%89%E9%96%93%E5%B9%B8%E7%A6%8F%E9%8D%8B%E7%89%A9+%E5%8F%B0%E5%8C%97%E5%8D%97%E4%BA%AC%E4%B8%80%E5%BA%97/data=!4m7!3m6!1s0x3442a9666e9f721d:0x8aefbd57ef6d5d45!8m2!3d25.0518598!4d121.5273867!16s%2Fg%2F11b7cqtsy0!19sChIJHXKfbmapQjQRRV1t71e974o?authuser=0&hl=zh-TW&rclk=1,0x3442a9666e9f721d:0x8aefbd57ef6d5d45
395,游帛縉,5,1 個月前,"有夠好吃

",2022-11-21,https://www.google.com.tw/maps/place/%E7%AF%89%E9%96%93%E5%B9%B8%E7%A6%8F%E9%8D%8B%E7%89%A9+%E5%8F%B0%E5%8C%97%E5%8D%97%E4%BA%AC%E4%B8%80%E5%BA%97/data=!4m7!3m6!1s0x3442a9666e9f721d:0x8aefbd57ef6d5d45!8m2!3d25.0518598!4d121.5273867!16s%2Fg%2F11b7cqtsy0!19sChIJHXKfbmapQjQRRV1t71e974o?authuser=0&hl=zh-TW&rclk=1,0x3442a9666e9f721d:0x8aefbd57ef6d5d45
396,Gina Hsu,5,1 個月前,"好吃

",2022-11-21,https://www.google.com.tw/maps/place/%E7%AF%89%E9%96%93%E5%B9%B8%E7%A6%8F%E9%8D%8B%E7%89%A9+%E5%8F%B0%E5%8C%97%E5%8D%97%E4%BA%AC%E4%B8%80%E5%BA%97/data=!4m7!3m6!1s0x3442a9666e9f721d:0x8aefbd57ef6d5d45!8m2!3d25.0518598!4d121.5273867!16s%2Fg%2F11b7cqtsy0!19sChIJHXKfbmapQjQRRV1t71e974o?authuser=0&hl=zh-TW&rclk=1,0x3442a9666e9f721d:0x8aefbd57ef6d5d45
397,Richie Chang,5,1 個月前,,2022-11-21,https://www.google.com.tw/maps/place/%E7%AF%89%E9%96%93%E5%B9%B8%E7%A6%8F%E9%8D%8B%E7%89%A9+%E5%8F%B0%E5%8C%97%E5%8D%97%E4%BA%AC%E4%B8%80%E5%BA%97/data=!4m7!3m6!1s0x3442a9666e9f721d:0x8aefbd57ef6d5d45!8m2!3d25.0518598!4d121.5273867!16s%2Fg%2F11b7cqtsy0!19sChIJHXKfbmapQjQRRV1t71e974o?authuser=0&hl=zh-TW&rclk=1,0x3442a9666e9f721d:0x8aefbd57ef6d5d45
398,巨茂呂光輝,5,1 個月前,"超讚的服務品質

",2022-11-21,https://www.google.com.tw/maps/place/%E7%AF%89%E9%96%93%E5%B9%B8%E7%A6%8F%E9%8D%8B%E7%89%A9+%E5%8F%B0%E5%8C%97%E5%8D%97%E4%BA%AC%E4%B8%80%E5%BA%97/data=!4m7!3m6!1s0x3442a9666e9f721d:0x8aefbd57ef6d5d45!8m2!3d25.0518598!4d121.5273867!16s%2Fg%2F11b7cqtsy0!19sChIJHXKfbmapQjQRRV1t71e974o?authuser=0&hl=zh-TW&rclk=1,0x3442a9666e9f721d:0x8aefbd57ef6d5d45
399,Chen小東,5,1 個月前,"好吃

",2022-11-21,https://www.google.com.tw/maps/place/%E7%AF%89%E9%96%93%E5%B9%B8%E7%A6%8F%E9%8D%8B%E7%89%A9+%E5%8F%B0%E5%8C%97%E5%8D%97%E4%BA%AC%E4%B8%80%E5%BA%97/data=!4m7!3m6!1s0x3442a9666e9f721d:0x8aefbd57ef6d5d45!8m2!3d25.0518598!4d121.5273867!16s%2Fg%2F11b7cqtsy0!19sChIJHXKfbmapQjQRRV1t71e974o?authuser=0&hl=zh-TW&rclk=1,0x3442a9666e9f721d:0x8aefbd57ef6d5d45
400,胖寶寶,5,1 個月前,"讚

",2022-11-21,https://www.google.com.tw/maps/place/%E7%AF%89%E9%96%93%E5%B9%B8%E7%A6%8F%E9%8D%8B%E7%89%A9+%E5%8F%B0%E5%8C%97%E5%8D%97%E4%BA%AC%E4%B8%80%E5%BA%97/data=!4m7!3m6!1s0x3442a9666e9f721d:0x8aefbd57ef6d5d45!8m2!3d25.0518598!4d121.5273867!16s%2Fg%2F11b7cqtsy0!19sChIJHXKfbmapQjQRRV1t71e974o?authuser=0&hl=zh-TW&rclk=1,0x3442a9666e9f721d:0x8aefbd57ef6d5d45
401,YUHSUAN WU,5,1 個月前,"讚讚讚

",2022-11-21,https://www.google.com.tw/maps/place/%E7%AF%89%E9%96%93%E5%B9%B8%E7%A6%8F%E9%8D%8B%E7%89%A9+%E5%8F%B0%E5%8C%97%E5%8D%97%E4%BA%AC%E4%B8%80%E5%BA%97/data=!4m7!3m6!1s0x3442a9666e9f721d:0x8aefbd57ef6d5d45!8m2!3d25.0518598!4d121.5273867!16s%2Fg%2F11b7cqtsy0!19sChIJHXKfbmapQjQRRV1t71e974o?authuser=0&hl=zh-TW&rclk=1,0x3442a9666e9f721d:0x8aefbd57ef6d5d45
402,李Tony,5,1 個月前,,2022-11-21,https://www.google.com.tw/maps/place/%E7%AF%89%E9%96%93%E5%B9%B8%E7%A6%8F%E9%8D%8B%E7%89%A9+%E5%8F%B0%E5%8C%97%E5%8D%97%E4%BA%AC%E4%B8%80%E5%BA%97/data=!4m7!3m6!1s0x3442a9666e9f721d:0x8aefbd57ef6d5d45!8m2!3d25.0518598!4d121.5273867!16s%2Fg%2F11b7cqtsy0!19sChIJHXKfbmapQjQRRV1t71e974o?authuser=0&hl=zh-TW&rclk=1,0x3442a9666e9f721d:0x8aefbd57ef6d5d45
403,林琳,5,1 個月前,,2022-11-21,https://www.google.com.tw/maps/place/%E7%AF%89%E9%96%93%E5%B9%B8%E7%A6%8F%E9%8D%8B%E7%89%A9+%E5%8F%B0%E5%8C%97%E5%8D%97%E4%BA%AC%E4%B8%80%E5%BA%97/data=!4m7!3m6!1s0x3442a9666e9f721d:0x8aefbd57ef6d5d45!8m2!3d25.0518598!4d121.5273867!16s%2Fg%2F11b7cqtsy0!19sChIJHXKfbmapQjQRRV1t71e974o?authuser=0&hl=zh-TW&rclk=1,0x3442a9666e9f721d:0x8aefbd57ef6d5d45
404,James Huang (老詹),5,1 個月前,"終於吃到了！

",2022-11-21,https://www.google.com.tw/maps/place/%E7%AF%89%E9%96%93%E5%B9%B8%E7%A6%8F%E9%8D%8B%E7%89%A9+%E5%8F%B0%E5%8C%97%E5%8D%97%E4%BA%AC%E4%B8%80%E5%BA%97/data=!4m7!3m6!1s0x3442a9666e9f721d:0x8aefbd57ef6d5d45!8m2!3d25.0518598!4d121.5273867!16s%2Fg%2F11b7cqtsy0!19sChIJHXKfbmapQjQRRV1t71e974o?authuser=0&hl=zh-TW&rclk=1,0x3442a9666e9f721d:0x8aefbd57ef6d5d45
405,安胖,5,1 個月前,"很好吃

",2022-11-21,https://www.google.com.tw/maps/place/%E7%AF%89%E9%96%93%E5%B9%B8%E7%A6%8F%E9%8D%8B%E7%89%A9+%E5%8F%B0%E5%8C%97%E5%8D%97%E4%BA%AC%E4%B8%80%E5%BA%97/data=!4m7!3m6!1s0x3442a9666e9f721d:0x8aefbd57ef6d5d45!8m2!3d25.0518598!4d121.5273867!16s%2Fg%2F11b7cqtsy0!19sChIJHXKfbmapQjQRRV1t71e974o?authuser=0&hl=zh-TW&rclk=1,0x3442a9666e9f721d:0x8aefbd57ef6d5d45
406,Wells Chang,5,1 個月前,,2022-11-21,https://www.google.com.tw/maps/place/%E7%AF%89%E9%96%93%E5%B9%B8%E7%A6%8F%E9%8D%8B%E7%89%A9+%E5%8F%B0%E5%8C%97%E5%8D%97%E4%BA%AC%E4%B8%80%E5%BA%97/data=!4m7!3m6!1s0x3442a9666e9f721d:0x8aefbd57ef6d5d45!8m2!3d25.0518598!4d121.5273867!16s%2Fg%2F11b7cqtsy0!19sChIJHXKfbmapQjQRRV1t71e974o?authuser=0&hl=zh-TW&rclk=1,0x3442a9666e9f721d:0x8aefbd57ef6d5d45
407,周豊景,5,1 個月前,,2022-11-21,https://www.google.com.tw/maps/place/%E7%AF%89%E9%96%93%E5%B9%B8%E7%A6%8F%E9%8D%8B%E7%89%A9+%E5%8F%B0%E5%8C%97%E5%8D%97%E4%BA%AC%E4%B8%80%E5%BA%97/data=!4m7!3m6!1s0x3442a9666e9f721d:0x8aefbd57ef6d5d45!8m2!3d25.0518598!4d121.5273867!16s%2Fg%2F11b7cqtsy0!19sChIJHXKfbmapQjQRRV1t71e974o?authuser=0&hl=zh-TW&rclk=1,0x3442a9666e9f721d:0x8aefbd57ef6d5d45
408,陳昱融,5,1 個月前,,2022-11-21,https://www.google.com.tw/maps/place/%E7%AF%89%E9%96%93%E5%B9%B8%E7%A6%8F%E9%8D%8B%E7%89%A9+%E5%8F%B0%E5%8C%97%E5%8D%97%E4%BA%AC%E4%B8%80%E5%BA%97/data=!4m7!3m6!1s0x3442a9666e9f721d:0x8aefbd57ef6d5d45!8m2!3d25.0518598!4d121.5273867!16s%2Fg%2F11b7cqtsy0!19sChIJHXKfbmapQjQRRV1t71e974o?authuser=0&hl=zh-TW&rclk=1,0x3442a9666e9f721d:0x8aefbd57ef6d5d45
409,AHsun Chen,5,1 個月前,"齁甲

",2022-11-21,https://www.google.com.tw/maps/place/%E7%AF%89%E9%96%93%E5%B9%B8%E7%A6%8F%E9%8D%8B%E7%89%A9+%E5%8F%B0%E5%8C%97%E5%8D%97%E4%BA%AC%E4%B8%80%E5%BA%97/data=!4m7!3m6!1s0x3442a9666e9f721d:0x8aefbd57ef6d5d45!8m2!3d25.0518598!4d121.5273867!16s%2Fg%2F11b7cqtsy0!19sChIJHXKfbmapQjQRRV1t71e974o?authuser=0&hl=zh-TW&rclk=1,0x3442a9666e9f721d:0x8aefbd57ef6d5d45
410,TING WU,1,1 個月前,,2022-11-21,https://www.google.com.tw/maps/place/%E7%AF%89%E9%96%93%E5%B9%B8%E7%A6%8F%E9%8D%8B%E7%89%A9+%E5%8F%B0%E5%8C%97%E5%8D%97%E4%BA%AC%E4%B8%80%E5%BA%97/data=!4m7!3m6!1s0x3442a9666e9f721d:0x8aefbd57ef6d5d45!8m2!3d25.0518598!4d121.5273867!16s%2Fg%2F11b7cqtsy0!19sChIJHXKfbmapQjQRRV1t71e974o?authuser=0&hl=zh-TW&rclk=1,0x3442a9666e9f721d:0x8aefbd57ef6d5d45
411,龔天育,5,1 個月前,"

",2022-11-21,https://www.google.com.tw/maps/place/%E7%AF%89%E9%96%93%E5%B9%B8%E7%A6%8F%E9%8D%8B%E7%89%A9+%E5%8F%B0%E5%8C%97%E5%8D%97%E4%BA%AC%E4%B8%80%E5%BA%97/data=!4m7!3m6!1s0x3442a9666e9f721d:0x8aefbd57ef6d5d45!8m2!3d25.0518598!4d121.5273867!16s%2Fg%2F11b7cqtsy0!19sChIJHXKfbmapQjQRRV1t71e974o?authuser=0&hl=zh-TW&rclk=1,0x3442a9666e9f721d:0x8aefbd57ef6d5d45
412,張書銘,5,1 個月前,,2022-11-21,https://www.google.com.tw/maps/place/%E7%AF%89%E9%96%93%E5%B9%B8%E7%A6%8F%E9%8D%8B%E7%89%A9+%E5%8F%B0%E5%8C%97%E5%8D%97%E4%BA%AC%E4%B8%80%E5%BA%97/data=!4m7!3m6!1s0x3442a9666e9f721d:0x8aefbd57ef6d5d45!8m2!3d25.0518598!4d121.5273867!16s%2Fg%2F11b7cqtsy0!19sChIJHXKfbmapQjQRRV1t71e974o?authuser=0&hl=zh-TW&rclk=1,0x3442a9666e9f721d:0x8aefbd57ef6d5d45
413,賴乙賢,5,1 個月前,"好吃

",2022-11-21,https://www.google.com.tw/maps/place/%E7%AF%89%E9%96%93%E5%B9%B8%E7%A6%8F%E9%8D%8B%E7%89%A9+%E5%8F%B0%E5%8C%97%E5%8D%97%E4%BA%AC%E4%B8%80%E5%BA%97/data=!4m7!3m6!1s0x3442a9666e9f721d:0x8aefbd57ef6d5d45!8m2!3d25.0518598!4d121.5273867!16s%2Fg%2F11b7cqtsy0!19sChIJHXKfbmapQjQRRV1t71e974o?authuser=0&hl=zh-TW&rclk=1,0x3442a9666e9f721d:0x8aefbd57ef6d5d45
414,羅傑,5,1 個月前,"飲料冰淇淋都可以吃到爽

",2022-11-21,https://www.google.com.tw/maps/place/%E7%AF%89%E9%96%93%E5%B9%B8%E7%A6%8F%E9%8D%8B%E7%89%A9+%E5%8F%B0%E5%8C%97%E5%8D%97%E4%BA%AC%E4%B8%80%E5%BA%97/data=!4m7!3m6!1s0x3442a9666e9f721d:0x8aefbd57ef6d5d45!8m2!3d25.0518598!4d121.5273867!16s%2Fg%2F11b7cqtsy0!19sChIJHXKfbmapQjQRRV1t71e974o?authuser=0&hl=zh-TW&rclk=1,0x3442a9666e9f721d:0x8aefbd57ef6d5d45
415,李忞,5,1 個月前,,2022-11-21,https://www.google.com.tw/maps/place/%E7%AF%89%E9%96%93%E5%B9%B8%E7%A6%8F%E9%8D%8B%E7%89%A9+%E5%8F%B0%E5%8C%97%E5%8D%97%E4%BA%AC%E4%B8%80%E5%BA%97/data=!4m7!3m6!1s0x3442a9666e9f721d:0x8aefbd57ef6d5d45!8m2!3d25.0518598!4d121.5273867!16s%2Fg%2F11b7cqtsy0!19sChIJHXKfbmapQjQRRV1t71e974o?authuser=0&hl=zh-TW&rclk=1,0x3442a9666e9f721d:0x8aefbd57ef6d5d45
416,ivy Lin,5,1 個月前,"服務親切，用餐環境乾淨、整潔

",2022-11-21,https://www.google.com.tw/maps/place/%E7%AF%89%E9%96%93%E5%B9%B8%E7%A6%8F%E9%8D%8B%E7%89%A9+%E5%8F%B0%E5%8C%97%E5%8D%97%E4%BA%AC%E4%B8%80%E5%BA%97/data=!4m7!3m6!1s0x3442a9666e9f721d:0x8aefbd57ef6d5d45!8m2!3d25.0518598!4d121.5273867!16s%2Fg%2F11b7cqtsy0!19sChIJHXKfbmapQjQRRV1t71e974o?authuser=0&hl=zh-TW&rclk=1,0x3442a9666e9f721d:0x8aefbd57ef6d5d45
417,張宇捷,5,1 個月前,"好吃好吃

",2022-11-21,https://www.google.com.tw/maps/place/%E7%AF%89%E9%96%93%E5%B9%B8%E7%A6%8F%E9%8D%8B%E7%89%A9+%E5%8F%B0%E5%8C%97%E5%8D%97%E4%BA%AC%E4%B8%80%E5%BA%97/data=!4m7!3m6!1s0x3442a9666e9f721d:0x8aefbd57ef6d5d45!8m2!3d25.0518598!4d121.5273867!16s%2Fg%2F11b7cqtsy0!19sChIJHXKfbmapQjQRRV1t71e974o?authuser=0&hl=zh-TW&rclk=1,0x3442a9666e9f721d:0x8aefbd57ef6d5d45
418,高佩玉,5,1 個月前,"好吃

",2022-11-21,https://www.google.com.tw/maps/place/%E7%AF%89%E9%96%93%E5%B9%B8%E7%A6%8F%E9%8D%8B%E7%89%A9+%E5%8F%B0%E5%8C%97%E5%8D%97%E4%BA%AC%E4%B8%80%E5%BA%97/data=!4m7!3m6!1s0x3442a9666e9f721d:0x8aefbd57ef6d5d45!8m2!3d25.0518598!4d121.5273867!16s%2Fg%2F11b7cqtsy0!19sChIJHXKfbmapQjQRRV1t71e974o?authuser=0&hl=zh-TW&rclk=1,0x3442a9666e9f721d:0x8aefbd57ef6d5d45
419,阿海,5,1 個月前,"超棒的服務態度  
打卡雪花牛肉升級

",2022-11-21,https://www.google.com.tw/maps/place/%E7%AF%89%E9%96%93%E5%B9%B8%E7%A6%8F%E9%8D%8B%E7%89%A9+%E5%8F%B0%E5%8C%97%E5%8D%97%E4%BA%AC%E4%B8%80%E5%BA%97/data=!4m7!3m6!1s0x3442a9666e9f721d:0x8aefbd57ef6d5d45!8m2!3d25.0518598!4d121.5273867!16s%2Fg%2F11b7cqtsy0!19sChIJHXKfbmapQjQRRV1t71e974o?authuser=0&hl=zh-TW&rclk=1,0x3442a9666e9f721d:0x8aefbd57ef6d5d45
420,王璿豪,5,1 個月前,"讚讚讚

",2022-11-21,https://www.google.com.tw/maps/place/%E7%AF%89%E9%96%93%E5%B9%B8%E7%A6%8F%E9%8D%8B%E7%89%A9+%E5%8F%B0%E5%8C%97%E5%8D%97%E4%BA%AC%E4%B8%80%E5%BA%97/data=!4m7!3m6!1s0x3442a9666e9f721d:0x8aefbd57ef6d5d45!8m2!3d25.0518598!4d121.5273867!16s%2Fg%2F11b7cqtsy0!19sChIJHXKfbmapQjQRRV1t71e974o?authuser=0&hl=zh-TW&rclk=1,0x3442a9666e9f721d:0x8aefbd57ef6d5d45
421,楊濬譽,5,1 個月前,,2022-11-21,https://www.google.com.tw/maps/place/%E7%AF%89%E9%96%93%E5%B9%B8%E7%A6%8F%E9%8D%8B%E7%89%A9+%E5%8F%B0%E5%8C%97%E5%8D%97%E4%BA%AC%E4%B8%80%E5%BA%97/data=!4m7!3m6!1s0x3442a9666e9f721d:0x8aefbd57ef6d5d45!8m2!3d25.0518598!4d121.5273867!16s%2Fg%2F11b7cqtsy0!19sChIJHXKfbmapQjQRRV1t71e974o?authuser=0&hl=zh-TW&rclk=1,0x3442a9666e9f721d:0x8aefbd57ef6d5d45
422,張詠翔,5,1 個月前,"評論肉肉加量

",2022-11-21,https://www.google.com.tw/maps/place/%E7%AF%89%E9%96%93%E5%B9%B8%E7%A6%8F%E9%8D%8B%E7%89%A9+%E5%8F%B0%E5%8C%97%E5%8D%97%E4%BA%AC%E4%B8%80%E5%BA%97/data=!4m7!3m6!1s0x3442a9666e9f721d:0x8aefbd57ef6d5d45!8m2!3d25.0518598!4d121.5273867!16s%2Fg%2F11b7cqtsy0!19sChIJHXKfbmapQjQRRV1t71e974o?authuser=0&hl=zh-TW&rclk=1,0x3442a9666e9f721d:0x8aefbd57ef6d5d45
423,李依蓉,5,1 個月前,"服務很好

",2022-11-21,https://www.google.com.tw/maps/place/%E7%AF%89%E9%96%93%E5%B9%B8%E7%A6%8F%E9%8D%8B%E7%89%A9+%E5%8F%B0%E5%8C%97%E5%8D%97%E4%BA%AC%E4%B8%80%E5%BA%97/data=!4m7!3m6!1s0x3442a9666e9f721d:0x8aefbd57ef6d5d45!8m2!3d25.0518598!4d121.5273867!16s%2Fg%2F11b7cqtsy0!19sChIJHXKfbmapQjQRRV1t71e974o?authuser=0&hl=zh-TW&rclk=1,0x3442a9666e9f721d:0x8aefbd57ef6d5d45
424,YUN J,5,1 個月前,"好吃

",2022-11-21,https://www.google.com.tw/maps/place/%E7%AF%89%E9%96%93%E5%B9%B8%E7%A6%8F%E9%8D%8B%E7%89%A9+%E5%8F%B0%E5%8C%97%E5%8D%97%E4%BA%AC%E4%B8%80%E5%BA%97/data=!4m7!3m6!1s0x3442a9666e9f721d:0x8aefbd57ef6d5d45!8m2!3d25.0518598!4d121.5273867!16s%2Fg%2F11b7cqtsy0!19sChIJHXKfbmapQjQRRV1t71e974o?authuser=0&hl=zh-TW&rclk=1,0x3442a9666e9f721d:0x8aefbd57ef6d5d45
425,王鈺晴,5,1 個月前,"好吃好吃

",2022-11-21,https://www.google.com.tw/maps/place/%E7%AF%89%E9%96%93%E5%B9%B8%E7%A6%8F%E9%8D%8B%E7%89%A9+%E5%8F%B0%E5%8C%97%E5%8D%97%E4%BA%AC%E4%B8%80%E5%BA%97/data=!4m7!3m6!1s0x3442a9666e9f721d:0x8aefbd57ef6d5d45!8m2!3d25.0518598!4d121.5273867!16s%2Fg%2F11b7cqtsy0!19sChIJHXKfbmapQjQRRV1t71e974o?authuser=0&hl=zh-TW&rclk=1,0x3442a9666e9f721d:0x8aefbd57ef6d5d45
426,Shane Hsieh,5,1 個月前,,2022-11-21,https://www.google.com.tw/maps/place/%E7%AF%89%E9%96%93%E5%B9%B8%E7%A6%8F%E9%8D%8B%E7%89%A9+%E5%8F%B0%E5%8C%97%E5%8D%97%E4%BA%AC%E4%B8%80%E5%BA%97/data=!4m7!3m6!1s0x3442a9666e9f721d:0x8aefbd57ef6d5d45!8m2!3d25.0518598!4d121.5273867!16s%2Fg%2F11b7cqtsy0!19sChIJHXKfbmapQjQRRV1t71e974o?authuser=0&hl=zh-TW&rclk=1,0x3442a9666e9f721d:0x8aefbd57ef6d5d45
427,Jack,5,1 個月前,"很好吃

",2022-11-21,https://www.google.com.tw/maps/place/%E7%AF%89%E9%96%93%E5%B9%B8%E7%A6%8F%E9%8D%8B%E7%89%A9+%E5%8F%B0%E5%8C%97%E5%8D%97%E4%BA%AC%E4%B8%80%E5%BA%97/data=!4m7!3m6!1s0x3442a9666e9f721d:0x8aefbd57ef6d5d45!8m2!3d25.0518598!4d121.5273867!16s%2Fg%2F11b7cqtsy0!19sChIJHXKfbmapQjQRRV1t71e974o?authuser=0&hl=zh-TW&rclk=1,0x3442a9666e9f721d:0x8aefbd57ef6d5d45
428,蔡竣宇,5,1 個月前,"氣氛服務都不錯

",2022-11-21,https://www.google.com.tw/maps/place/%E7%AF%89%E9%96%93%E5%B9%B8%E7%A6%8F%E9%8D%8B%E7%89%A9+%E5%8F%B0%E5%8C%97%E5%8D%97%E4%BA%AC%E4%B8%80%E5%BA%97/data=!4m7!3m6!1s0x3442a9666e9f721d:0x8aefbd57ef6d5d45!8m2!3d25.0518598!4d121.5273867!16s%2Fg%2F11b7cqtsy0!19sChIJHXKfbmapQjQRRV1t71e974o?authuser=0&hl=zh-TW&rclk=1,0x3442a9666e9f721d:0x8aefbd57ef6d5d45
429,Albert Dell,5,1 個月前,"粵式胡椒湯頭好！

",2022-11-21,https://www.google.com.tw/maps/place/%E7%AF%89%E9%96%93%E5%B9%B8%E7%A6%8F%E9%8D%8B%E7%89%A9+%E5%8F%B0%E5%8C%97%E5%8D%97%E4%BA%AC%E4%B8%80%E5%BA%97/data=!4m7!3m6!1s0x3442a9666e9f721d:0x8aefbd57ef6d5d45!8m2!3d25.0518598!4d121.5273867!16s%2Fg%2F11b7cqtsy0!19sChIJHXKfbmapQjQRRV1t71e974o?authuser=0&hl=zh-TW&rclk=1,0x3442a9666e9f721d:0x8aefbd57ef6d5d45
430,Allen霖,5,1 個月前,"好吃

",2022-11-21,https://www.google.com.tw/maps/place/%E7%AF%89%E9%96%93%E5%B9%B8%E7%A6%8F%E9%8D%8B%E7%89%A9+%E5%8F%B0%E5%8C%97%E5%8D%97%E4%BA%AC%E4%B8%80%E5%BA%97/data=!4m7!3m6!1s0x3442a9666e9f721d:0x8aefbd57ef6d5d45!8m2!3d25.0518598!4d121.5273867!16s%2Fg%2F11b7cqtsy0!19sChIJHXKfbmapQjQRRV1t71e974o?authuser=0&hl=zh-TW&rclk=1,0x3442a9666e9f721d:0x8aefbd57ef6d5d45
431,于曉逸,5,1 個月前,,2022-11-21,https://www.google.com.tw/maps/place/%E7%AF%89%E9%96%93%E5%B9%B8%E7%A6%8F%E9%8D%8B%E7%89%A9+%E5%8F%B0%E5%8C%97%E5%8D%97%E4%BA%AC%E4%B8%80%E5%BA%97/data=!4m7!3m6!1s0x3442a9666e9f721d:0x8aefbd57ef6d5d45!8m2!3d25.0518598!4d121.5273867!16s%2Fg%2F11b7cqtsy0!19sChIJHXKfbmapQjQRRV1t71e974o?authuser=0&hl=zh-TW&rclk=1,0x3442a9666e9f721d:0x8aefbd57ef6d5d45
432,徐顥璋,5,1 個月前,"吃過好幾次，味道還是很香

",2022-11-21,https://www.google.com.tw/maps/place/%E7%AF%89%E9%96%93%E5%B9%B8%E7%A6%8F%E9%8D%8B%E7%89%A9+%E5%8F%B0%E5%8C%97%E5%8D%97%E4%BA%AC%E4%B8%80%E5%BA%97/data=!4m7!3m6!1s0x3442a9666e9f721d:0x8aefbd57ef6d5d45!8m2!3d25.0518598!4d121.5273867!16s%2Fg%2F11b7cqtsy0!19sChIJHXKfbmapQjQRRV1t71e974o?authuser=0&hl=zh-TW&rclk=1,0x3442a9666e9f721d:0x8aefbd57ef6d5d45
433,許峻瑞,5,1 個月前,"

",2022-11-21,https://www.google.com.tw/maps/place/%E7%AF%89%E9%96%93%E5%B9%B8%E7%A6%8F%E9%8D%8B%E7%89%A9+%E5%8F%B0%E5%8C%97%E5%8D%97%E4%BA%AC%E4%B8%80%E5%BA%97/data=!4m7!3m6!1s0x3442a9666e9f721d:0x8aefbd57ef6d5d45!8m2!3d25.0518598!4d121.5273867!16s%2Fg%2F11b7cqtsy0!19sChIJHXKfbmapQjQRRV1t71e974o?authuser=0&hl=zh-TW&rclk=1,0x3442a9666e9f721d:0x8aefbd57ef6d5d45
434,于于,5,1 個月前,"新鮮好吃

",2022-11-21,https://www.google.com.tw/maps/place/%E7%AF%89%E9%96%93%E5%B9%B8%E7%A6%8F%E9%8D%8B%E7%89%A9+%E5%8F%B0%E5%8C%97%E5%8D%97%E4%BA%AC%E4%B8%80%E5%BA%97/data=!4m7!3m6!1s0x3442a9666e9f721d:0x8aefbd57ef6d5d45!8m2!3d25.0518598!4d121.5273867!16s%2Fg%2F11b7cqtsy0!19sChIJHXKfbmapQjQRRV1t71e974o?authuser=0&hl=zh-TW&rclk=1,0x3442a9666e9f721d:0x8aefbd57ef6d5d45
435,簡國賓,5,1 個月前,"好吃

",2022-11-21,https://www.google.com.tw/maps/place/%E7%AF%89%E9%96%93%E5%B9%B8%E7%A6%8F%E9%8D%8B%E7%89%A9+%E5%8F%B0%E5%8C%97%E5%8D%97%E4%BA%AC%E4%B8%80%E5%BA%97/data=!4m7!3m6!1s0x3442a9666e9f721d:0x8aefbd57ef6d5d45!8m2!3d25.0518598!4d121.5273867!16s%2Fg%2F11b7cqtsy0!19sChIJHXKfbmapQjQRRV1t71e974o?authuser=0&hl=zh-TW&rclk=1,0x3442a9666e9f721d:0x8aefbd57ef6d5d45
436,陳宥蒨,5,1 個月前,,2022-11-21,https://www.google.com.tw/maps/place/%E7%AF%89%E9%96%93%E5%B9%B8%E7%A6%8F%E9%8D%8B%E7%89%A9+%E5%8F%B0%E5%8C%97%E5%8D%97%E4%BA%AC%E4%B8%80%E5%BA%97/data=!4m7!3m6!1s0x3442a9666e9f721d:0x8aefbd57ef6d5d45!8m2!3d25.0518598!4d121.5273867!16s%2Fg%2F11b7cqtsy0!19sChIJHXKfbmapQjQRRV1t71e974o?authuser=0&hl=zh-TW&rclk=1,0x3442a9666e9f721d:0x8aefbd57ef6d5d45
437,陳明澤,5,1 個月前,"店員親切

",2022-11-21,https://www.google.com.tw/maps/place/%E7%AF%89%E9%96%93%E5%B9%B8%E7%A6%8F%E9%8D%8B%E7%89%A9+%E5%8F%B0%E5%8C%97%E5%8D%97%E4%BA%AC%E4%B8%80%E5%BA%97/data=!4m7!3m6!1s0x3442a9666e9f721d:0x8aefbd57ef6d5d45!8m2!3d25.0518598!4d121.5273867!16s%2Fg%2F11b7cqtsy0!19sChIJHXKfbmapQjQRRV1t71e974o?authuser=0&hl=zh-TW&rclk=1,0x3442a9666e9f721d:0x8aefbd57ef6d5d45
438,江梓瑜,5,1 個月前,"好吃 真的好吃

",2022-11-21,https://www.google.com.tw/maps/place/%E7%AF%89%E9%96%93%E5%B9%B8%E7%A6%8F%E9%8D%8B%E7%89%A9+%E5%8F%B0%E5%8C%97%E5%8D%97%E4%BA%AC%E4%B8%80%E5%BA%97/data=!4m7!3m6!1s0x3442a9666e9f721d:0x8aefbd57ef6d5d45!8m2!3d25.0518598!4d121.5273867!16s%2Fg%2F11b7cqtsy0!19sChIJHXKfbmapQjQRRV1t71e974o?authuser=0&hl=zh-TW&rclk=1,0x3442a9666e9f721d:0x8aefbd57ef6d5d45
439,徐珮芸,5,1 個月前,"非常棒

",2022-11-21,https://www.google.com.tw/maps/place/%E7%AF%89%E9%96%93%E5%B9%B8%E7%A6%8F%E9%8D%8B%E7%89%A9+%E5%8F%B0%E5%8C%97%E5%8D%97%E4%BA%AC%E4%B8%80%E5%BA%97/data=!4m7!3m6!1s0x3442a9666e9f721d:0x8aefbd57ef6d5d45!8m2!3d25.0518598!4d121.5273867!16s%2Fg%2F11b7cqtsy0!19sChIJHXKfbmapQjQRRV1t71e974o?authuser=0&hl=zh-TW&rclk=1,0x3442a9666e9f721d:0x8aefbd57ef6d5d45
440,郭韋淳,5,1 個月前,,2022-11-21,https://www.google.com.tw/maps/place/%E7%AF%89%E9%96%93%E5%B9%B8%E7%A6%8F%E9%8D%8B%E7%89%A9+%E5%8F%B0%E5%8C%97%E5%8D%97%E4%BA%AC%E4%B8%80%E5%BA%97/data=!4m7!3m6!1s0x3442a9666e9f721d:0x8aefbd57ef6d5d45!8m2!3d25.0518598!4d121.5273867!16s%2Fg%2F11b7cqtsy0!19sChIJHXKfbmapQjQRRV1t71e974o?authuser=0&hl=zh-TW&rclk=1,0x3442a9666e9f721d:0x8aefbd57ef6d5d45
441,陳亦家,5,1 個月前,"肉量很多 乾淨衛生 店員服務很好

",2022-11-21,https://www.google.com.tw/maps/place/%E7%AF%89%E9%96%93%E5%B9%B8%E7%A6%8F%E9%8D%8B%E7%89%A9+%E5%8F%B0%E5%8C%97%E5%8D%97%E4%BA%AC%E4%B8%80%E5%BA%97/data=!4m7!3m6!1s0x3442a9666e9f721d:0x8aefbd57ef6d5d45!8m2!3d25.0518598!4d121.5273867!16s%2Fg%2F11b7cqtsy0!19sChIJHXKfbmapQjQRRV1t71e974o?authuser=0&hl=zh-TW&rclk=1,0x3442a9666e9f721d:0x8aefbd57ef6d5d45
442,何進豪,5,1 個月前,"用料實在 乾淨衛生！

",2022-11-21,https://www.google.com.tw/maps/place/%E7%AF%89%E9%96%93%E5%B9%B8%E7%A6%8F%E9%8D%8B%E7%89%A9+%E5%8F%B0%E5%8C%97%E5%8D%97%E4%BA%AC%E4%B8%80%E5%BA%97/data=!4m7!3m6!1s0x3442a9666e9f721d:0x8aefbd57ef6d5d45!8m2!3d25.0518598!4d121.5273867!16s%2Fg%2F11b7cqtsy0!19sChIJHXKfbmapQjQRRV1t71e974o?authuser=0&hl=zh-TW&rclk=1,0x3442a9666e9f721d:0x8aefbd57ef6d5d45
443,fm Jou,5,1 個月前,"到訪無數次，內品品質非常穩定，蔬食新鮮，湯頭好！

",2022-11-21,https://www.google.com.tw/maps/place/%E7%AF%89%E9%96%93%E5%B9%B8%E7%A6%8F%E9%8D%8B%E7%89%A9+%E5%8F%B0%E5%8C%97%E5%8D%97%E4%BA%AC%E4%B8%80%E5%BA%97/data=!4m7!3m6!1s0x3442a9666e9f721d:0x8aefbd57ef6d5d45!8m2!3d25.0518598!4d121.5273867!16s%2Fg%2F11b7cqtsy0!19sChIJHXKfbmapQjQRRV1t71e974o?authuser=0&hl=zh-TW&rclk=1,0x3442a9666e9f721d:0x8aefbd57ef6d5d45
444,i C,5,1 個月前,"肉肉讚

",2022-11-21,https://www.google.com.tw/maps/place/%E7%AF%89%E9%96%93%E5%B9%B8%E7%A6%8F%E9%8D%8B%E7%89%A9+%E5%8F%B0%E5%8C%97%E5%8D%97%E4%BA%AC%E4%B8%80%E5%BA%97/data=!4m7!3m6!1s0x3442a9666e9f721d:0x8aefbd57ef6d5d45!8m2!3d25.0518598!4d121.5273867!16s%2Fg%2F11b7cqtsy0!19sChIJHXKfbmapQjQRRV1t71e974o?authuser=0&hl=zh-TW&rclk=1,0x3442a9666e9f721d:0x8aefbd57ef6d5d45
445,雨林,5,1 個月前,"烏骨雞讚

",2022-11-21,https://www.google.com.tw/maps/place/%E7%AF%89%E9%96%93%E5%B9%B8%E7%A6%8F%E9%8D%8B%E7%89%A9+%E5%8F%B0%E5%8C%97%E5%8D%97%E4%BA%AC%E4%B8%80%E5%BA%97/data=!4m7!3m6!1s0x3442a9666e9f721d:0x8aefbd57ef6d5d45!8m2!3d25.0518598!4d121.5273867!16s%2Fg%2F11b7cqtsy0!19sChIJHXKfbmapQjQRRV1t71e974o?authuser=0&hl=zh-TW&rclk=1,0x3442a9666e9f721d:0x8aefbd57ef6d5d45
446,蔆蔆柒,5,1 個月前,"新鮮好吃 很適合朋友聚餐

",2022-11-21,https://www.google.com.tw/maps/place/%E7%AF%89%E9%96%93%E5%B9%B8%E7%A6%8F%E9%8D%8B%E7%89%A9+%E5%8F%B0%E5%8C%97%E5%8D%97%E4%BA%AC%E4%B8%80%E5%BA%97/data=!4m7!3m6!1s0x3442a9666e9f721d:0x8aefbd57ef6d5d45!8m2!3d25.0518598!4d121.5273867!16s%2Fg%2F11b7cqtsy0!19sChIJHXKfbmapQjQRRV1t71e974o?authuser=0&hl=zh-TW&rclk=1,0x3442a9666e9f721d:0x8aefbd57ef6d5d45
447,小米林,5,1 個月前,"服務很好

",2022-11-21,https://www.google.com.tw/maps/place/%E7%AF%89%E9%96%93%E5%B9%B8%E7%A6%8F%E9%8D%8B%E7%89%A9+%E5%8F%B0%E5%8C%97%E5%8D%97%E4%BA%AC%E4%B8%80%E5%BA%97/data=!4m7!3m6!1s0x3442a9666e9f721d:0x8aefbd57ef6d5d45!8m2!3d25.0518598!4d121.5273867!16s%2Fg%2F11b7cqtsy0!19sChIJHXKfbmapQjQRRV1t71e974o?authuser=0&hl=zh-TW&rclk=1,0x3442a9666e9f721d:0x8aefbd57ef6d5d45
448,Gavin Lin,5,1 個月前,"服務人員好忙碌好辛苦，要帶位結帳還要送餐，整間都是客人服務確很迅速

",2022-11-21,https://www.google.com.tw/maps/place/%E7%AF%89%E9%96%93%E5%B9%B8%E7%A6%8F%E9%8D%8B%E7%89%A9+%E5%8F%B0%E5%8C%97%E5%8D%97%E4%BA%AC%E4%B8%80%E5%BA%97/data=!4m7!3m6!1s0x3442a9666e9f721d:0x8aefbd57ef6d5d45!8m2!3d25.0518598!4d121.5273867!16s%2Fg%2F11b7cqtsy0!19sChIJHXKfbmapQjQRRV1t71e974o?authuser=0&hl=zh-TW&rclk=1,0x3442a9666e9f721d:0x8aefbd57ef6d5d45
449,Sam Chang,5,1 個月前,,2022-11-21,https://www.google.com.tw/maps/place/%E7%AF%89%E9%96%93%E5%B9%B8%E7%A6%8F%E9%8D%8B%E7%89%A9+%E5%8F%B0%E5%8C%97%E5%8D%97%E4%BA%AC%E4%B8%80%E5%BA%97/data=!4m7!3m6!1s0x3442a9666e9f721d:0x8aefbd57ef6d5d45!8m2!3d25.0518598!4d121.5273867!16s%2Fg%2F11b7cqtsy0!19sChIJHXKfbmapQjQRRV1t71e974o?authuser=0&hl=zh-TW&rclk=1,0x3442a9666e9f721d:0x8aefbd57ef6d5d45
450,林老虎,5,1 個月前,"菜單好像會定期更新，有些餐點已經找不到了，上鍋的速度很快，但是肉盤等的有點久，牛肉的品質還是一樣很好吃，雖然價格偏高，但加上點數回饋還是很划算，飲料和冰品的項目有很多可以選擇，店內好像只有三個服務生，感覺已經忙到快要翻掉了，拜託老闆再加一個人吧

",2022-11-21,https://www.google.com.tw/maps/place/%E7%AF%89%E9%96%93%E5%B9%B8%E7%A6%8F%E9%8D%8B%E7%89%A9+%E5%8F%B0%E5%8C%97%E5%8D%97%E4%BA%AC%E4%B8%80%E5%BA%97/data=!4m7!3m6!1s0x3442a9666e9f721d:0x8aefbd57ef6d5d45!8m2!3d25.0518598!4d121.5273867!16s%2Fg%2F11b7cqtsy0!19sChIJHXKfbmapQjQRRV1t71e974o?authuser=0&hl=zh-TW&rclk=1,0x3442a9666e9f721d:0x8aefbd57ef6d5d45
451,陳鼎智af061388,5,1 個月前,,2022-11-21,https://www.google.com.tw/maps/place/%E7%AF%89%E9%96%93%E5%B9%B8%E7%A6%8F%E9%8D%8B%E7%89%A9+%E5%8F%B0%E5%8C%97%E5%8D%97%E4%BA%AC%E4%B8%80%E5%BA%97/data=!4m7!3m6!1s0x3442a9666e9f721d:0x8aefbd57ef6d5d45!8m2!3d25.0518598!4d121.5273867!16s%2Fg%2F11b7cqtsy0!19sChIJHXKfbmapQjQRRV1t71e974o?authuser=0&hl=zh-TW&rclk=1,0x3442a9666e9f721d:0x8aefbd57ef6d5d45
452,英俊吳（雅爸）,5,1 個月前,"好吃

",2022-11-21,https://www.google.com.tw/maps/place/%E7%AF%89%E9%96%93%E5%B9%B8%E7%A6%8F%E9%8D%8B%E7%89%A9+%E5%8F%B0%E5%8C%97%E5%8D%97%E4%BA%AC%E4%B8%80%E5%BA%97/data=!4m7!3m6!1s0x3442a9666e9f721d:0x8aefbd57ef6d5d45!8m2!3d25.0518598!4d121.5273867!16s%2Fg%2F11b7cqtsy0!19sChIJHXKfbmapQjQRRV1t71e974o?authuser=0&hl=zh-TW&rclk=1,0x3442a9666e9f721d:0x8aefbd57ef6d5d45
453,yuan ching Chang,5,1 個月前,"食材新鮮，冰淇淋是明治很不錯！

",2022-11-21,https://www.google.com.tw/maps/place/%E7%AF%89%E9%96%93%E5%B9%B8%E7%A6%8F%E9%8D%8B%E7%89%A9+%E5%8F%B0%E5%8C%97%E5%8D%97%E4%BA%AC%E4%B8%80%E5%BA%97/data=!4m7!3m6!1s0x3442a9666e9f721d:0x8aefbd57ef6d5d45!8m2!3d25.0518598!4d121.5273867!16s%2Fg%2F11b7cqtsy0!19sChIJHXKfbmapQjQRRV1t71e974o?authuser=0&hl=zh-TW&rclk=1,0x3442a9666e9f721d:0x8aefbd57ef6d5d45
454,Danny Ma,5,1 個月前,"好吃 一百分

",2022-11-21,https://www.google.com.tw/maps/place/%E7%AF%89%E9%96%93%E5%B9%B8%E7%A6%8F%E9%8D%8B%E7%89%A9+%E5%8F%B0%E5%8C%97%E5%8D%97%E4%BA%AC%E4%B8%80%E5%BA%97/data=!4m7!3m6!1s0x3442a9666e9f721d:0x8aefbd57ef6d5d45!8m2!3d25.0518598!4d121.5273867!16s%2Fg%2F11b7cqtsy0!19sChIJHXKfbmapQjQRRV1t71e974o?authuser=0&hl=zh-TW&rclk=1,0x3442a9666e9f721d:0x8aefbd57ef6d5d45
455,張哲瑋,5,1 個月前,"歐虧

",2022-11-21,https://www.google.com.tw/maps/place/%E7%AF%89%E9%96%93%E5%B9%B8%E7%A6%8F%E9%8D%8B%E7%89%A9+%E5%8F%B0%E5%8C%97%E5%8D%97%E4%BA%AC%E4%B8%80%E5%BA%97/data=!4m7!3m6!1s0x3442a9666e9f721d:0x8aefbd57ef6d5d45!8m2!3d25.0518598!4d121.5273867!16s%2Fg%2F11b7cqtsy0!19sChIJHXKfbmapQjQRRV1t71e974o?authuser=0&hl=zh-TW&rclk=1,0x3442a9666e9f721d:0x8aefbd57ef6d5d45
456,宮詠淳,5,1 個月前,,2022-11-21,https://www.google.com.tw/maps/place/%E7%AF%89%E9%96%93%E5%B9%B8%E7%A6%8F%E9%8D%8B%E7%89%A9+%E5%8F%B0%E5%8C%97%E5%8D%97%E4%BA%AC%E4%B8%80%E5%BA%97/data=!4m7!3m6!1s0x3442a9666e9f721d:0x8aefbd57ef6d5d45!8m2!3d25.0518598!4d121.5273867!16s%2Fg%2F11b7cqtsy0!19sChIJHXKfbmapQjQRRV1t71e974o?authuser=0&hl=zh-TW&rclk=1,0x3442a9666e9f721d:0x8aefbd57ef6d5d45
457,丁玉涵,5,1 個月前,"服務人員讚

",2022-11-21,https://www.google.com.tw/maps/place/%E7%AF%89%E9%96%93%E5%B9%B8%E7%A6%8F%E9%8D%8B%E7%89%A9+%E5%8F%B0%E5%8C%97%E5%8D%97%E4%BA%AC%E4%B8%80%E5%BA%97/data=!4m7!3m6!1s0x3442a9666e9f721d:0x8aefbd57ef6d5d45!8m2!3d25.0518598!4d121.5273867!16s%2Fg%2F11b7cqtsy0!19sChIJHXKfbmapQjQRRV1t71e974o?authuser=0&hl=zh-TW&rclk=1,0x3442a9666e9f721d:0x8aefbd57ef6d5d45
458,Martin Wong,5,1 個月前,,2022-11-21,https://www.google.com.tw/maps/place/%E7%AF%89%E9%96%93%E5%B9%B8%E7%A6%8F%E9%8D%8B%E7%89%A9+%E5%8F%B0%E5%8C%97%E5%8D%97%E4%BA%AC%E4%B8%80%E5%BA%97/data=!4m7!3m6!1s0x3442a9666e9f721d:0x8aefbd57ef6d5d45!8m2!3d25.0518598!4d121.5273867!16s%2Fg%2F11b7cqtsy0!19sChIJHXKfbmapQjQRRV1t71e974o?authuser=0&hl=zh-TW&rclk=1,0x3442a9666e9f721d:0x8aefbd57ef6d5d45
459,Wendy Yao,5,1 個月前,,2022-11-21,https://www.google.com.tw/maps/place/%E7%AF%89%E9%96%93%E5%B9%B8%E7%A6%8F%E9%8D%8B%E7%89%A9+%E5%8F%B0%E5%8C%97%E5%8D%97%E4%BA%AC%E4%B8%80%E5%BA%97/data=!4m7!3m6!1s0x3442a9666e9f721d:0x8aefbd57ef6d5d45!8m2!3d25.0518598!4d121.5273867!16s%2Fg%2F11b7cqtsy0!19sChIJHXKfbmapQjQRRV1t71e974o?authuser=0&hl=zh-TW&rclk=1,0x3442a9666e9f721d:0x8aefbd57ef6d5d45
460,林lin,5,1 個月前,"好吃

",2022-11-21,https://www.google.com.tw/maps/place/%E7%AF%89%E9%96%93%E5%B9%B8%E7%A6%8F%E9%8D%8B%E7%89%A9+%E5%8F%B0%E5%8C%97%E5%8D%97%E4%BA%AC%E4%B8%80%E5%BA%97/data=!4m7!3m6!1s0x3442a9666e9f721d:0x8aefbd57ef6d5d45!8m2!3d25.0518598!4d121.5273867!16s%2Fg%2F11b7cqtsy0!19sChIJHXKfbmapQjQRRV1t71e974o?authuser=0&hl=zh-TW&rclk=1,0x3442a9666e9f721d:0x8aefbd57ef6d5d45
461,TH,5,1 個月前,"好幾年前來吃店面在二樓，事隔幾年沒想到一二樓都是，湯底多了很多選擇，整間店超香，很期待！

",2022-11-21,https://www.google.com.tw/maps/place/%E7%AF%89%E9%96%93%E5%B9%B8%E7%A6%8F%E9%8D%8B%E7%89%A9+%E5%8F%B0%E5%8C%97%E5%8D%97%E4%BA%AC%E4%B8%80%E5%BA%97/data=!4m7!3m6!1s0x3442a9666e9f721d:0x8aefbd57ef6d5d45!8m2!3d25.0518598!4d121.5273867!16s%2Fg%2F11b7cqtsy0!19sChIJHXKfbmapQjQRRV1t71e974o?authuser=0&hl=zh-TW&rclk=1,0x3442a9666e9f721d:0x8aefbd57ef6d5d45
462,啊軒,5,1 個月前,"份量大，肉品品質高，好吃。

",2022-11-21,https://www.google.com.tw/maps/place/%E7%AF%89%E9%96%93%E5%B9%B8%E7%A6%8F%E9%8D%8B%E7%89%A9+%E5%8F%B0%E5%8C%97%E5%8D%97%E4%BA%AC%E4%B8%80%E5%BA%97/data=!4m7!3m6!1s0x3442a9666e9f721d:0x8aefbd57ef6d5d45!8m2!3d25.0518598!4d121.5273867!16s%2Fg%2F11b7cqtsy0!19sChIJHXKfbmapQjQRRV1t71e974o?authuser=0&hl=zh-TW&rclk=1,0x3442a9666e9f721d:0x8aefbd57ef6d5d45
463,Ting,5,1 個月前,,2022-11-21,https://www.google.com.tw/maps/place/%E7%AF%89%E9%96%93%E5%B9%B8%E7%A6%8F%E9%8D%8B%E7%89%A9+%E5%8F%B0%E5%8C%97%E5%8D%97%E4%BA%AC%E4%B8%80%E5%BA%97/data=!4m7!3m6!1s0x3442a9666e9f721d:0x8aefbd57ef6d5d45!8m2!3d25.0518598!4d121.5273867!16s%2Fg%2F11b7cqtsy0!19sChIJHXKfbmapQjQRRV1t71e974o?authuser=0&hl=zh-TW&rclk=1,0x3442a9666e9f721d:0x8aefbd57ef6d5d45
464,chen alex,5,1 個月前,"東西新鮮好吃 服務好

",2022-11-21,https://www.google.com.tw/maps/place/%E7%AF%89%E9%96%93%E5%B9%B8%E7%A6%8F%E9%8D%8B%E7%89%A9+%E5%8F%B0%E5%8C%97%E5%8D%97%E4%BA%AC%E4%B8%80%E5%BA%97/data=!4m7!3m6!1s0x3442a9666e9f721d:0x8aefbd57ef6d5d45!8m2!3d25.0518598!4d121.5273867!16s%2Fg%2F11b7cqtsy0!19sChIJHXKfbmapQjQRRV1t71e974o?authuser=0&hl=zh-TW&rclk=1,0x3442a9666e9f721d:0x8aefbd57ef6d5d45
465,Wei 1210,5,1 個月前,"好吃

",2022-11-21,https://www.google.com.tw/maps/place/%E7%AF%89%E9%96%93%E5%B9%B8%E7%A6%8F%E9%8D%8B%E7%89%A9+%E5%8F%B0%E5%8C%97%E5%8D%97%E4%BA%AC%E4%B8%80%E5%BA%97/data=!4m7!3m6!1s0x3442a9666e9f721d:0x8aefbd57ef6d5d45!8m2!3d25.0518598!4d121.5273867!16s%2Fg%2F11b7cqtsy0!19sChIJHXKfbmapQjQRRV1t71e974o?authuser=0&hl=zh-TW&rclk=1,0x3442a9666e9f721d:0x8aefbd57ef6d5d45
466,廖培瑞,5,1 個月前,,2022-11-21,https://www.google.com.tw/maps/place/%E7%AF%89%E9%96%93%E5%B9%B8%E7%A6%8F%E9%8D%8B%E7%89%A9+%E5%8F%B0%E5%8C%97%E5%8D%97%E4%BA%AC%E4%B8%80%E5%BA%97/data=!4m7!3m6!1s0x3442a9666e9f721d:0x8aefbd57ef6d5d45!8m2!3d25.0518598!4d121.5273867!16s%2Fg%2F11b7cqtsy0!19sChIJHXKfbmapQjQRRV1t71e974o?authuser=0&hl=zh-TW&rclk=1,0x3442a9666e9f721d:0x8aefbd57ef6d5d45
467,阿倪,5,1 個月前,,2022-11-21,https://www.google.com.tw/maps/place/%E7%AF%89%E9%96%93%E5%B9%B8%E7%A6%8F%E9%8D%8B%E7%89%A9+%E5%8F%B0%E5%8C%97%E5%8D%97%E4%BA%AC%E4%B8%80%E5%BA%97/data=!4m7!3m6!1s0x3442a9666e9f721d:0x8aefbd57ef6d5d45!8m2!3d25.0518598!4d121.5273867!16s%2Fg%2F11b7cqtsy0!19sChIJHXKfbmapQjQRRV1t71e974o?authuser=0&hl=zh-TW&rclk=1,0x3442a9666e9f721d:0x8aefbd57ef6d5d45
468,Luke Lu,5,1 個月前,"好吃好吃好吃

",2022-11-21,https://www.google.com.tw/maps/place/%E7%AF%89%E9%96%93%E5%B9%B8%E7%A6%8F%E9%8D%8B%E7%89%A9+%E5%8F%B0%E5%8C%97%E5%8D%97%E4%BA%AC%E4%B8%80%E5%BA%97/data=!4m7!3m6!1s0x3442a9666e9f721d:0x8aefbd57ef6d5d45!8m2!3d25.0518598!4d121.5273867!16s%2Fg%2F11b7cqtsy0!19sChIJHXKfbmapQjQRRV1t71e974o?authuser=0&hl=zh-TW&rclk=1,0x3442a9666e9f721d:0x8aefbd57ef6d5d45
469,olo Ab,5,1 個月前,"很好吃喔

",2022-11-21,https://www.google.com.tw/maps/place/%E7%AF%89%E9%96%93%E5%B9%B8%E7%A6%8F%E9%8D%8B%E7%89%A9+%E5%8F%B0%E5%8C%97%E5%8D%97%E4%BA%AC%E4%B8%80%E5%BA%97/data=!4m7!3m6!1s0x3442a9666e9f721d:0x8aefbd57ef6d5d45!8m2!3d25.0518598!4d121.5273867!16s%2Fg%2F11b7cqtsy0!19sChIJHXKfbmapQjQRRV1t71e974o?authuser=0&hl=zh-TW&rclk=1,0x3442a9666e9f721d:0x8aefbd57ef6d5d45
470,Katherine H.,5,1 個月前,"來吃過幾次，都保持一定水準，好吃！

",2022-11-21,https://www.google.com.tw/maps/place/%E7%AF%89%E9%96%93%E5%B9%B8%E7%A6%8F%E9%8D%8B%E7%89%A9+%E5%8F%B0%E5%8C%97%E5%8D%97%E4%BA%AC%E4%B8%80%E5%BA%97/data=!4m7!3m6!1s0x3442a9666e9f721d:0x8aefbd57ef6d5d45!8m2!3d25.0518598!4d121.5273867!16s%2Fg%2F11b7cqtsy0!19sChIJHXKfbmapQjQRRV1t71e974o?authuser=0&hl=zh-TW&rclk=1,0x3442a9666e9f721d:0x8aefbd57ef6d5d45
471,許家瑜,5,1 個月前,"讚 推！

",2022-11-21,https://www.google.com.tw/maps/place/%E7%AF%89%E9%96%93%E5%B9%B8%E7%A6%8F%E9%8D%8B%E7%89%A9+%E5%8F%B0%E5%8C%97%E5%8D%97%E4%BA%AC%E4%B8%80%E5%BA%97/data=!4m7!3m6!1s0x3442a9666e9f721d:0x8aefbd57ef6d5d45!8m2!3d25.0518598!4d121.5273867!16s%2Fg%2F11b7cqtsy0!19sChIJHXKfbmapQjQRRV1t71e974o?authuser=0&hl=zh-TW&rclk=1,0x3442a9666e9f721d:0x8aefbd57ef6d5d45
472,欣妤,5,1 個月前,"讚！

",2022-11-21,https://www.google.com.tw/maps/place/%E7%AF%89%E9%96%93%E5%B9%B8%E7%A6%8F%E9%8D%8B%E7%89%A9+%E5%8F%B0%E5%8C%97%E5%8D%97%E4%BA%AC%E4%B8%80%E5%BA%97/data=!4m7!3m6!1s0x3442a9666e9f721d:0x8aefbd57ef6d5d45!8m2!3d25.0518598!4d121.5273867!16s%2Fg%2F11b7cqtsy0!19sChIJHXKfbmapQjQRRV1t71e974o?authuser=0&hl=zh-TW&rclk=1,0x3442a9666e9f721d:0x8aefbd57ef6d5d45
473,洪慧如,5,1 個月前,"胡椒豬骨湯很好喝！

",2022-11-21,https://www.google.com.tw/maps/place/%E7%AF%89%E9%96%93%E5%B9%B8%E7%A6%8F%E9%8D%8B%E7%89%A9+%E5%8F%B0%E5%8C%97%E5%8D%97%E4%BA%AC%E4%B8%80%E5%BA%97/data=!4m7!3m6!1s0x3442a9666e9f721d:0x8aefbd57ef6d5d45!8m2!3d25.0518598!4d121.5273867!16s%2Fg%2F11b7cqtsy0!19sChIJHXKfbmapQjQRRV1t71e974o?authuser=0&hl=zh-TW&rclk=1,0x3442a9666e9f721d:0x8aefbd57ef6d5d45
474,王長賢,5,1 個月前,"好吃裝潢棒！

",2022-11-21,https://www.google.com.tw/maps/place/%E7%AF%89%E9%96%93%E5%B9%B8%E7%A6%8F%E9%8D%8B%E7%89%A9+%E5%8F%B0%E5%8C%97%E5%8D%97%E4%BA%AC%E4%B8%80%E5%BA%97/data=!4m7!3m6!1s0x3442a9666e9f721d:0x8aefbd57ef6d5d45!8m2!3d25.0518598!4d121.5273867!16s%2Fg%2F11b7cqtsy0!19sChIJHXKfbmapQjQRRV1t71e974o?authuser=0&hl=zh-TW&rclk=1,0x3442a9666e9f721d:0x8aefbd57ef6d5d45
475,翁Owen,4,1 個月前,"火鍋料新鮮實在，店沒有很大，但不至於擁擠。會再造訪，點不同鍋吃吃。

",2022-11-21,https://www.google.com.tw/maps/place/%E7%AF%89%E9%96%93%E5%B9%B8%E7%A6%8F%E9%8D%8B%E7%89%A9+%E5%8F%B0%E5%8C%97%E5%8D%97%E4%BA%AC%E4%B8%80%E5%BA%97/data=!4m7!3m6!1s0x3442a9666e9f721d:0x8aefbd57ef6d5d45!8m2!3d25.0518598!4d121.5273867!16s%2Fg%2F11b7cqtsy0!19sChIJHXKfbmapQjQRRV1t71e974o?authuser=0&hl=zh-TW&rclk=1,0x3442a9666e9f721d:0x8aefbd57ef6d5d45
476,Ning Ning Yang,5,1 個月前,,2022-11-21,https://www.google.com.tw/maps/place/%E7%AF%89%E9%96%93%E5%B9%B8%E7%A6%8F%E9%8D%8B%E7%89%A9+%E5%8F%B0%E5%8C%97%E5%8D%97%E4%BA%AC%E4%B8%80%E5%BA%97/data=!4m7!3m6!1s0x3442a9666e9f721d:0x8aefbd57ef6d5d45!8m2!3d25.0518598!4d121.5273867!16s%2Fg%2F11b7cqtsy0!19sChIJHXKfbmapQjQRRV1t71e974o?authuser=0&hl=zh-TW&rclk=1,0x3442a9666e9f721d:0x8aefbd57ef6d5d45
477,Chris Du,5,1 個月前,,2022-11-21,https://www.google.com.tw/maps/place/%E7%AF%89%E9%96%93%E5%B9%B8%E7%A6%8F%E9%8D%8B%E7%89%A9+%E5%8F%B0%E5%8C%97%E5%8D%97%E4%BA%AC%E4%B8%80%E5%BA%97/data=!4m7!3m6!1s0x3442a9666e9f721d:0x8aefbd57ef6d5d45!8m2!3d25.0518598!4d121.5273867!16s%2Fg%2F11b7cqtsy0!19sChIJHXKfbmapQjQRRV1t71e974o?authuser=0&hl=zh-TW&rclk=1,0x3442a9666e9f721d:0x8aefbd57ef6d5d45
478,Weichung Ting,5,1 個月前,"好棒的地方，好友相聚的好所在

",2022-11-21,https://www.google.com.tw/maps/place/%E7%AF%89%E9%96%93%E5%B9%B8%E7%A6%8F%E9%8D%8B%E7%89%A9+%E5%8F%B0%E5%8C%97%E5%8D%97%E4%BA%AC%E4%B8%80%E5%BA%97/data=!4m7!3m6!1s0x3442a9666e9f721d:0x8aefbd57ef6d5d45!8m2!3d25.0518598!4d121.5273867!16s%2Fg%2F11b7cqtsy0!19sChIJHXKfbmapQjQRRV1t71e974o?authuser=0&hl=zh-TW&rclk=1,0x3442a9666e9f721d:0x8aefbd57ef6d5d45
479,賴韋綸,5,1 個月前,"終於吃到築間自助吧了好吃

",2022-11-21,https://www.google.com.tw/maps/place/%E7%AF%89%E9%96%93%E5%B9%B8%E7%A6%8F%E9%8D%8B%E7%89%A9+%E5%8F%B0%E5%8C%97%E5%8D%97%E4%BA%AC%E4%B8%80%E5%BA%97/data=!4m7!3m6!1s0x3442a9666e9f721d:0x8aefbd57ef6d5d45!8m2!3d25.0518598!4d121.5273867!16s%2Fg%2F11b7cqtsy0!19sChIJHXKfbmapQjQRRV1t71e974o?authuser=0&hl=zh-TW&rclk=1,0x3442a9666e9f721d:0x8aefbd57ef6d5d45
480,張倩瑜,5,1 個月前,"種類選擇多～以前來用過餐  
好吃環境舒適 ！

",2022-11-21,https://www.google.com.tw/maps/place/%E7%AF%89%E9%96%93%E5%B9%B8%E7%A6%8F%E9%8D%8B%E7%89%A9+%E5%8F%B0%E5%8C%97%E5%8D%97%E4%BA%AC%E4%B8%80%E5%BA%97/data=!4m7!3m6!1s0x3442a9666e9f721d:0x8aefbd57ef6d5d45!8m2!3d25.0518598!4d121.5273867!16s%2Fg%2F11b7cqtsy0!19sChIJHXKfbmapQjQRRV1t71e974o?authuser=0&hl=zh-TW&rclk=1,0x3442a9666e9f721d:0x8aefbd57ef6d5d45
481,阿集,5,1 個月前,"入厝聚餐最佳選擇。生日禮換豬肉讚讚。

",2022-11-21,https://www.google.com.tw/maps/place/%E7%AF%89%E9%96%93%E5%B9%B8%E7%A6%8F%E9%8D%8B%E7%89%A9+%E5%8F%B0%E5%8C%97%E5%8D%97%E4%BA%AC%E4%B8%80%E5%BA%97/data=!4m7!3m6!1s0x3442a9666e9f721d:0x8aefbd57ef6d5d45!8m2!3d25.0518598!4d121.5273867!16s%2Fg%2F11b7cqtsy0!19sChIJHXKfbmapQjQRRV1t71e974o?authuser=0&hl=zh-TW&rclk=1,0x3442a9666e9f721d:0x8aefbd57ef6d5d45
482,薛雅心,5,1 個月前,,2022-11-21,https://www.google.com.tw/maps/place/%E7%AF%89%E9%96%93%E5%B9%B8%E7%A6%8F%E9%8D%8B%E7%89%A9+%E5%8F%B0%E5%8C%97%E5%8D%97%E4%BA%AC%E4%B8%80%E5%BA%97/data=!4m7!3m6!1s0x3442a9666e9f721d:0x8aefbd57ef6d5d45!8m2!3d25.0518598!4d121.5273867!16s%2Fg%2F11b7cqtsy0!19sChIJHXKfbmapQjQRRV1t71e974o?authuser=0&hl=zh-TW&rclk=1,0x3442a9666e9f721d:0x8aefbd57ef6d5d45
483,Cheng yun Hsiao,5,1 個月前,,2022-11-21,https://www.google.com.tw/maps/place/%E7%AF%89%E9%96%93%E5%B9%B8%E7%A6%8F%E9%8D%8B%E7%89%A9+%E5%8F%B0%E5%8C%97%E5%8D%97%E4%BA%AC%E4%B8%80%E5%BA%97/data=!4m7!3m6!1s0x3442a9666e9f721d:0x8aefbd57ef6d5d45!8m2!3d25.0518598!4d121.5273867!16s%2Fg%2F11b7cqtsy0!19sChIJHXKfbmapQjQRRV1t71e974o?authuser=0&hl=zh-TW&rclk=1,0x3442a9666e9f721d:0x8aefbd57ef6d5d45
484,AK Yin,5,1 個月前,"台北看到很晚的火鍋店

",2022-11-21,https://www.google.com.tw/maps/place/%E7%AF%89%E9%96%93%E5%B9%B8%E7%A6%8F%E9%8D%8B%E7%89%A9+%E5%8F%B0%E5%8C%97%E5%8D%97%E4%BA%AC%E4%B8%80%E5%BA%97/data=!4m7!3m6!1s0x3442a9666e9f721d:0x8aefbd57ef6d5d45!8m2!3d25.0518598!4d121.5273867!16s%2Fg%2F11b7cqtsy0!19sChIJHXKfbmapQjQRRV1t71e974o?authuser=0&hl=zh-TW&rclk=1,0x3442a9666e9f721d:0x8aefbd57ef6d5d45
485,紅宜婷,5,1 個月前,,2022-11-21,https://www.google.com.tw/maps/place/%E7%AF%89%E9%96%93%E5%B9%B8%E7%A6%8F%E9%8D%8B%E7%89%A9+%E5%8F%B0%E5%8C%97%E5%8D%97%E4%BA%AC%E4%B8%80%E5%BA%97/data=!4m7!3m6!1s0x3442a9666e9f721d:0x8aefbd57ef6d5d45!8m2!3d25.0518598!4d121.5273867!16s%2Fg%2F11b7cqtsy0!19sChIJHXKfbmapQjQRRV1t71e974o?authuser=0&hl=zh-TW&rclk=1,0x3442a9666e9f721d:0x8aefbd57ef6d5d45
486,Jason,1,2 個月前,"電話訂位,接聽人員態度極差,問個基消還酸:你有聽過築間嗎?不清楚消費方式請先上官網查詢.....  
請問你們是怎麼訓練員工的??服務業是這樣的嗎??管理階有管理嗎?這樣的服務品質看不到王品車尾燈吧!

",2022-11-21,https://www.google.com.tw/maps/place/%E7%AF%89%E9%96%93%E5%B9%B8%E7%A6%8F%E9%8D%8B%E7%89%A9+%E5%8F%B0%E5%8C%97%E5%8D%97%E4%BA%AC%E4%B8%80%E5%BA%97/data=!4m7!3m6!1s0x3442a9666e9f721d:0x8aefbd57ef6d5d45!8m2!3d25.0518598!4d121.5273867!16s%2Fg%2F11b7cqtsy0!19sChIJHXKfbmapQjQRRV1t71e974o?authuser=0&hl=zh-TW&rclk=1,0x3442a9666e9f721d:0x8aefbd57ef6d5d45
487,張百 齡,4,2 個月前,"環境清潔 食材新鮮 價格合理

",2022-11-21,https://www.google.com.tw/maps/place/%E7%AF%89%E9%96%93%E5%B9%B8%E7%A6%8F%E9%8D%8B%E7%89%A9+%E5%8F%B0%E5%8C%97%E5%8D%97%E4%BA%AC%E4%B8%80%E5%BA%97/data=!4m7!3m6!1s0x3442a9666e9f721d:0x8aefbd57ef6d5d45!8m2!3d25.0518598!4d121.5273867!16s%2Fg%2F11b7cqtsy0!19sChIJHXKfbmapQjQRRV1t71e974o?authuser=0&hl=zh-TW&rclk=1,0x3442a9666e9f721d:0x8aefbd57ef6d5d45
488,龍能祥,5,2 個月前,,2022-11-21,https://www.google.com.tw/maps/place/%E7%AF%89%E9%96%93%E5%B9%B8%E7%A6%8F%E9%8D%8B%E7%89%A9+%E5%8F%B0%E5%8C%97%E5%8D%97%E4%BA%AC%E4%B8%80%E5%BA%97/data=!4m7!3m6!1s0x3442a9666e9f721d:0x8aefbd57ef6d5d45!8m2!3d25.0518598!4d121.5273867!16s%2Fg%2F11b7cqtsy0!19sChIJHXKfbmapQjQRRV1t71e974o?authuser=0&hl=zh-TW&rclk=1,0x3442a9666e9f721d:0x8aefbd57ef6d5d45
489,Homg Wang,5,2 個月前,"好吃的鍋

",2022-11-21,https://www.google.com.tw/maps/place/%E7%AF%89%E9%96%93%E5%B9%B8%E7%A6%8F%E9%8D%8B%E7%89%A9+%E5%8F%B0%E5%8C%97%E5%8D%97%E4%BA%AC%E4%B8%80%E5%BA%97/data=!4m7!3m6!1s0x3442a9666e9f721d:0x8aefbd57ef6d5d45!8m2!3d25.0518598!4d121.5273867!16s%2Fg%2F11b7cqtsy0!19sChIJHXKfbmapQjQRRV1t71e974o?authuser=0&hl=zh-TW&rclk=1,0x3442a9666e9f721d:0x8aefbd57ef6d5d45
490,Nancy,5,2 個月前,,2022-11-21,https://www.google.com.tw/maps/place/%E7%AF%89%E9%96%93%E5%B9%B8%E7%A6%8F%E9%8D%8B%E7%89%A9+%E5%8F%B0%E5%8C%97%E5%8D%97%E4%BA%AC%E4%B8%80%E5%BA%97/data=!4m7!3m6!1s0x3442a9666e9f721d:0x8aefbd57ef6d5d45!8m2!3d25.0518598!4d121.5273867!16s%2Fg%2F11b7cqtsy0!19sChIJHXKfbmapQjQRRV1t71e974o?authuser=0&hl=zh-TW&rclk=1,0x3442a9666e9f721d:0x8aefbd57ef6d5d45
491,Debbie Yao,5,2 個月前,,2022-11-21,https://www.google.com.tw/maps/place/%E7%AF%89%E9%96%93%E5%B9%B8%E7%A6%8F%E9%8D%8B%E7%89%A9+%E5%8F%B0%E5%8C%97%E5%8D%97%E4%BA%AC%E4%B8%80%E5%BA%97/data=!4m7!3m6!1s0x3442a9666e9f721d:0x8aefbd57ef6d5d45!8m2!3d25.0518598!4d121.5273867!16s%2Fg%2F11b7cqtsy0!19sChIJHXKfbmapQjQRRV1t71e974o?authuser=0&hl=zh-TW&rclk=1,0x3442a9666e9f721d:0x8aefbd57ef6d5d45
492,嚴治翔,5,2 個月前,"(由 Google 提供翻譯) 好的  
  
(原始評論)  
Good

",2022-11-21,https://www.google.com.tw/maps/place/%E7%AF%89%E9%96%93%E5%B9%B8%E7%A6%8F%E9%8D%8B%E7%89%A9+%E5%8F%B0%E5%8C%97%E5%8D%97%E4%BA%AC%E4%B8%80%E5%BA%97/data=!4m7!3m6!1s0x3442a9666e9f721d:0x8aefbd57ef6d5d45!8m2!3d25.0518598!4d121.5273867!16s%2Fg%2F11b7cqtsy0!19sChIJHXKfbmapQjQRRV1t71e974o?authuser=0&hl=zh-TW&rclk=1,0x3442a9666e9f721d:0x8aefbd57ef6d5d45
493,兵役局台北市,5,2 個月前,,2022-11-21,https://www.google.com.tw/maps/place/%E7%AF%89%E9%96%93%E5%B9%B8%E7%A6%8F%E9%8D%8B%E7%89%A9+%E5%8F%B0%E5%8C%97%E5%8D%97%E4%BA%AC%E4%B8%80%E5%BA%97/data=!4m7!3m6!1s0x3442a9666e9f721d:0x8aefbd57ef6d5d45!8m2!3d25.0518598!4d121.5273867!16s%2Fg%2F11b7cqtsy0!19sChIJHXKfbmapQjQRRV1t71e974o?authuser=0&hl=zh-TW&rclk=1,0x3442a9666e9f721d:0x8aefbd57ef6d5d45
494,李湘涵,5,2 個月前,,2022-11-21,https://www.google.com.tw/maps/place/%E7%AF%89%E9%96%93%E5%B9%B8%E7%A6%8F%E9%8D%8B%E7%89%A9+%E5%8F%B0%E5%8C%97%E5%8D%97%E4%BA%AC%E4%B8%80%E5%BA%97/data=!4m7!3m6!1s0x3442a9666e9f721d:0x8aefbd57ef6d5d45!8m2!3d25.0518598!4d121.5273867!16s%2Fg%2F11b7cqtsy0!19sChIJHXKfbmapQjQRRV1t71e974o?authuser=0&hl=zh-TW&rclk=1,0x3442a9666e9f721d:0x8aefbd57ef6d5d45
495,些許高,5,2 個月前,"店員很胖但很熱情 滿分服務

",2022-11-21,https://www.google.com.tw/maps/place/%E7%AF%89%E9%96%93%E5%B9%B8%E7%A6%8F%E9%8D%8B%E7%89%A9+%E5%8F%B0%E5%8C%97%E5%8D%97%E4%BA%AC%E4%B8%80%E5%BA%97/data=!4m7!3m6!1s0x3442a9666e9f721d:0x8aefbd57ef6d5d45!8m2!3d25.0518598!4d121.5273867!16s%2Fg%2F11b7cqtsy0!19sChIJHXKfbmapQjQRRV1t71e974o?authuser=0&hl=zh-TW&rclk=1,0x3442a9666e9f721d:0x8aefbd57ef6d5d45
496,Lu Sean,5,2 個月前,"讚

",2022-11-21,https://www.google.com.tw/maps/place/%E7%AF%89%E9%96%93%E5%B9%B8%E7%A6%8F%E9%8D%8B%E7%89%A9+%E5%8F%B0%E5%8C%97%E5%8D%97%E4%BA%AC%E4%B8%80%E5%BA%97/data=!4m7!3m6!1s0x3442a9666e9f721d:0x8aefbd57ef6d5d45!8m2!3d25.0518598!4d121.5273867!16s%2Fg%2F11b7cqtsy0!19sChIJHXKfbmapQjQRRV1t71e974o?authuser=0&hl=zh-TW&rclk=1,0x3442a9666e9f721d:0x8aefbd57ef6d5d45
497,周書逸,5,2 個月前,,2022-11-21,https://www.google.com.tw/maps/place/%E7%AF%89%E9%96%93%E5%B9%B8%E7%A6%8F%E9%8D%8B%E7%89%A9+%E5%8F%B0%E5%8C%97%E5%8D%97%E4%BA%AC%E4%B8%80%E5%BA%97/data=!4m7!3m6!1s0x3442a9666e9f721d:0x8aefbd57ef6d5d45!8m2!3d25.0518598!4d121.5273867!16s%2Fg%2F11b7cqtsy0!19sChIJHXKfbmapQjQRRV1t71e974o?authuser=0&hl=zh-TW&rclk=1,0x3442a9666e9f721d:0x8aefbd57ef6d5d45
498,晴.,5,2 個月前,"食材新鮮 服務周到親切

",2022-11-21,https://www.google.com.tw/maps/place/%E7%AF%89%E9%96%93%E5%B9%B8%E7%A6%8F%E9%8D%8B%E7%89%A9+%E5%8F%B0%E5%8C%97%E5%8D%97%E4%BA%AC%E4%B8%80%E5%BA%97/data=!4m7!3m6!1s0x3442a9666e9f721d:0x8aefbd57ef6d5d45!8m2!3d25.0518598!4d121.5273867!16s%2Fg%2F11b7cqtsy0!19sChIJHXKfbmapQjQRRV1t71e974o?authuser=0&hl=zh-TW&rclk=1,0x3442a9666e9f721d:0x8aefbd57ef6d5d45
499,Sid Hsiung,5,2 個月前,"讚讚

",2022-11-21,https://www.google.com.tw/maps/place/%E7%AF%89%E9%96%93%E5%B9%B8%E7%A6%8F%E9%8D%8B%E7%89%A9+%E5%8F%B0%E5%8C%97%E5%8D%97%E4%BA%AC%E4%B8%80%E5%BA%97/data=!4m7!3m6!1s0x3442a9666e9f721d:0x8aefbd57ef6d5d45!8m2!3d25.0518598!4d121.5273867!16s%2Fg%2F11b7cqtsy0!19sChIJHXKfbmapQjQRRV1t71e974o?authuser=0&hl=zh-TW&rclk=1,0x3442a9666e9f721d:0x8aefbd57ef6d5d45
500,徐徐晟原,5,2 個月前,"好吃

",2022-11-21,https://www.google.com.tw/maps/place/%E7%AF%89%E9%96%93%E5%B9%B8%E7%A6%8F%E9%8D%8B%E7%89%A9+%E5%8F%B0%E5%8C%97%E5%8D%97%E4%BA%AC%E4%B8%80%E5%BA%97/data=!4m7!3m6!1s0x3442a9666e9f721d:0x8aefbd57ef6d5d45!8m2!3d25.0518598!4d121.5273867!16s%2Fg%2F11b7cqtsy0!19sChIJHXKfbmapQjQRRV1t71e974o?authuser=0&hl=zh-TW&rclk=1,0x3442a9666e9f721d:0x8aefbd57ef6d5d45
501,Hung-Hsien CHEN,5,2 個月前,"湯頭好喝

",2022-11-21,https://www.google.com.tw/maps/place/%E7%AF%89%E9%96%93%E5%B9%B8%E7%A6%8F%E9%8D%8B%E7%89%A9+%E5%8F%B0%E5%8C%97%E5%8D%97%E4%BA%AC%E4%B8%80%E5%BA%97/data=!4m7!3m6!1s0x3442a9666e9f721d:0x8aefbd57ef6d5d45!8m2!3d25.0518598!4d121.5273867!16s%2Fg%2F11b7cqtsy0!19sChIJHXKfbmapQjQRRV1t71e974o?authuser=0&hl=zh-TW&rclk=1,0x3442a9666e9f721d:0x8aefbd57ef6d5d45
502,李柏緯,5,2 個月前,"好吃

",2022-11-21,https://www.google.com.tw/maps/place/%E7%AF%89%E9%96%93%E5%B9%B8%E7%A6%8F%E9%8D%8B%E7%89%A9+%E5%8F%B0%E5%8C%97%E5%8D%97%E4%BA%AC%E4%B8%80%E5%BA%97/data=!4m7!3m6!1s0x3442a9666e9f721d:0x8aefbd57ef6d5d45!8m2!3d25.0518598!4d121.5273867!16s%2Fg%2F11b7cqtsy0!19sChIJHXKfbmapQjQRRV1t71e974o?authuser=0&hl=zh-TW&rclk=1,0x3442a9666e9f721d:0x8aefbd57ef6d5d45
503,黃靖婷,5,2 個月前,"空間舒適

",2022-11-21,https://www.google.com.tw/maps/place/%E7%AF%89%E9%96%93%E5%B9%B8%E7%A6%8F%E9%8D%8B%E7%89%A9+%E5%8F%B0%E5%8C%97%E5%8D%97%E4%BA%AC%E4%B8%80%E5%BA%97/data=!4m7!3m6!1s0x3442a9666e9f721d:0x8aefbd57ef6d5d45!8m2!3d25.0518598!4d121.5273867!16s%2Fg%2F11b7cqtsy0!19sChIJHXKfbmapQjQRRV1t71e974o?authuser=0&hl=zh-TW&rclk=1,0x3442a9666e9f721d:0x8aefbd57ef6d5d45
504,莊孟學,5,2 個月前,"讚

",2022-11-21,https://www.google.com.tw/maps/place/%E7%AF%89%E9%96%93%E5%B9%B8%E7%A6%8F%E9%8D%8B%E7%89%A9+%E5%8F%B0%E5%8C%97%E5%8D%97%E4%BA%AC%E4%B8%80%E5%BA%97/data=!4m7!3m6!1s0x3442a9666e9f721d:0x8aefbd57ef6d5d45!8m2!3d25.0518598!4d121.5273867!16s%2Fg%2F11b7cqtsy0!19sChIJHXKfbmapQjQRRV1t71e974o?authuser=0&hl=zh-TW&rclk=1,0x3442a9666e9f721d:0x8aefbd57ef6d5d45
505,徐彬凱,5,2 個月前,"好吃好吃

",2022-11-21,https://www.google.com.tw/maps/place/%E7%AF%89%E9%96%93%E5%B9%B8%E7%A6%8F%E9%8D%8B%E7%89%A9+%E5%8F%B0%E5%8C%97%E5%8D%97%E4%BA%AC%E4%B8%80%E5%BA%97/data=!4m7!3m6!1s0x3442a9666e9f721d:0x8aefbd57ef6d5d45!8m2!3d25.0518598!4d121.5273867!16s%2Fg%2F11b7cqtsy0!19sChIJHXKfbmapQjQRRV1t71e974o?authuser=0&hl=zh-TW&rclk=1,0x3442a9666e9f721d:0x8aefbd57ef6d5d45
506,YU SHIE,5,2 個月前,"服務員服務態度好，介紹餐點用心

",2022-11-21,https://www.google.com.tw/maps/place/%E7%AF%89%E9%96%93%E5%B9%B8%E7%A6%8F%E9%8D%8B%E7%89%A9+%E5%8F%B0%E5%8C%97%E5%8D%97%E4%BA%AC%E4%B8%80%E5%BA%97/data=!4m7!3m6!1s0x3442a9666e9f721d:0x8aefbd57ef6d5d45!8m2!3d25.0518598!4d121.5273867!16s%2Fg%2F11b7cqtsy0!19sChIJHXKfbmapQjQRRV1t71e974o?authuser=0&hl=zh-TW&rclk=1,0x3442a9666e9f721d:0x8aefbd57ef6d5d45
507,Karen Wei,5,2 個月前,,2022-11-21,https://www.google.com.tw/maps/place/%E7%AF%89%E9%96%93%E5%B9%B8%E7%A6%8F%E9%8D%8B%E7%89%A9+%E5%8F%B0%E5%8C%97%E5%8D%97%E4%BA%AC%E4%B8%80%E5%BA%97/data=!4m7!3m6!1s0x3442a9666e9f721d:0x8aefbd57ef6d5d45!8m2!3d25.0518598!4d121.5273867!16s%2Fg%2F11b7cqtsy0!19sChIJHXKfbmapQjQRRV1t71e974o?authuser=0&hl=zh-TW&rclk=1,0x3442a9666e9f721d:0x8aefbd57ef6d5d45
508,高意晴,5,2 個月前,"(由 Google 提供翻譯) 贊 好吃的  
  
(原始評論)  
いいね 好吃好吃

",2022-11-21,https://www.google.com.tw/maps/place/%E7%AF%89%E9%96%93%E5%B9%B8%E7%A6%8F%E9%8D%8B%E7%89%A9+%E5%8F%B0%E5%8C%97%E5%8D%97%E4%BA%AC%E4%B8%80%E5%BA%97/data=!4m7!3m6!1s0x3442a9666e9f721d:0x8aefbd57ef6d5d45!8m2!3d25.0518598!4d121.5273867!16s%2Fg%2F11b7cqtsy0!19sChIJHXKfbmapQjQRRV1t71e974o?authuser=0&hl=zh-TW&rclk=1,0x3442a9666e9f721d:0x8aefbd57ef6d5d45
509,陳威宇,5,2 個月前,"環境很舒服～～

",2022-11-21,https://www.google.com.tw/maps/place/%E7%AF%89%E9%96%93%E5%B9%B8%E7%A6%8F%E9%8D%8B%E7%89%A9+%E5%8F%B0%E5%8C%97%E5%8D%97%E4%BA%AC%E4%B8%80%E5%BA%97/data=!4m7!3m6!1s0x3442a9666e9f721d:0x8aefbd57ef6d5d45!8m2!3d25.0518598!4d121.5273867!16s%2Fg%2F11b7cqtsy0!19sChIJHXKfbmapQjQRRV1t71e974o?authuser=0&hl=zh-TW&rclk=1,0x3442a9666e9f721d:0x8aefbd57ef6d5d45
510,鍾小興,5,2 個月前,,2022-11-21,https://www.google.com.tw/maps/place/%E7%AF%89%E9%96%93%E5%B9%B8%E7%A6%8F%E9%8D%8B%E7%89%A9+%E5%8F%B0%E5%8C%97%E5%8D%97%E4%BA%AC%E4%B8%80%E5%BA%97/data=!4m7!3m6!1s0x3442a9666e9f721d:0x8aefbd57ef6d5d45!8m2!3d25.0518598!4d121.5273867!16s%2Fg%2F11b7cqtsy0!19sChIJHXKfbmapQjQRRV1t71e974o?authuser=0&hl=zh-TW&rclk=1,0x3442a9666e9f721d:0x8aefbd57ef6d5d45
511,李國雄,5,2 個月前,"很好吃 服務好

",2022-11-21,https://www.google.com.tw/maps/place/%E7%AF%89%E9%96%93%E5%B9%B8%E7%A6%8F%E9%8D%8B%E7%89%A9+%E5%8F%B0%E5%8C%97%E5%8D%97%E4%BA%AC%E4%B8%80%E5%BA%97/data=!4m7!3m6!1s0x3442a9666e9f721d:0x8aefbd57ef6d5d45!8m2!3d25.0518598!4d121.5273867!16s%2Fg%2F11b7cqtsy0!19sChIJHXKfbmapQjQRRV1t71e974o?authuser=0&hl=zh-TW&rclk=1,0x3442a9666e9f721d:0x8aefbd57ef6d5d45
512,Yo Yo,5,2 個月前,,2022-11-21,https://www.google.com.tw/maps/place/%E7%AF%89%E9%96%93%E5%B9%B8%E7%A6%8F%E9%8D%8B%E7%89%A9+%E5%8F%B0%E5%8C%97%E5%8D%97%E4%BA%AC%E4%B8%80%E5%BA%97/data=!4m7!3m6!1s0x3442a9666e9f721d:0x8aefbd57ef6d5d45!8m2!3d25.0518598!4d121.5273867!16s%2Fg%2F11b7cqtsy0!19sChIJHXKfbmapQjQRRV1t71e974o?authuser=0&hl=zh-TW&rclk=1,0x3442a9666e9f721d:0x8aefbd57ef6d5d45
513,楓靈笙,5,2 個月前,,2022-11-21,https://www.google.com.tw/maps/place/%E7%AF%89%E9%96%93%E5%B9%B8%E7%A6%8F%E9%8D%8B%E7%89%A9+%E5%8F%B0%E5%8C%97%E5%8D%97%E4%BA%AC%E4%B8%80%E5%BA%97/data=!4m7!3m6!1s0x3442a9666e9f721d:0x8aefbd57ef6d5d45!8m2!3d25.0518598!4d121.5273867!16s%2Fg%2F11b7cqtsy0!19sChIJHXKfbmapQjQRRV1t71e974o?authuser=0&hl=zh-TW&rclk=1,0x3442a9666e9f721d:0x8aefbd57ef6d5d45
514,wei chen,5,2 個月前,"讚讚的

",2022-11-21,https://www.google.com.tw/maps/place/%E7%AF%89%E9%96%93%E5%B9%B8%E7%A6%8F%E9%8D%8B%E7%89%A9+%E5%8F%B0%E5%8C%97%E5%8D%97%E4%BA%AC%E4%B8%80%E5%BA%97/data=!4m7!3m6!1s0x3442a9666e9f721d:0x8aefbd57ef6d5d45!8m2!3d25.0518598!4d121.5273867!16s%2Fg%2F11b7cqtsy0!19sChIJHXKfbmapQjQRRV1t71e974o?authuser=0&hl=zh-TW&rclk=1,0x3442a9666e9f721d:0x8aefbd57ef6d5d45
515,楓棠,5,2 個月前,"好吃

",2022-11-21,https://www.google.com.tw/maps/place/%E7%AF%89%E9%96%93%E5%B9%B8%E7%A6%8F%E9%8D%8B%E7%89%A9+%E5%8F%B0%E5%8C%97%E5%8D%97%E4%BA%AC%E4%B8%80%E5%BA%97/data=!4m7!3m6!1s0x3442a9666e9f721d:0x8aefbd57ef6d5d45!8m2!3d25.0518598!4d121.5273867!16s%2Fg%2F11b7cqtsy0!19sChIJHXKfbmapQjQRRV1t71e974o?authuser=0&hl=zh-TW&rclk=1,0x3442a9666e9f721d:0x8aefbd57ef6d5d45
516,Kai Ho,5,2 個月前,"好吃

",2022-11-21,https://www.google.com.tw/maps/place/%E7%AF%89%E9%96%93%E5%B9%B8%E7%A6%8F%E9%8D%8B%E7%89%A9+%E5%8F%B0%E5%8C%97%E5%8D%97%E4%BA%AC%E4%B8%80%E5%BA%97/data=!4m7!3m6!1s0x3442a9666e9f721d:0x8aefbd57ef6d5d45!8m2!3d25.0518598!4d121.5273867!16s%2Fg%2F11b7cqtsy0!19sChIJHXKfbmapQjQRRV1t71e974o?authuser=0&hl=zh-TW&rclk=1,0x3442a9666e9f721d:0x8aefbd57ef6d5d45
517,Wen ling Chen,5,2 個月前,,2022-11-21,https://www.google.com.tw/maps/place/%E7%AF%89%E9%96%93%E5%B9%B8%E7%A6%8F%E9%8D%8B%E7%89%A9+%E5%8F%B0%E5%8C%97%E5%8D%97%E4%BA%AC%E4%B8%80%E5%BA%97/data=!4m7!3m6!1s0x3442a9666e9f721d:0x8aefbd57ef6d5d45!8m2!3d25.0518598!4d121.5273867!16s%2Fg%2F11b7cqtsy0!19sChIJHXKfbmapQjQRRV1t71e974o?authuser=0&hl=zh-TW&rclk=1,0x3442a9666e9f721d:0x8aefbd57ef6d5d45
518,花喲,5,2 個月前,"好吃，cp值高～

",2022-11-21,https://www.google.com.tw/maps/place/%E7%AF%89%E9%96%93%E5%B9%B8%E7%A6%8F%E9%8D%8B%E7%89%A9+%E5%8F%B0%E5%8C%97%E5%8D%97%E4%BA%AC%E4%B8%80%E5%BA%97/data=!4m7!3m6!1s0x3442a9666e9f721d:0x8aefbd57ef6d5d45!8m2!3d25.0518598!4d121.5273867!16s%2Fg%2F11b7cqtsy0!19sChIJHXKfbmapQjQRRV1t71e974o?authuser=0&hl=zh-TW&rclk=1,0x3442a9666e9f721d:0x8aefbd57ef6d5d45
519,陳信宏,5,2 個月前,,2022-11-21,https://www.google.com.tw/maps/place/%E7%AF%89%E9%96%93%E5%B9%B8%E7%A6%8F%E9%8D%8B%E7%89%A9+%E5%8F%B0%E5%8C%97%E5%8D%97%E4%BA%AC%E4%B8%80%E5%BA%97/data=!4m7!3m6!1s0x3442a9666e9f721d:0x8aefbd57ef6d5d45!8m2!3d25.0518598!4d121.5273867!16s%2Fg%2F11b7cqtsy0!19sChIJHXKfbmapQjQRRV1t71e974o?authuser=0&hl=zh-TW&rclk=1,0x3442a9666e9f721d:0x8aefbd57ef6d5d45
520,抓耙仔,5,2 個月前,"很棒

",2022-11-21,https://www.google.com.tw/maps/place/%E7%AF%89%E9%96%93%E5%B9%B8%E7%A6%8F%E9%8D%8B%E7%89%A9+%E5%8F%B0%E5%8C%97%E5%8D%97%E4%BA%AC%E4%B8%80%E5%BA%97/data=!4m7!3m6!1s0x3442a9666e9f721d:0x8aefbd57ef6d5d45!8m2!3d25.0518598!4d121.5273867!16s%2Fg%2F11b7cqtsy0!19sChIJHXKfbmapQjQRRV1t71e974o?authuser=0&hl=zh-TW&rclk=1,0x3442a9666e9f721d:0x8aefbd57ef6d5d45
521,amin ho,5,2 個月前,,2022-11-21,https://www.google.com.tw/maps/place/%E7%AF%89%E9%96%93%E5%B9%B8%E7%A6%8F%E9%8D%8B%E7%89%A9+%E5%8F%B0%E5%8C%97%E5%8D%97%E4%BA%AC%E4%B8%80%E5%BA%97/data=!4m7!3m6!1s0x3442a9666e9f721d:0x8aefbd57ef6d5d45!8m2!3d25.0518598!4d121.5273867!16s%2Fg%2F11b7cqtsy0!19sChIJHXKfbmapQjQRRV1t71e974o?authuser=0&hl=zh-TW&rclk=1,0x3442a9666e9f721d:0x8aefbd57ef6d5d45
522,Yuan,5,2 個月前,,2022-11-21,https://www.google.com.tw/maps/place/%E7%AF%89%E9%96%93%E5%B9%B8%E7%A6%8F%E9%8D%8B%E7%89%A9+%E5%8F%B0%E5%8C%97%E5%8D%97%E4%BA%AC%E4%B8%80%E5%BA%97/data=!4m7!3m6!1s0x3442a9666e9f721d:0x8aefbd57ef6d5d45!8m2!3d25.0518598!4d121.5273867!16s%2Fg%2F11b7cqtsy0!19sChIJHXKfbmapQjQRRV1t71e974o?authuser=0&hl=zh-TW&rclk=1,0x3442a9666e9f721d:0x8aefbd57ef6d5d45
523,Liren Zhou,5,2 個月前,"服務善良親切，食物新鮮好吃

",2022-11-21,https://www.google.com.tw/maps/place/%E7%AF%89%E9%96%93%E5%B9%B8%E7%A6%8F%E9%8D%8B%E7%89%A9+%E5%8F%B0%E5%8C%97%E5%8D%97%E4%BA%AC%E4%B8%80%E5%BA%97/data=!4m7!3m6!1s0x3442a9666e9f721d:0x8aefbd57ef6d5d45!8m2!3d25.0518598!4d121.5273867!16s%2Fg%2F11b7cqtsy0!19sChIJHXKfbmapQjQRRV1t71e974o?authuser=0&hl=zh-TW&rclk=1,0x3442a9666e9f721d:0x8aefbd57ef6d5d45
524,Ch Mai,5,2 個月前,"

",2022-11-21,https://www.google.com.tw/maps/place/%E7%AF%89%E9%96%93%E5%B9%B8%E7%A6%8F%E9%8D%8B%E7%89%A9+%E5%8F%B0%E5%8C%97%E5%8D%97%E4%BA%AC%E4%B8%80%E5%BA%97/data=!4m7!3m6!1s0x3442a9666e9f721d:0x8aefbd57ef6d5d45!8m2!3d25.0518598!4d121.5273867!16s%2Fg%2F11b7cqtsy0!19sChIJHXKfbmapQjQRRV1t71e974o?authuser=0&hl=zh-TW&rclk=1,0x3442a9666e9f721d:0x8aefbd57ef6d5d45
525,蕭乃誠,5,2 個月前,"好吃

",2022-11-21,https://www.google.com.tw/maps/place/%E7%AF%89%E9%96%93%E5%B9%B8%E7%A6%8F%E9%8D%8B%E7%89%A9+%E5%8F%B0%E5%8C%97%E5%8D%97%E4%BA%AC%E4%B8%80%E5%BA%97/data=!4m7!3m6!1s0x3442a9666e9f721d:0x8aefbd57ef6d5d45!8m2!3d25.0518598!4d121.5273867!16s%2Fg%2F11b7cqtsy0!19sChIJHXKfbmapQjQRRV1t71e974o?authuser=0&hl=zh-TW&rclk=1,0x3442a9666e9f721d:0x8aefbd57ef6d5d45
526,LIN SPARKLE (Tracy),5,2 個月前,"性價比高的火鍋店

",2022-11-21,https://www.google.com.tw/maps/place/%E7%AF%89%E9%96%93%E5%B9%B8%E7%A6%8F%E9%8D%8B%E7%89%A9+%E5%8F%B0%E5%8C%97%E5%8D%97%E4%BA%AC%E4%B8%80%E5%BA%97/data=!4m7!3m6!1s0x3442a9666e9f721d:0x8aefbd57ef6d5d45!8m2!3d25.0518598!4d121.5273867!16s%2Fg%2F11b7cqtsy0!19sChIJHXKfbmapQjQRRV1t71e974o?authuser=0&hl=zh-TW&rclk=1,0x3442a9666e9f721d:0x8aefbd57ef6d5d45
527,Yunting Huang,5,2 個月前,"好吃

",2022-11-21,https://www.google.com.tw/maps/place/%E7%AF%89%E9%96%93%E5%B9%B8%E7%A6%8F%E9%8D%8B%E7%89%A9+%E5%8F%B0%E5%8C%97%E5%8D%97%E4%BA%AC%E4%B8%80%E5%BA%97/data=!4m7!3m6!1s0x3442a9666e9f721d:0x8aefbd57ef6d5d45!8m2!3d25.0518598!4d121.5273867!16s%2Fg%2F11b7cqtsy0!19sChIJHXKfbmapQjQRRV1t71e974o?authuser=0&hl=zh-TW&rclk=1,0x3442a9666e9f721d:0x8aefbd57ef6d5d45
528,蔡惠莉,5,2 個月前,"好吃，每週日晚上基本都會來報到

",2022-11-21,https://www.google.com.tw/maps/place/%E7%AF%89%E9%96%93%E5%B9%B8%E7%A6%8F%E9%8D%8B%E7%89%A9+%E5%8F%B0%E5%8C%97%E5%8D%97%E4%BA%AC%E4%B8%80%E5%BA%97/data=!4m7!3m6!1s0x3442a9666e9f721d:0x8aefbd57ef6d5d45!8m2!3d25.0518598!4d121.5273867!16s%2Fg%2F11b7cqtsy0!19sChIJHXKfbmapQjQRRV1t71e974o?authuser=0&hl=zh-TW&rclk=1,0x3442a9666e9f721d:0x8aefbd57ef6d5d45
529,Nick Chen,5,2 個月前,"餐點美味、服務也很好，要提前訂位才不會久候

",2022-11-21,https://www.google.com.tw/maps/place/%E7%AF%89%E9%96%93%E5%B9%B8%E7%A6%8F%E9%8D%8B%E7%89%A9+%E5%8F%B0%E5%8C%97%E5%8D%97%E4%BA%AC%E4%B8%80%E5%BA%97/data=!4m7!3m6!1s0x3442a9666e9f721d:0x8aefbd57ef6d5d45!8m2!3d25.0518598!4d121.5273867!16s%2Fg%2F11b7cqtsy0!19sChIJHXKfbmapQjQRRV1t71e974o?authuser=0&hl=zh-TW&rclk=1,0x3442a9666e9f721d:0x8aefbd57ef6d5d45
530,Poyu Huang,5,2 個月前,,2022-11-21,https://www.google.com.tw/maps/place/%E7%AF%89%E9%96%93%E5%B9%B8%E7%A6%8F%E9%8D%8B%E7%89%A9+%E5%8F%B0%E5%8C%97%E5%8D%97%E4%BA%AC%E4%B8%80%E5%BA%97/data=!4m7!3m6!1s0x3442a9666e9f721d:0x8aefbd57ef6d5d45!8m2!3d25.0518598!4d121.5273867!16s%2Fg%2F11b7cqtsy0!19sChIJHXKfbmapQjQRRV1t71e974o?authuser=0&hl=zh-TW&rclk=1,0x3442a9666e9f721d:0x8aefbd57ef6d5d45
531,王耀賢,5,2 個月前,,2022-11-21,https://www.google.com.tw/maps/place/%E7%AF%89%E9%96%93%E5%B9%B8%E7%A6%8F%E9%8D%8B%E7%89%A9+%E5%8F%B0%E5%8C%97%E5%8D%97%E4%BA%AC%E4%B8%80%E5%BA%97/data=!4m7!3m6!1s0x3442a9666e9f721d:0x8aefbd57ef6d5d45!8m2!3d25.0518598!4d121.5273867!16s%2Fg%2F11b7cqtsy0!19sChIJHXKfbmapQjQRRV1t71e974o?authuser=0&hl=zh-TW&rclk=1,0x3442a9666e9f721d:0x8aefbd57ef6d5d45
532,高尉庭,5,2 個月前,,2022-11-21,https://www.google.com.tw/maps/place/%E7%AF%89%E9%96%93%E5%B9%B8%E7%A6%8F%E9%8D%8B%E7%89%A9+%E5%8F%B0%E5%8C%97%E5%8D%97%E4%BA%AC%E4%B8%80%E5%BA%97/data=!4m7!3m6!1s0x3442a9666e9f721d:0x8aefbd57ef6d5d45!8m2!3d25.0518598!4d121.5273867!16s%2Fg%2F11b7cqtsy0!19sChIJHXKfbmapQjQRRV1t71e974o?authuser=0&hl=zh-TW&rclk=1,0x3442a9666e9f721d:0x8aefbd57ef6d5d45
533,曾于倩,5,2 個月前,,2022-11-21,https://www.google.com.tw/maps/place/%E7%AF%89%E9%96%93%E5%B9%B8%E7%A6%8F%E9%8D%8B%E7%89%A9+%E5%8F%B0%E5%8C%97%E5%8D%97%E4%BA%AC%E4%B8%80%E5%BA%97/data=!4m7!3m6!1s0x3442a9666e9f721d:0x8aefbd57ef6d5d45!8m2!3d25.0518598!4d121.5273867!16s%2Fg%2F11b7cqtsy0!19sChIJHXKfbmapQjQRRV1t71e974o?authuser=0&hl=zh-TW&rclk=1,0x3442a9666e9f721d:0x8aefbd57ef6d5d45
534,曾乙宸,5,2 個月前,,2022-11-21,https://www.google.com.tw/maps/place/%E7%AF%89%E9%96%93%E5%B9%B8%E7%A6%8F%E9%8D%8B%E7%89%A9+%E5%8F%B0%E5%8C%97%E5%8D%97%E4%BA%AC%E4%B8%80%E5%BA%97/data=!4m7!3m6!1s0x3442a9666e9f721d:0x8aefbd57ef6d5d45!8m2!3d25.0518598!4d121.5273867!16s%2Fg%2F11b7cqtsy0!19sChIJHXKfbmapQjQRRV1t71e974o?authuser=0&hl=zh-TW&rclk=1,0x3442a9666e9f721d:0x8aefbd57ef6d5d45
535,林黄彩雲,5,2 個月前,"加購雞肉

",2022-11-21,https://www.google.com.tw/maps/place/%E7%AF%89%E9%96%93%E5%B9%B8%E7%A6%8F%E9%8D%8B%E7%89%A9+%E5%8F%B0%E5%8C%97%E5%8D%97%E4%BA%AC%E4%B8%80%E5%BA%97/data=!4m7!3m6!1s0x3442a9666e9f721d:0x8aefbd57ef6d5d45!8m2!3d25.0518598!4d121.5273867!16s%2Fg%2F11b7cqtsy0!19sChIJHXKfbmapQjQRRV1t71e974o?authuser=0&hl=zh-TW&rclk=1,0x3442a9666e9f721d:0x8aefbd57ef6d5d45
536,天下,5,2 個月前,"好吃

",2022-11-21,https://www.google.com.tw/maps/place/%E7%AF%89%E9%96%93%E5%B9%B8%E7%A6%8F%E9%8D%8B%E7%89%A9+%E5%8F%B0%E5%8C%97%E5%8D%97%E4%BA%AC%E4%B8%80%E5%BA%97/data=!4m7!3m6!1s0x3442a9666e9f721d:0x8aefbd57ef6d5d45!8m2!3d25.0518598!4d121.5273867!16s%2Fg%2F11b7cqtsy0!19sChIJHXKfbmapQjQRRV1t71e974o?authuser=0&hl=zh-TW&rclk=1,0x3442a9666e9f721d:0x8aefbd57ef6d5d45
537,Yee Yang,5,2 個月前,"打卡送肉肉讚讚喔(⁎⁍̴̛ᴗ⁍̴̛⁎)/

",2022-11-21,https://www.google.com.tw/maps/place/%E7%AF%89%E9%96%93%E5%B9%B8%E7%A6%8F%E9%8D%8B%E7%89%A9+%E5%8F%B0%E5%8C%97%E5%8D%97%E4%BA%AC%E4%B8%80%E5%BA%97/data=!4m7!3m6!1s0x3442a9666e9f721d:0x8aefbd57ef6d5d45!8m2!3d25.0518598!4d121.5273867!16s%2Fg%2F11b7cqtsy0!19sChIJHXKfbmapQjQRRV1t71e974o?authuser=0&hl=zh-TW&rclk=1,0x3442a9666e9f721d:0x8aefbd57ef6d5d45
538,許婷婷,5,2 個月前,,2022-11-21,https://www.google.com.tw/maps/place/%E7%AF%89%E9%96%93%E5%B9%B8%E7%A6%8F%E9%8D%8B%E7%89%A9+%E5%8F%B0%E5%8C%97%E5%8D%97%E4%BA%AC%E4%B8%80%E5%BA%97/data=!4m7!3m6!1s0x3442a9666e9f721d:0x8aefbd57ef6d5d45!8m2!3d25.0518598!4d121.5273867!16s%2Fg%2F11b7cqtsy0!19sChIJHXKfbmapQjQRRV1t71e974o?authuser=0&hl=zh-TW&rclk=1,0x3442a9666e9f721d:0x8aefbd57ef6d5d45
539,YuanYu Hsieh,5,2 個月前,"言贊啦

",2022-11-21,https://www.google.com.tw/maps/place/%E7%AF%89%E9%96%93%E5%B9%B8%E7%A6%8F%E9%8D%8B%E7%89%A9+%E5%8F%B0%E5%8C%97%E5%8D%97%E4%BA%AC%E4%B8%80%E5%BA%97/data=!4m7!3m6!1s0x3442a9666e9f721d:0x8aefbd57ef6d5d45!8m2!3d25.0518598!4d121.5273867!16s%2Fg%2F11b7cqtsy0!19sChIJHXKfbmapQjQRRV1t71e974o?authuser=0&hl=zh-TW&rclk=1,0x3442a9666e9f721d:0x8aefbd57ef6d5d45
540,Jason Wu,5,2 個月前,"好吃

",2022-11-21,https://www.google.com.tw/maps/place/%E7%AF%89%E9%96%93%E5%B9%B8%E7%A6%8F%E9%8D%8B%E7%89%A9+%E5%8F%B0%E5%8C%97%E5%8D%97%E4%BA%AC%E4%B8%80%E5%BA%97/data=!4m7!3m6!1s0x3442a9666e9f721d:0x8aefbd57ef6d5d45!8m2!3d25.0518598!4d121.5273867!16s%2Fg%2F11b7cqtsy0!19sChIJHXKfbmapQjQRRV1t71e974o?authuser=0&hl=zh-TW&rclk=1,0x3442a9666e9f721d:0x8aefbd57ef6d5d45
541,Coming Lo,5,2 個月前,,2022-11-21,https://www.google.com.tw/maps/place/%E7%AF%89%E9%96%93%E5%B9%B8%E7%A6%8F%E9%8D%8B%E7%89%A9+%E5%8F%B0%E5%8C%97%E5%8D%97%E4%BA%AC%E4%B8%80%E5%BA%97/data=!4m7!3m6!1s0x3442a9666e9f721d:0x8aefbd57ef6d5d45!8m2!3d25.0518598!4d121.5273867!16s%2Fg%2F11b7cqtsy0!19sChIJHXKfbmapQjQRRV1t71e974o?authuser=0&hl=zh-TW&rclk=1,0x3442a9666e9f721d:0x8aefbd57ef6d5d45
542,fish7569,5,2 個月前,"非常容易客滿的店家，一定要提前預定。  
菜盤的海鮮與肉盤都很新鮮。肉盤量也蠻多的，飲料吧、冰淇淋自助式。  
目前有做活動，打卡雪花牛升級加量/烏骨雞加購69元。  
聽說藥膳鍋口感很好，可惜目前缺貨。  
海鮮干貝湯也不錯，湯頭濃郁帶有點甜味！

",2022-11-21,https://www.google.com.tw/maps/place/%E7%AF%89%E9%96%93%E5%B9%B8%E7%A6%8F%E9%8D%8B%E7%89%A9+%E5%8F%B0%E5%8C%97%E5%8D%97%E4%BA%AC%E4%B8%80%E5%BA%97/data=!4m7!3m6!1s0x3442a9666e9f721d:0x8aefbd57ef6d5d45!8m2!3d25.0518598!4d121.5273867!16s%2Fg%2F11b7cqtsy0!19sChIJHXKfbmapQjQRRV1t71e974o?authuser=0&hl=zh-TW&rclk=1,0x3442a9666e9f721d:0x8aefbd57ef6d5d45
543,廖瑞元,5,2 個月前,,2022-11-21,https://www.google.com.tw/maps/place/%E7%AF%89%E9%96%93%E5%B9%B8%E7%A6%8F%E9%8D%8B%E7%89%A9+%E5%8F%B0%E5%8C%97%E5%8D%97%E4%BA%AC%E4%B8%80%E5%BA%97/data=!4m7!3m6!1s0x3442a9666e9f721d:0x8aefbd57ef6d5d45!8m2!3d25.0518598!4d121.5273867!16s%2Fg%2F11b7cqtsy0!19sChIJHXKfbmapQjQRRV1t71e974o?authuser=0&hl=zh-TW&rclk=1,0x3442a9666e9f721d:0x8aefbd57ef6d5d45
544,鄭小柴,5,2 個月前,,2022-11-21,https://www.google.com.tw/maps/place/%E7%AF%89%E9%96%93%E5%B9%B8%E7%A6%8F%E9%8D%8B%E7%89%A9+%E5%8F%B0%E5%8C%97%E5%8D%97%E4%BA%AC%E4%B8%80%E5%BA%97/data=!4m7!3m6!1s0x3442a9666e9f721d:0x8aefbd57ef6d5d45!8m2!3d25.0518598!4d121.5273867!16s%2Fg%2F11b7cqtsy0!19sChIJHXKfbmapQjQRRV1t71e974o?authuser=0&hl=zh-TW&rclk=1,0x3442a9666e9f721d:0x8aefbd57ef6d5d45
545,Sean Chia,5,2 個月前,"超讚超好吃

",2022-11-21,https://www.google.com.tw/maps/place/%E7%AF%89%E9%96%93%E5%B9%B8%E7%A6%8F%E9%8D%8B%E7%89%A9+%E5%8F%B0%E5%8C%97%E5%8D%97%E4%BA%AC%E4%B8%80%E5%BA%97/data=!4m7!3m6!1s0x3442a9666e9f721d:0x8aefbd57ef6d5d45!8m2!3d25.0518598!4d121.5273867!16s%2Fg%2F11b7cqtsy0!19sChIJHXKfbmapQjQRRV1t71e974o?authuser=0&hl=zh-TW&rclk=1,0x3442a9666e9f721d:0x8aefbd57ef6d5d45
546,小蝸,5,2 個月前,"好吃(⁎⁍̴̛ᴗ⁍̴̛⁎)

",2022-11-21,https://www.google.com.tw/maps/place/%E7%AF%89%E9%96%93%E5%B9%B8%E7%A6%8F%E9%8D%8B%E7%89%A9+%E5%8F%B0%E5%8C%97%E5%8D%97%E4%BA%AC%E4%B8%80%E5%BA%97/data=!4m7!3m6!1s0x3442a9666e9f721d:0x8aefbd57ef6d5d45!8m2!3d25.0518598!4d121.5273867!16s%2Fg%2F11b7cqtsy0!19sChIJHXKfbmapQjQRRV1t71e974o?authuser=0&hl=zh-TW&rclk=1,0x3442a9666e9f721d:0x8aefbd57ef6d5d45
547,尤家愷,5,2 個月前,,2022-11-21,https://www.google.com.tw/maps/place/%E7%AF%89%E9%96%93%E5%B9%B8%E7%A6%8F%E9%8D%8B%E7%89%A9+%E5%8F%B0%E5%8C%97%E5%8D%97%E4%BA%AC%E4%B8%80%E5%BA%97/data=!4m7!3m6!1s0x3442a9666e9f721d:0x8aefbd57ef6d5d45!8m2!3d25.0518598!4d121.5273867!16s%2Fg%2F11b7cqtsy0!19sChIJHXKfbmapQjQRRV1t71e974o?authuser=0&hl=zh-TW&rclk=1,0x3442a9666e9f721d:0x8aefbd57ef6d5d45
548,抄米,5,2 個月前,,2022-11-21,https://www.google.com.tw/maps/place/%E7%AF%89%E9%96%93%E5%B9%B8%E7%A6%8F%E9%8D%8B%E7%89%A9+%E5%8F%B0%E5%8C%97%E5%8D%97%E4%BA%AC%E4%B8%80%E5%BA%97/data=!4m7!3m6!1s0x3442a9666e9f721d:0x8aefbd57ef6d5d45!8m2!3d25.0518598!4d121.5273867!16s%2Fg%2F11b7cqtsy0!19sChIJHXKfbmapQjQRRV1t71e974o?authuser=0&hl=zh-TW&rclk=1,0x3442a9666e9f721d:0x8aefbd57ef6d5d45
549,奕鈞（Fight for life）,5,2 個月前,"好吃

",2022-11-21,https://www.google.com.tw/maps/place/%E7%AF%89%E9%96%93%E5%B9%B8%E7%A6%8F%E9%8D%8B%E7%89%A9+%E5%8F%B0%E5%8C%97%E5%8D%97%E4%BA%AC%E4%B8%80%E5%BA%97/data=!4m7!3m6!1s0x3442a9666e9f721d:0x8aefbd57ef6d5d45!8m2!3d25.0518598!4d121.5273867!16s%2Fg%2F11b7cqtsy0!19sChIJHXKfbmapQjQRRV1t71e974o?authuser=0&hl=zh-TW&rclk=1,0x3442a9666e9f721d:0x8aefbd57ef6d5d45
550,Wendy,5,2 個月前,,2022-11-21,https://www.google.com.tw/maps/place/%E7%AF%89%E9%96%93%E5%B9%B8%E7%A6%8F%E9%8D%8B%E7%89%A9+%E5%8F%B0%E5%8C%97%E5%8D%97%E4%BA%AC%E4%B8%80%E5%BA%97/data=!4m7!3m6!1s0x3442a9666e9f721d:0x8aefbd57ef6d5d45!8m2!3d25.0518598!4d121.5273867!16s%2Fg%2F11b7cqtsy0!19sChIJHXKfbmapQjQRRV1t71e974o?authuser=0&hl=zh-TW&rclk=1,0x3442a9666e9f721d:0x8aefbd57ef6d5d45
551,周怡辰,5,2 個月前,,2022-11-21,https://www.google.com.tw/maps/place/%E7%AF%89%E9%96%93%E5%B9%B8%E7%A6%8F%E9%8D%8B%E7%89%A9+%E5%8F%B0%E5%8C%97%E5%8D%97%E4%BA%AC%E4%B8%80%E5%BA%97/data=!4m7!3m6!1s0x3442a9666e9f721d:0x8aefbd57ef6d5d45!8m2!3d25.0518598!4d121.5273867!16s%2Fg%2F11b7cqtsy0!19sChIJHXKfbmapQjQRRV1t71e974o?authuser=0&hl=zh-TW&rclk=1,0x3442a9666e9f721d:0x8aefbd57ef6d5d45
552,亭瑜黃,5,2 個月前,,2022-11-21,https://www.google.com.tw/maps/place/%E7%AF%89%E9%96%93%E5%B9%B8%E7%A6%8F%E9%8D%8B%E7%89%A9+%E5%8F%B0%E5%8C%97%E5%8D%97%E4%BA%AC%E4%B8%80%E5%BA%97/data=!4m7!3m6!1s0x3442a9666e9f721d:0x8aefbd57ef6d5d45!8m2!3d25.0518598!4d121.5273867!16s%2Fg%2F11b7cqtsy0!19sChIJHXKfbmapQjQRRV1t71e974o?authuser=0&hl=zh-TW&rclk=1,0x3442a9666e9f721d:0x8aefbd57ef6d5d45
553,陳泳棚,5,2 個月前,,2022-11-21,https://www.google.com.tw/maps/place/%E7%AF%89%E9%96%93%E5%B9%B8%E7%A6%8F%E9%8D%8B%E7%89%A9+%E5%8F%B0%E5%8C%97%E5%8D%97%E4%BA%AC%E4%B8%80%E5%BA%97/data=!4m7!3m6!1s0x3442a9666e9f721d:0x8aefbd57ef6d5d45!8m2!3d25.0518598!4d121.5273867!16s%2Fg%2F11b7cqtsy0!19sChIJHXKfbmapQjQRRV1t71e974o?authuser=0&hl=zh-TW&rclk=1,0x3442a9666e9f721d:0x8aefbd57ef6d5d45
554,shuhsuan lu,5,2 個月前,"好吃又好讚

",2022-11-21,https://www.google.com.tw/maps/place/%E7%AF%89%E9%96%93%E5%B9%B8%E7%A6%8F%E9%8D%8B%E7%89%A9+%E5%8F%B0%E5%8C%97%E5%8D%97%E4%BA%AC%E4%B8%80%E5%BA%97/data=!4m7!3m6!1s0x3442a9666e9f721d:0x8aefbd57ef6d5d45!8m2!3d25.0518598!4d121.5273867!16s%2Fg%2F11b7cqtsy0!19sChIJHXKfbmapQjQRRV1t71e974o?authuser=0&hl=zh-TW&rclk=1,0x3442a9666e9f721d:0x8aefbd57ef6d5d45
555,張哲瑋,5,2 個月前,,2022-11-21,https://www.google.com.tw/maps/place/%E7%AF%89%E9%96%93%E5%B9%B8%E7%A6%8F%E9%8D%8B%E7%89%A9+%E5%8F%B0%E5%8C%97%E5%8D%97%E4%BA%AC%E4%B8%80%E5%BA%97/data=!4m7!3m6!1s0x3442a9666e9f721d:0x8aefbd57ef6d5d45!8m2!3d25.0518598!4d121.5273867!16s%2Fg%2F11b7cqtsy0!19sChIJHXKfbmapQjQRRV1t71e974o?authuser=0&hl=zh-TW&rclk=1,0x3442a9666e9f721d:0x8aefbd57ef6d5d45
556,楊子葳,5,2 個月前,"東西新鮮 服務好

",2022-11-21,https://www.google.com.tw/maps/place/%E7%AF%89%E9%96%93%E5%B9%B8%E7%A6%8F%E9%8D%8B%E7%89%A9+%E5%8F%B0%E5%8C%97%E5%8D%97%E4%BA%AC%E4%B8%80%E5%BA%97/data=!4m7!3m6!1s0x3442a9666e9f721d:0x8aefbd57ef6d5d45!8m2!3d25.0518598!4d121.5273867!16s%2Fg%2F11b7cqtsy0!19sChIJHXKfbmapQjQRRV1t71e974o?authuser=0&hl=zh-TW&rclk=1,0x3442a9666e9f721d:0x8aefbd57ef6d5d45
557,孫畇槿,5,2 個月前,,2022-11-21,https://www.google.com.tw/maps/place/%E7%AF%89%E9%96%93%E5%B9%B8%E7%A6%8F%E9%8D%8B%E7%89%A9+%E5%8F%B0%E5%8C%97%E5%8D%97%E4%BA%AC%E4%B8%80%E5%BA%97/data=!4m7!3m6!1s0x3442a9666e9f721d:0x8aefbd57ef6d5d45!8m2!3d25.0518598!4d121.5273867!16s%2Fg%2F11b7cqtsy0!19sChIJHXKfbmapQjQRRV1t71e974o?authuser=0&hl=zh-TW&rclk=1,0x3442a9666e9f721d:0x8aefbd57ef6d5d45
558,Yi-Chin Hsieh,5,2 個月前,"火鍋控 宵夜首選！超好吃！因為有自助吧～而且餐環境乾淨整潔

",2022-11-21,https://www.google.com.tw/maps/place/%E7%AF%89%E9%96%93%E5%B9%B8%E7%A6%8F%E9%8D%8B%E7%89%A9+%E5%8F%B0%E5%8C%97%E5%8D%97%E4%BA%AC%E4%B8%80%E5%BA%97/data=!4m7!3m6!1s0x3442a9666e9f721d:0x8aefbd57ef6d5d45!8m2!3d25.0518598!4d121.5273867!16s%2Fg%2F11b7cqtsy0!19sChIJHXKfbmapQjQRRV1t71e974o?authuser=0&hl=zh-TW&rclk=1,0x3442a9666e9f721d:0x8aefbd57ef6d5d45
559,夾子是我,5,2 個月前,"好吃 阿金服務態度良好！

",2022-11-21,https://www.google.com.tw/maps/place/%E7%AF%89%E9%96%93%E5%B9%B8%E7%A6%8F%E9%8D%8B%E7%89%A9+%E5%8F%B0%E5%8C%97%E5%8D%97%E4%BA%AC%E4%B8%80%E5%BA%97/data=!4m7!3m6!1s0x3442a9666e9f721d:0x8aefbd57ef6d5d45!8m2!3d25.0518598!4d121.5273867!16s%2Fg%2F11b7cqtsy0!19sChIJHXKfbmapQjQRRV1t71e974o?authuser=0&hl=zh-TW&rclk=1,0x3442a9666e9f721d:0x8aefbd57ef6d5d45
560,Hung-Wei,5,2 個月前,,2022-11-21,https://www.google.com.tw/maps/place/%E7%AF%89%E9%96%93%E5%B9%B8%E7%A6%8F%E9%8D%8B%E7%89%A9+%E5%8F%B0%E5%8C%97%E5%8D%97%E4%BA%AC%E4%B8%80%E5%BA%97/data=!4m7!3m6!1s0x3442a9666e9f721d:0x8aefbd57ef6d5d45!8m2!3d25.0518598!4d121.5273867!16s%2Fg%2F11b7cqtsy0!19sChIJHXKfbmapQjQRRV1t71e974o?authuser=0&hl=zh-TW&rclk=1,0x3442a9666e9f721d:0x8aefbd57ef6d5d45
561,MAO,5,2 個月前,"好吃

",2022-11-21,https://www.google.com.tw/maps/place/%E7%AF%89%E9%96%93%E5%B9%B8%E7%A6%8F%E9%8D%8B%E7%89%A9+%E5%8F%B0%E5%8C%97%E5%8D%97%E4%BA%AC%E4%B8%80%E5%BA%97/data=!4m7!3m6!1s0x3442a9666e9f721d:0x8aefbd57ef6d5d45!8m2!3d25.0518598!4d121.5273867!16s%2Fg%2F11b7cqtsy0!19sChIJHXKfbmapQjQRRV1t71e974o?authuser=0&hl=zh-TW&rclk=1,0x3442a9666e9f721d:0x8aefbd57ef6d5d45
562,王柏翔,5,2 個月前,"很好吃

",2022-11-21,https://www.google.com.tw/maps/place/%E7%AF%89%E9%96%93%E5%B9%B8%E7%A6%8F%E9%8D%8B%E7%89%A9+%E5%8F%B0%E5%8C%97%E5%8D%97%E4%BA%AC%E4%B8%80%E5%BA%97/data=!4m7!3m6!1s0x3442a9666e9f721d:0x8aefbd57ef6d5d45!8m2!3d25.0518598!4d121.5273867!16s%2Fg%2F11b7cqtsy0!19sChIJHXKfbmapQjQRRV1t71e974o?authuser=0&hl=zh-TW&rclk=1,0x3442a9666e9f721d:0x8aefbd57ef6d5d45
563,李建璋,5,2 個月前,"很棒 打卡送肉 東西好吃～

",2022-11-21,https://www.google.com.tw/maps/place/%E7%AF%89%E9%96%93%E5%B9%B8%E7%A6%8F%E9%8D%8B%E7%89%A9+%E5%8F%B0%E5%8C%97%E5%8D%97%E4%BA%AC%E4%B8%80%E5%BA%97/data=!4m7!3m6!1s0x3442a9666e9f721d:0x8aefbd57ef6d5d45!8m2!3d25.0518598!4d121.5273867!16s%2Fg%2F11b7cqtsy0!19sChIJHXKfbmapQjQRRV1t71e974o?authuser=0&hl=zh-TW&rclk=1,0x3442a9666e9f721d:0x8aefbd57ef6d5d45
564,羅文彥,5,2 個月前,,2022-11-21,https://www.google.com.tw/maps/place/%E7%AF%89%E9%96%93%E5%B9%B8%E7%A6%8F%E9%8D%8B%E7%89%A9+%E5%8F%B0%E5%8C%97%E5%8D%97%E4%BA%AC%E4%B8%80%E5%BA%97/data=!4m7!3m6!1s0x3442a9666e9f721d:0x8aefbd57ef6d5d45!8m2!3d25.0518598!4d121.5273867!16s%2Fg%2F11b7cqtsy0!19sChIJHXKfbmapQjQRRV1t71e974o?authuser=0&hl=zh-TW&rclk=1,0x3442a9666e9f721d:0x8aefbd57ef6d5d45
565,Rebecca,4,2 個月前,"巧克力冰沙好喝～～  
牛奶鍋美味～～  
  
但杯子內部有點髒  
希望能注意洗碗機清洗角度等等  
（不過店員有特別幫我洗 非常貼心感謝～）

",2022-11-21,https://www.google.com.tw/maps/place/%E7%AF%89%E9%96%93%E5%B9%B8%E7%A6%8F%E9%8D%8B%E7%89%A9+%E5%8F%B0%E5%8C%97%E5%8D%97%E4%BA%AC%E4%B8%80%E5%BA%97/data=!4m7!3m6!1s0x3442a9666e9f721d:0x8aefbd57ef6d5d45!8m2!3d25.0518598!4d121.5273867!16s%2Fg%2F11b7cqtsy0!19sChIJHXKfbmapQjQRRV1t71e974o?authuser=0&hl=zh-TW&rclk=1,0x3442a9666e9f721d:0x8aefbd57ef6d5d45
566,LEE UNA,5,2 個月前,"(由 Google 提供翻譯) 可口的  
  
(原始評論)  
Delicious

",2022-11-21,https://www.google.com.tw/maps/place/%E7%AF%89%E9%96%93%E5%B9%B8%E7%A6%8F%E9%8D%8B%E7%89%A9+%E5%8F%B0%E5%8C%97%E5%8D%97%E4%BA%AC%E4%B8%80%E5%BA%97/data=!4m7!3m6!1s0x3442a9666e9f721d:0x8aefbd57ef6d5d45!8m2!3d25.0518598!4d121.5273867!16s%2Fg%2F11b7cqtsy0!19sChIJHXKfbmapQjQRRV1t71e974o?authuser=0&hl=zh-TW&rclk=1,0x3442a9666e9f721d:0x8aefbd57ef6d5d45
567,彈力球,5,2 個月前,,2022-11-21,https://www.google.com.tw/maps/place/%E7%AF%89%E9%96%93%E5%B9%B8%E7%A6%8F%E9%8D%8B%E7%89%A9+%E5%8F%B0%E5%8C%97%E5%8D%97%E4%BA%AC%E4%B8%80%E5%BA%97/data=!4m7!3m6!1s0x3442a9666e9f721d:0x8aefbd57ef6d5d45!8m2!3d25.0518598!4d121.5273867!16s%2Fg%2F11b7cqtsy0!19sChIJHXKfbmapQjQRRV1t71e974o?authuser=0&hl=zh-TW&rclk=1,0x3442a9666e9f721d:0x8aefbd57ef6d5d45
568,Kitty Chiu,5,2 個月前,"湯頭濃郁、自助式菜式多元又新鮮

",2022-11-21,https://www.google.com.tw/maps/place/%E7%AF%89%E9%96%93%E5%B9%B8%E7%A6%8F%E9%8D%8B%E7%89%A9+%E5%8F%B0%E5%8C%97%E5%8D%97%E4%BA%AC%E4%B8%80%E5%BA%97/data=!4m7!3m6!1s0x3442a9666e9f721d:0x8aefbd57ef6d5d45!8m2!3d25.0518598!4d121.5273867!16s%2Fg%2F11b7cqtsy0!19sChIJHXKfbmapQjQRRV1t71e974o?authuser=0&hl=zh-TW&rclk=1,0x3442a9666e9f721d:0x8aefbd57ef6d5d45
569,Hsieh Ingram,5,2 個月前,"自助吧輕鬆、新鮮好吃

",2022-11-21,https://www.google.com.tw/maps/place/%E7%AF%89%E9%96%93%E5%B9%B8%E7%A6%8F%E9%8D%8B%E7%89%A9+%E5%8F%B0%E5%8C%97%E5%8D%97%E4%BA%AC%E4%B8%80%E5%BA%97/data=!4m7!3m6!1s0x3442a9666e9f721d:0x8aefbd57ef6d5d45!8m2!3d25.0518598!4d121.5273867!16s%2Fg%2F11b7cqtsy0!19sChIJHXKfbmapQjQRRV1t71e974o?authuser=0&hl=zh-TW&rclk=1,0x3442a9666e9f721d:0x8aefbd57ef6d5d45
570,tiffany Huang,5,2 個月前,"好吃

",2022-11-21,https://www.google.com.tw/maps/place/%E7%AF%89%E9%96%93%E5%B9%B8%E7%A6%8F%E9%8D%8B%E7%89%A9+%E5%8F%B0%E5%8C%97%E5%8D%97%E4%BA%AC%E4%B8%80%E5%BA%97/data=!4m7!3m6!1s0x3442a9666e9f721d:0x8aefbd57ef6d5d45!8m2!3d25.0518598!4d121.5273867!16s%2Fg%2F11b7cqtsy0!19sChIJHXKfbmapQjQRRV1t71e974o?authuser=0&hl=zh-TW&rclk=1,0x3442a9666e9f721d:0x8aefbd57ef6d5d45
571,許琮翊,5,2 個月前,,2022-11-21,https://www.google.com.tw/maps/place/%E7%AF%89%E9%96%93%E5%B9%B8%E7%A6%8F%E9%8D%8B%E7%89%A9+%E5%8F%B0%E5%8C%97%E5%8D%97%E4%BA%AC%E4%B8%80%E5%BA%97/data=!4m7!3m6!1s0x3442a9666e9f721d:0x8aefbd57ef6d5d45!8m2!3d25.0518598!4d121.5273867!16s%2Fg%2F11b7cqtsy0!19sChIJHXKfbmapQjQRRV1t71e974o?authuser=0&hl=zh-TW&rclk=1,0x3442a9666e9f721d:0x8aefbd57ef6d5d45
572,Jacky Yu,5,2 個月前,"ㄗㄢˋ

",2022-11-21,https://www.google.com.tw/maps/place/%E7%AF%89%E9%96%93%E5%B9%B8%E7%A6%8F%E9%8D%8B%E7%89%A9+%E5%8F%B0%E5%8C%97%E5%8D%97%E4%BA%AC%E4%B8%80%E5%BA%97/data=!4m7!3m6!1s0x3442a9666e9f721d:0x8aefbd57ef6d5d45!8m2!3d25.0518598!4d121.5273867!16s%2Fg%2F11b7cqtsy0!19sChIJHXKfbmapQjQRRV1t71e974o?authuser=0&hl=zh-TW&rclk=1,0x3442a9666e9f721d:0x8aefbd57ef6d5d45
573,Wei Huang,5,2 個月前,"烏骨雞好吃！老饕不賴！

",2022-11-21,https://www.google.com.tw/maps/place/%E7%AF%89%E9%96%93%E5%B9%B8%E7%A6%8F%E9%8D%8B%E7%89%A9+%E5%8F%B0%E5%8C%97%E5%8D%97%E4%BA%AC%E4%B8%80%E5%BA%97/data=!4m7!3m6!1s0x3442a9666e9f721d:0x8aefbd57ef6d5d45!8m2!3d25.0518598!4d121.5273867!16s%2Fg%2F11b7cqtsy0!19sChIJHXKfbmapQjQRRV1t71e974o?authuser=0&hl=zh-TW&rclk=1,0x3442a9666e9f721d:0x8aefbd57ef6d5d45
574,ivychen692000,5,2 個月前,,2022-11-21,https://www.google.com.tw/maps/place/%E7%AF%89%E9%96%93%E5%B9%B8%E7%A6%8F%E9%8D%8B%E7%89%A9+%E5%8F%B0%E5%8C%97%E5%8D%97%E4%BA%AC%E4%B8%80%E5%BA%97/data=!4m7!3m6!1s0x3442a9666e9f721d:0x8aefbd57ef6d5d45!8m2!3d25.0518598!4d121.5273867!16s%2Fg%2F11b7cqtsy0!19sChIJHXKfbmapQjQRRV1t71e974o?authuser=0&hl=zh-TW&rclk=1,0x3442a9666e9f721d:0x8aefbd57ef6d5d45
575,劉濬清,5,2 個月前,,2022-11-21,https://www.google.com.tw/maps/place/%E7%AF%89%E9%96%93%E5%B9%B8%E7%A6%8F%E9%8D%8B%E7%89%A9+%E5%8F%B0%E5%8C%97%E5%8D%97%E4%BA%AC%E4%B8%80%E5%BA%97/data=!4m7!3m6!1s0x3442a9666e9f721d:0x8aefbd57ef6d5d45!8m2!3d25.0518598!4d121.5273867!16s%2Fg%2F11b7cqtsy0!19sChIJHXKfbmapQjQRRV1t71e974o?authuser=0&hl=zh-TW&rclk=1,0x3442a9666e9f721d:0x8aefbd57ef6d5d45
576,徐曼凌,5,2 個月前,,2022-11-21,https://www.google.com.tw/maps/place/%E7%AF%89%E9%96%93%E5%B9%B8%E7%A6%8F%E9%8D%8B%E7%89%A9+%E5%8F%B0%E5%8C%97%E5%8D%97%E4%BA%AC%E4%B8%80%E5%BA%97/data=!4m7!3m6!1s0x3442a9666e9f721d:0x8aefbd57ef6d5d45!8m2!3d25.0518598!4d121.5273867!16s%2Fg%2F11b7cqtsy0!19sChIJHXKfbmapQjQRRV1t71e974o?authuser=0&hl=zh-TW&rclk=1,0x3442a9666e9f721d:0x8aefbd57ef6d5d45
577,劉承睿,5,2 個月前,,2022-11-21,https://www.google.com.tw/maps/place/%E7%AF%89%E9%96%93%E5%B9%B8%E7%A6%8F%E9%8D%8B%E7%89%A9+%E5%8F%B0%E5%8C%97%E5%8D%97%E4%BA%AC%E4%B8%80%E5%BA%97/data=!4m7!3m6!1s0x3442a9666e9f721d:0x8aefbd57ef6d5d45!8m2!3d25.0518598!4d121.5273867!16s%2Fg%2F11b7cqtsy0!19sChIJHXKfbmapQjQRRV1t71e974o?authuser=0&hl=zh-TW&rclk=1,0x3442a9666e9f721d:0x8aefbd57ef6d5d45
578,Sachiko 0,5,2 個月前,"好吃！

",2022-11-21,https://www.google.com.tw/maps/place/%E7%AF%89%E9%96%93%E5%B9%B8%E7%A6%8F%E9%8D%8B%E7%89%A9+%E5%8F%B0%E5%8C%97%E5%8D%97%E4%BA%AC%E4%B8%80%E5%BA%97/data=!4m7!3m6!1s0x3442a9666e9f721d:0x8aefbd57ef6d5d45!8m2!3d25.0518598!4d121.5273867!16s%2Fg%2F11b7cqtsy0!19sChIJHXKfbmapQjQRRV1t71e974o?authuser=0&hl=zh-TW&rclk=1,0x3442a9666e9f721d:0x8aefbd57ef6d5d45
579,歐達欣,5,2 個月前,,2022-11-21,https://www.google.com.tw/maps/place/%E7%AF%89%E9%96%93%E5%B9%B8%E7%A6%8F%E9%8D%8B%E7%89%A9+%E5%8F%B0%E5%8C%97%E5%8D%97%E4%BA%AC%E4%B8%80%E5%BA%97/data=!4m7!3m6!1s0x3442a9666e9f721d:0x8aefbd57ef6d5d45!8m2!3d25.0518598!4d121.5273867!16s%2Fg%2F11b7cqtsy0!19sChIJHXKfbmapQjQRRV1t71e974o?authuser=0&hl=zh-TW&rclk=1,0x3442a9666e9f721d:0x8aefbd57ef6d5d45
580,倦勤齋主人-任平生,3,2 個月前,,2022-11-21,https://www.google.com.tw/maps/place/%E7%AF%89%E9%96%93%E5%B9%B8%E7%A6%8F%E9%8D%8B%E7%89%A9+%E5%8F%B0%E5%8C%97%E5%8D%97%E4%BA%AC%E4%B8%80%E5%BA%97/data=!4m7!3m6!1s0x3442a9666e9f721d:0x8aefbd57ef6d5d45!8m2!3d25.0518598!4d121.5273867!16s%2Fg%2F11b7cqtsy0!19sChIJHXKfbmapQjQRRV1t71e974o?authuser=0&hl=zh-TW&rclk=1,0x3442a9666e9f721d:0x8aefbd57ef6d5d45
581,Xue MIN,5,2 個月前,"讚讚

",2022-11-21,https://www.google.com.tw/maps/place/%E7%AF%89%E9%96%93%E5%B9%B8%E7%A6%8F%E9%8D%8B%E7%89%A9+%E5%8F%B0%E5%8C%97%E5%8D%97%E4%BA%AC%E4%B8%80%E5%BA%97/data=!4m7!3m6!1s0x3442a9666e9f721d:0x8aefbd57ef6d5d45!8m2!3d25.0518598!4d121.5273867!16s%2Fg%2F11b7cqtsy0!19sChIJHXKfbmapQjQRRV1t71e974o?authuser=0&hl=zh-TW&rclk=1,0x3442a9666e9f721d:0x8aefbd57ef6d5d45
582,謝承翰,5,2 個月前,,2022-11-21,https://www.google.com.tw/maps/place/%E7%AF%89%E9%96%93%E5%B9%B8%E7%A6%8F%E9%8D%8B%E7%89%A9+%E5%8F%B0%E5%8C%97%E5%8D%97%E4%BA%AC%E4%B8%80%E5%BA%97/data=!4m7!3m6!1s0x3442a9666e9f721d:0x8aefbd57ef6d5d45!8m2!3d25.0518598!4d121.5273867!16s%2Fg%2F11b7cqtsy0!19sChIJHXKfbmapQjQRRV1t71e974o?authuser=0&hl=zh-TW&rclk=1,0x3442a9666e9f721d:0x8aefbd57ef6d5d45
583,changlin Lu,5,2 個月前,"讚讚

",2022-11-21,https://www.google.com.tw/maps/place/%E7%AF%89%E9%96%93%E5%B9%B8%E7%A6%8F%E9%8D%8B%E7%89%A9+%E5%8F%B0%E5%8C%97%E5%8D%97%E4%BA%AC%E4%B8%80%E5%BA%97/data=!4m7!3m6!1s0x3442a9666e9f721d:0x8aefbd57ef6d5d45!8m2!3d25.0518598!4d121.5273867!16s%2Fg%2F11b7cqtsy0!19sChIJHXKfbmapQjQRRV1t71e974o?authuser=0&hl=zh-TW&rclk=1,0x3442a9666e9f721d:0x8aefbd57ef6d5d45
584,Jeffery,5,2 個月前,,2022-11-21,https://www.google.com.tw/maps/place/%E7%AF%89%E9%96%93%E5%B9%B8%E7%A6%8F%E9%8D%8B%E7%89%A9+%E5%8F%B0%E5%8C%97%E5%8D%97%E4%BA%AC%E4%B8%80%E5%BA%97/data=!4m7!3m6!1s0x3442a9666e9f721d:0x8aefbd57ef6d5d45!8m2!3d25.0518598!4d121.5273867!16s%2Fg%2F11b7cqtsy0!19sChIJHXKfbmapQjQRRV1t71e974o?authuser=0&hl=zh-TW&rclk=1,0x3442a9666e9f721d:0x8aefbd57ef6d5d45
585,柯俊辰,5,2 個月前,"讚讚好吃 品質好

",2022-11-21,https://www.google.com.tw/maps/place/%E7%AF%89%E9%96%93%E5%B9%B8%E7%A6%8F%E9%8D%8B%E7%89%A9+%E5%8F%B0%E5%8C%97%E5%8D%97%E4%BA%AC%E4%B8%80%E5%BA%97/data=!4m7!3m6!1s0x3442a9666e9f721d:0x8aefbd57ef6d5d45!8m2!3d25.0518598!4d121.5273867!16s%2Fg%2F11b7cqtsy0!19sChIJHXKfbmapQjQRRV1t71e974o?authuser=0&hl=zh-TW&rclk=1,0x3442a9666e9f721d:0x8aefbd57ef6d5d45
586,HongHan Huang,5,2 個月前,,2022-11-21,https://www.google.com.tw/maps/place/%E7%AF%89%E9%96%93%E5%B9%B8%E7%A6%8F%E9%8D%8B%E7%89%A9+%E5%8F%B0%E5%8C%97%E5%8D%97%E4%BA%AC%E4%B8%80%E5%BA%97/data=!4m7!3m6!1s0x3442a9666e9f721d:0x8aefbd57ef6d5d45!8m2!3d25.0518598!4d121.5273867!16s%2Fg%2F11b7cqtsy0!19sChIJHXKfbmapQjQRRV1t71e974o?authuser=0&hl=zh-TW&rclk=1,0x3442a9666e9f721d:0x8aefbd57ef6d5d45
587,邱宥銓,5,2 個月前,"打卡換肉

",2022-11-21,https://www.google.com.tw/maps/place/%E7%AF%89%E9%96%93%E5%B9%B8%E7%A6%8F%E9%8D%8B%E7%89%A9+%E5%8F%B0%E5%8C%97%E5%8D%97%E4%BA%AC%E4%B8%80%E5%BA%97/data=!4m7!3m6!1s0x3442a9666e9f721d:0x8aefbd57ef6d5d45!8m2!3d25.0518598!4d121.5273867!16s%2Fg%2F11b7cqtsy0!19sChIJHXKfbmapQjQRRV1t71e974o?authuser=0&hl=zh-TW&rclk=1,0x3442a9666e9f721d:0x8aefbd57ef6d5d45
588,凱開,5,2 個月前,,2022-11-21,https://www.google.com.tw/maps/place/%E7%AF%89%E9%96%93%E5%B9%B8%E7%A6%8F%E9%8D%8B%E7%89%A9+%E5%8F%B0%E5%8C%97%E5%8D%97%E4%BA%AC%E4%B8%80%E5%BA%97/data=!4m7!3m6!1s0x3442a9666e9f721d:0x8aefbd57ef6d5d45!8m2!3d25.0518598!4d121.5273867!16s%2Fg%2F11b7cqtsy0!19sChIJHXKfbmapQjQRRV1t71e974o?authuser=0&hl=zh-TW&rclk=1,0x3442a9666e9f721d:0x8aefbd57ef6d5d45
589,J,5,2 個月前,"肉盤很大 好吃  
飲料 冰淇淋免費吃到飽  
空間非常舒適適合帶朋友一起吃

",2022-11-21,https://www.google.com.tw/maps/place/%E7%AF%89%E9%96%93%E5%B9%B8%E7%A6%8F%E9%8D%8B%E7%89%A9+%E5%8F%B0%E5%8C%97%E5%8D%97%E4%BA%AC%E4%B8%80%E5%BA%97/data=!4m7!3m6!1s0x3442a9666e9f721d:0x8aefbd57ef6d5d45!8m2!3d25.0518598!4d121.5273867!16s%2Fg%2F11b7cqtsy0!19sChIJHXKfbmapQjQRRV1t71e974o?authuser=0&hl=zh-TW&rclk=1,0x3442a9666e9f721d:0x8aefbd57ef6d5d45
590,劉惠君,5,2 個月前,,2022-11-21,https://www.google.com.tw/maps/place/%E7%AF%89%E9%96%93%E5%B9%B8%E7%A6%8F%E9%8D%8B%E7%89%A9+%E5%8F%B0%E5%8C%97%E5%8D%97%E4%BA%AC%E4%B8%80%E5%BA%97/data=!4m7!3m6!1s0x3442a9666e9f721d:0x8aefbd57ef6d5d45!8m2!3d25.0518598!4d121.5273867!16s%2Fg%2F11b7cqtsy0!19sChIJHXKfbmapQjQRRV1t71e974o?authuser=0&hl=zh-TW&rclk=1,0x3442a9666e9f721d:0x8aefbd57ef6d5d45
591,豬小妹,4,2 個月前,,2022-11-21,https://www.google.com.tw/maps/place/%E7%AF%89%E9%96%93%E5%B9%B8%E7%A6%8F%E9%8D%8B%E7%89%A9+%E5%8F%B0%E5%8C%97%E5%8D%97%E4%BA%AC%E4%B8%80%E5%BA%97/data=!4m7!3m6!1s0x3442a9666e9f721d:0x8aefbd57ef6d5d45!8m2!3d25.0518598!4d121.5273867!16s%2Fg%2F11b7cqtsy0!19sChIJHXKfbmapQjQRRV1t71e974o?authuser=0&hl=zh-TW&rclk=1,0x3442a9666e9f721d:0x8aefbd57ef6d5d45
592,林郁苓,5,2 個月前,"服務人員超級正

",2022-11-21,https://www.google.com.tw/maps/place/%E7%AF%89%E9%96%93%E5%B9%B8%E7%A6%8F%E9%8D%8B%E7%89%A9+%E5%8F%B0%E5%8C%97%E5%8D%97%E4%BA%AC%E4%B8%80%E5%BA%97/data=!4m7!3m6!1s0x3442a9666e9f721d:0x8aefbd57ef6d5d45!8m2!3d25.0518598!4d121.5273867!16s%2Fg%2F11b7cqtsy0!19sChIJHXKfbmapQjQRRV1t71e974o?authuser=0&hl=zh-TW&rclk=1,0x3442a9666e9f721d:0x8aefbd57ef6d5d45
593,葉穎儒,5,2 個月前,"好吃

",2022-11-21,https://www.google.com.tw/maps/place/%E7%AF%89%E9%96%93%E5%B9%B8%E7%A6%8F%E9%8D%8B%E7%89%A9+%E5%8F%B0%E5%8C%97%E5%8D%97%E4%BA%AC%E4%B8%80%E5%BA%97/data=!4m7!3m6!1s0x3442a9666e9f721d:0x8aefbd57ef6d5d45!8m2!3d25.0518598!4d121.5273867!16s%2Fg%2F11b7cqtsy0!19sChIJHXKfbmapQjQRRV1t71e974o?authuser=0&hl=zh-TW&rclk=1,0x3442a9666e9f721d:0x8aefbd57ef6d5d45
594,Gt WU,5,2 個月前,"推牛髓湯底 優啊啊

",2022-11-21,https://www.google.com.tw/maps/place/%E7%AF%89%E9%96%93%E5%B9%B8%E7%A6%8F%E9%8D%8B%E7%89%A9+%E5%8F%B0%E5%8C%97%E5%8D%97%E4%BA%AC%E4%B8%80%E5%BA%97/data=!4m7!3m6!1s0x3442a9666e9f721d:0x8aefbd57ef6d5d45!8m2!3d25.0518598!4d121.5273867!16s%2Fg%2F11b7cqtsy0!19sChIJHXKfbmapQjQRRV1t71e974o?authuser=0&hl=zh-TW&rclk=1,0x3442a9666e9f721d:0x8aefbd57ef6d5d45
595,R R,5,2 個月前,"最喜歡築間

",2022-11-21,https://www.google.com.tw/maps/place/%E7%AF%89%E9%96%93%E5%B9%B8%E7%A6%8F%E9%8D%8B%E7%89%A9+%E5%8F%B0%E5%8C%97%E5%8D%97%E4%BA%AC%E4%B8%80%E5%BA%97/data=!4m7!3m6!1s0x3442a9666e9f721d:0x8aefbd57ef6d5d45!8m2!3d25.0518598!4d121.5273867!16s%2Fg%2F11b7cqtsy0!19sChIJHXKfbmapQjQRRV1t71e974o?authuser=0&hl=zh-TW&rclk=1,0x3442a9666e9f721d:0x8aefbd57ef6d5d45
596,Chen Isaac,5,2 個月前,"(由 Google 提供翻譯) 可口的  
  
(原始評論)  
Delicious

",2022-11-21,https://www.google.com.tw/maps/place/%E7%AF%89%E9%96%93%E5%B9%B8%E7%A6%8F%E9%8D%8B%E7%89%A9+%E5%8F%B0%E5%8C%97%E5%8D%97%E4%BA%AC%E4%B8%80%E5%BA%97/data=!4m7!3m6!1s0x3442a9666e9f721d:0x8aefbd57ef6d5d45!8m2!3d25.0518598!4d121.5273867!16s%2Fg%2F11b7cqtsy0!19sChIJHXKfbmapQjQRRV1t71e974o?authuser=0&hl=zh-TW&rclk=1,0x3442a9666e9f721d:0x8aefbd57ef6d5d45
597,FUN 權 (Ellie - Fun Taiwan),5,2 個月前,"加購烏骨雞，好吃!

",2022-11-21,https://www.google.com.tw/maps/place/%E7%AF%89%E9%96%93%E5%B9%B8%E7%A6%8F%E9%8D%8B%E7%89%A9+%E5%8F%B0%E5%8C%97%E5%8D%97%E4%BA%AC%E4%B8%80%E5%BA%97/data=!4m7!3m6!1s0x3442a9666e9f721d:0x8aefbd57ef6d5d45!8m2!3d25.0518598!4d121.5273867!16s%2Fg%2F11b7cqtsy0!19sChIJHXKfbmapQjQRRV1t71e974o?authuser=0&hl=zh-TW&rclk=1,0x3442a9666e9f721d:0x8aefbd57ef6d5d45
598,Ian Lu,1,2 個月前,"地板很油 走路要小心  
餐具鐵製 要小心燙傷  
座位安排奇怪，沒有客滿硬是要和別人併桌  
座位很小 吃飯要考驗姿勢  
食物正常 該價位帶正常發揮  
菜單湯底沒有不加價選項 除非口頭告訴服務生要昆布湯底  
加收一成服務費 請服務生加湯要等十分鐘

",2022-11-21,https://www.google.com.tw/maps/place/%E7%AF%89%E9%96%93%E5%B9%B8%E7%A6%8F%E9%8D%8B%E7%89%A9+%E5%8F%B0%E5%8C%97%E5%8D%97%E4%BA%AC%E4%B8%80%E5%BA%97/data=!4m7!3m6!1s0x3442a9666e9f721d:0x8aefbd57ef6d5d45!8m2!3d25.0518598!4d121.5273867!16s%2Fg%2F11b7cqtsy0!19sChIJHXKfbmapQjQRRV1t71e974o?authuser=0&hl=zh-TW&rclk=1,0x3442a9666e9f721d:0x8aefbd57ef6d5d45
599,黃稜謹,5,2 個月前,,2022-11-21,https://www.google.com.tw/maps/place/%E7%AF%89%E9%96%93%E5%B9%B8%E7%A6%8F%E9%8D%8B%E7%89%A9+%E5%8F%B0%E5%8C%97%E5%8D%97%E4%BA%AC%E4%B8%80%E5%BA%97/data=!4m7!3m6!1s0x3442a9666e9f721d:0x8aefbd57ef6d5d45!8m2!3d25.0518598!4d121.5273867!16s%2Fg%2F11b7cqtsy0!19sChIJHXKfbmapQjQRRV1t71e974o?authuser=0&hl=zh-TW&rclk=1,0x3442a9666e9f721d:0x8aefbd57ef6d5d45
600,陳維全,5,2 個月前,,2022-11-21,https://www.google.com.tw/maps/place/%E7%AF%89%E9%96%93%E5%B9%B8%E7%A6%8F%E9%8D%8B%E7%89%A9+%E5%8F%B0%E5%8C%97%E5%8D%97%E4%BA%AC%E4%B8%80%E5%BA%97/data=!4m7!3m6!1s0x3442a9666e9f721d:0x8aefbd57ef6d5d45!8m2!3d25.0518598!4d121.5273867!16s%2Fg%2F11b7cqtsy0!19sChIJHXKfbmapQjQRRV1t71e974o?authuser=0&hl=zh-TW&rclk=1,0x3442a9666e9f721d:0x8aefbd57ef6d5d45
601,張佳心,5,2 個月前,,2022-11-21,https://www.google.com.tw/maps/place/%E7%AF%89%E9%96%93%E5%B9%B8%E7%A6%8F%E9%8D%8B%E7%89%A9+%E5%8F%B0%E5%8C%97%E5%8D%97%E4%BA%AC%E4%B8%80%E5%BA%97/data=!4m7!3m6!1s0x3442a9666e9f721d:0x8aefbd57ef6d5d45!8m2!3d25.0518598!4d121.5273867!16s%2Fg%2F11b7cqtsy0!19sChIJHXKfbmapQjQRRV1t71e974o?authuser=0&hl=zh-TW&rclk=1,0x3442a9666e9f721d:0x8aefbd57ef6d5d45
602,Howard Zheng,5,2 個月前,"

",2022-11-21,https://www.google.com.tw/maps/place/%E7%AF%89%E9%96%93%E5%B9%B8%E7%A6%8F%E9%8D%8B%E7%89%A9+%E5%8F%B0%E5%8C%97%E5%8D%97%E4%BA%AC%E4%B8%80%E5%BA%97/data=!4m7!3m6!1s0x3442a9666e9f721d:0x8aefbd57ef6d5d45!8m2!3d25.0518598!4d121.5273867!16s%2Fg%2F11b7cqtsy0!19sChIJHXKfbmapQjQRRV1t71e974o?authuser=0&hl=zh-TW&rclk=1,0x3442a9666e9f721d:0x8aefbd57ef6d5d45
603,Ning Juan,5,2 個月前,"好吃

",2022-11-21,https://www.google.com.tw/maps/place/%E7%AF%89%E9%96%93%E5%B9%B8%E7%A6%8F%E9%8D%8B%E7%89%A9+%E5%8F%B0%E5%8C%97%E5%8D%97%E4%BA%AC%E4%B8%80%E5%BA%97/data=!4m7!3m6!1s0x3442a9666e9f721d:0x8aefbd57ef6d5d45!8m2!3d25.0518598!4d121.5273867!16s%2Fg%2F11b7cqtsy0!19sChIJHXKfbmapQjQRRV1t71e974o?authuser=0&hl=zh-TW&rclk=1,0x3442a9666e9f721d:0x8aefbd57ef6d5d45
604,Tam Henry,5,2 個月前,"食材新鮮美味的石頭火鍋，而且飲料和冰淇淋也有多種選擇，讚！

",2022-11-21,https://www.google.com.tw/maps/place/%E7%AF%89%E9%96%93%E5%B9%B8%E7%A6%8F%E9%8D%8B%E7%89%A9+%E5%8F%B0%E5%8C%97%E5%8D%97%E4%BA%AC%E4%B8%80%E5%BA%97/data=!4m7!3m6!1s0x3442a9666e9f721d:0x8aefbd57ef6d5d45!8m2!3d25.0518598!4d121.5273867!16s%2Fg%2F11b7cqtsy0!19sChIJHXKfbmapQjQRRV1t71e974o?authuser=0&hl=zh-TW&rclk=1,0x3442a9666e9f721d:0x8aefbd57ef6d5d45
605,賴子龍,5,2 個月前,"用餐環境良好  
服務員的解說快速專業，有重點～

",2022-11-21,https://www.google.com.tw/maps/place/%E7%AF%89%E9%96%93%E5%B9%B8%E7%A6%8F%E9%8D%8B%E7%89%A9+%E5%8F%B0%E5%8C%97%E5%8D%97%E4%BA%AC%E4%B8%80%E5%BA%97/data=!4m7!3m6!1s0x3442a9666e9f721d:0x8aefbd57ef6d5d45!8m2!3d25.0518598!4d121.5273867!16s%2Fg%2F11b7cqtsy0!19sChIJHXKfbmapQjQRRV1t71e974o?authuser=0&hl=zh-TW&rclk=1,0x3442a9666e9f721d:0x8aefbd57ef6d5d45
606,Mini .mooninite,5,2 個月前,,2022-11-21,https://www.google.com.tw/maps/place/%E7%AF%89%E9%96%93%E5%B9%B8%E7%A6%8F%E9%8D%8B%E7%89%A9+%E5%8F%B0%E5%8C%97%E5%8D%97%E4%BA%AC%E4%B8%80%E5%BA%97/data=!4m7!3m6!1s0x3442a9666e9f721d:0x8aefbd57ef6d5d45!8m2!3d25.0518598!4d121.5273867!16s%2Fg%2F11b7cqtsy0!19sChIJHXKfbmapQjQRRV1t71e974o?authuser=0&hl=zh-TW&rclk=1,0x3442a9666e9f721d:0x8aefbd57ef6d5d45
607,劉上毅,5,2 個月前,,2022-11-21,https://www.google.com.tw/maps/place/%E7%AF%89%E9%96%93%E5%B9%B8%E7%A6%8F%E9%8D%8B%E7%89%A9+%E5%8F%B0%E5%8C%97%E5%8D%97%E4%BA%AC%E4%B8%80%E5%BA%97/data=!4m7!3m6!1s0x3442a9666e9f721d:0x8aefbd57ef6d5d45!8m2!3d25.0518598!4d121.5273867!16s%2Fg%2F11b7cqtsy0!19sChIJHXKfbmapQjQRRV1t71e974o?authuser=0&hl=zh-TW&rclk=1,0x3442a9666e9f721d:0x8aefbd57ef6d5d45
608,Qiao,5,2 個月前,,2022-11-21,https://www.google.com.tw/maps/place/%E7%AF%89%E9%96%93%E5%B9%B8%E7%A6%8F%E9%8D%8B%E7%89%A9+%E5%8F%B0%E5%8C%97%E5%8D%97%E4%BA%AC%E4%B8%80%E5%BA%97/data=!4m7!3m6!1s0x3442a9666e9f721d:0x8aefbd57ef6d5d45!8m2!3d25.0518598!4d121.5273867!16s%2Fg%2F11b7cqtsy0!19sChIJHXKfbmapQjQRRV1t71e974o?authuser=0&hl=zh-TW&rclk=1,0x3442a9666e9f721d:0x8aefbd57ef6d5d45
609,柳橙,5,2 個月前,"服務好 食材好吃

",2022-11-21,https://www.google.com.tw/maps/place/%E7%AF%89%E9%96%93%E5%B9%B8%E7%A6%8F%E9%8D%8B%E7%89%A9+%E5%8F%B0%E5%8C%97%E5%8D%97%E4%BA%AC%E4%B8%80%E5%BA%97/data=!4m7!3m6!1s0x3442a9666e9f721d:0x8aefbd57ef6d5d45!8m2!3d25.0518598!4d121.5273867!16s%2Fg%2F11b7cqtsy0!19sChIJHXKfbmapQjQRRV1t71e974o?authuser=0&hl=zh-TW&rclk=1,0x3442a9666e9f721d:0x8aefbd57ef6d5d45
610,lin yao,5,2 個月前,"好吃

",2022-11-21,https://www.google.com.tw/maps/place/%E7%AF%89%E9%96%93%E5%B9%B8%E7%A6%8F%E9%8D%8B%E7%89%A9+%E5%8F%B0%E5%8C%97%E5%8D%97%E4%BA%AC%E4%B8%80%E5%BA%97/data=!4m7!3m6!1s0x3442a9666e9f721d:0x8aefbd57ef6d5d45!8m2!3d25.0518598!4d121.5273867!16s%2Fg%2F11b7cqtsy0!19sChIJHXKfbmapQjQRRV1t71e974o?authuser=0&hl=zh-TW&rclk=1,0x3442a9666e9f721d:0x8aefbd57ef6d5d45
611,ianisperson,5,2 個月前,"價格合理，菜品新鮮好吃。  
值得推薦的火鍋店。

",2022-11-21,https://www.google.com.tw/maps/place/%E7%AF%89%E9%96%93%E5%B9%B8%E7%A6%8F%E9%8D%8B%E7%89%A9+%E5%8F%B0%E5%8C%97%E5%8D%97%E4%BA%AC%E4%B8%80%E5%BA%97/data=!4m7!3m6!1s0x3442a9666e9f721d:0x8aefbd57ef6d5d45!8m2!3d25.0518598!4d121.5273867!16s%2Fg%2F11b7cqtsy0!19sChIJHXKfbmapQjQRRV1t71e974o?authuser=0&hl=zh-TW&rclk=1,0x3442a9666e9f721d:0x8aefbd57ef6d5d45
612,Jack H.,5,2 個月前,"餐點CP值高，服務人員態度良好  
值得推薦的好餐廳

",2022-11-21,https://www.google.com.tw/maps/place/%E7%AF%89%E9%96%93%E5%B9%B8%E7%A6%8F%E9%8D%8B%E7%89%A9+%E5%8F%B0%E5%8C%97%E5%8D%97%E4%BA%AC%E4%B8%80%E5%BA%97/data=!4m7!3m6!1s0x3442a9666e9f721d:0x8aefbd57ef6d5d45!8m2!3d25.0518598!4d121.5273867!16s%2Fg%2F11b7cqtsy0!19sChIJHXKfbmapQjQRRV1t71e974o?authuser=0&hl=zh-TW&rclk=1,0x3442a9666e9f721d:0x8aefbd57ef6d5d45
613,Vesper Wang,5,2 個月前,,2022-11-21,https://www.google.com.tw/maps/place/%E7%AF%89%E9%96%93%E5%B9%B8%E7%A6%8F%E9%8D%8B%E7%89%A9+%E5%8F%B0%E5%8C%97%E5%8D%97%E4%BA%AC%E4%B8%80%E5%BA%97/data=!4m7!3m6!1s0x3442a9666e9f721d:0x8aefbd57ef6d5d45!8m2!3d25.0518598!4d121.5273867!16s%2Fg%2F11b7cqtsy0!19sChIJHXKfbmapQjQRRV1t71e974o?authuser=0&hl=zh-TW&rclk=1,0x3442a9666e9f721d:0x8aefbd57ef6d5d45
614,Rica 가 이 Lee,5,2 個月前,"餐廳的肉非常嫩，湯頭也很有味道，吃完還有濃濃的蘊味。非常推薦

",2022-11-21,https://www.google.com.tw/maps/place/%E7%AF%89%E9%96%93%E5%B9%B8%E7%A6%8F%E9%8D%8B%E7%89%A9+%E5%8F%B0%E5%8C%97%E5%8D%97%E4%BA%AC%E4%B8%80%E5%BA%97/data=!4m7!3m6!1s0x3442a9666e9f721d:0x8aefbd57ef6d5d45!8m2!3d25.0518598!4d121.5273867!16s%2Fg%2F11b7cqtsy0!19sChIJHXKfbmapQjQRRV1t71e974o?authuser=0&hl=zh-TW&rclk=1,0x3442a9666e9f721d:0x8aefbd57ef6d5d45
615,Karena Lin,5,2 個月前,,2022-11-21,https://www.google.com.tw/maps/place/%E7%AF%89%E9%96%93%E5%B9%B8%E7%A6%8F%E9%8D%8B%E7%89%A9+%E5%8F%B0%E5%8C%97%E5%8D%97%E4%BA%AC%E4%B8%80%E5%BA%97/data=!4m7!3m6!1s0x3442a9666e9f721d:0x8aefbd57ef6d5d45!8m2!3d25.0518598!4d121.5273867!16s%2Fg%2F11b7cqtsy0!19sChIJHXKfbmapQjQRRV1t71e974o?authuser=0&hl=zh-TW&rclk=1,0x3442a9666e9f721d:0x8aefbd57ef6d5d45
616,Szuying Chen,5,2 個月前,"CP值高

",2022-11-21,https://www.google.com.tw/maps/place/%E7%AF%89%E9%96%93%E5%B9%B8%E7%A6%8F%E9%8D%8B%E7%89%A9+%E5%8F%B0%E5%8C%97%E5%8D%97%E4%BA%AC%E4%B8%80%E5%BA%97/data=!4m7!3m6!1s0x3442a9666e9f721d:0x8aefbd57ef6d5d45!8m2!3d25.0518598!4d121.5273867!16s%2Fg%2F11b7cqtsy0!19sChIJHXKfbmapQjQRRV1t71e974o?authuser=0&hl=zh-TW&rclk=1,0x3442a9666e9f721d:0x8aefbd57ef6d5d45
617,柴柴,5,2 個月前,"好好吃

",2022-11-21,https://www.google.com.tw/maps/place/%E7%AF%89%E9%96%93%E5%B9%B8%E7%A6%8F%E9%8D%8B%E7%89%A9+%E5%8F%B0%E5%8C%97%E5%8D%97%E4%BA%AC%E4%B8%80%E5%BA%97/data=!4m7!3m6!1s0x3442a9666e9f721d:0x8aefbd57ef6d5d45!8m2!3d25.0518598!4d121.5273867!16s%2Fg%2F11b7cqtsy0!19sChIJHXKfbmapQjQRRV1t71e974o?authuser=0&hl=zh-TW&rclk=1,0x3442a9666e9f721d:0x8aefbd57ef6d5d45
618,維仔,5,2 個月前,"好好吃

",2022-11-21,https://www.google.com.tw/maps/place/%E7%AF%89%E9%96%93%E5%B9%B8%E7%A6%8F%E9%8D%8B%E7%89%A9+%E5%8F%B0%E5%8C%97%E5%8D%97%E4%BA%AC%E4%B8%80%E5%BA%97/data=!4m7!3m6!1s0x3442a9666e9f721d:0x8aefbd57ef6d5d45!8m2!3d25.0518598!4d121.5273867!16s%2Fg%2F11b7cqtsy0!19sChIJHXKfbmapQjQRRV1t71e974o?authuser=0&hl=zh-TW&rclk=1,0x3442a9666e9f721d:0x8aefbd57ef6d5d45
619,張雲翔,5,2 個月前,"#築間幸福鍋物 主餐 + 菜盤自助式  
肉盤大份 湯頭也超讚

",2022-11-21,https://www.google.com.tw/maps/place/%E7%AF%89%E9%96%93%E5%B9%B8%E7%A6%8F%E9%8D%8B%E7%89%A9+%E5%8F%B0%E5%8C%97%E5%8D%97%E4%BA%AC%E4%B8%80%E5%BA%97/data=!4m7!3m6!1s0x3442a9666e9f721d:0x8aefbd57ef6d5d45!8m2!3d25.0518598!4d121.5273867!16s%2Fg%2F11b7cqtsy0!19sChIJHXKfbmapQjQRRV1t71e974o?authuser=0&hl=zh-TW&rclk=1,0x3442a9666e9f721d:0x8aefbd57ef6d5d45
620,Cheng Howard,5,2 個月前,"好吃。

",2022-11-21,https://www.google.com.tw/maps/place/%E7%AF%89%E9%96%93%E5%B9%B8%E7%A6%8F%E9%8D%8B%E7%89%A9+%E5%8F%B0%E5%8C%97%E5%8D%97%E4%BA%AC%E4%B8%80%E5%BA%97/data=!4m7!3m6!1s0x3442a9666e9f721d:0x8aefbd57ef6d5d45!8m2!3d25.0518598!4d121.5273867!16s%2Fg%2F11b7cqtsy0!19sChIJHXKfbmapQjQRRV1t71e974o?authuser=0&hl=zh-TW&rclk=1,0x3442a9666e9f721d:0x8aefbd57ef6d5d45
621,曾怡菁,5,2 個月前,"好吃！

",2022-11-21,https://www.google.com.tw/maps/place/%E7%AF%89%E9%96%93%E5%B9%B8%E7%A6%8F%E9%8D%8B%E7%89%A9+%E5%8F%B0%E5%8C%97%E5%8D%97%E4%BA%AC%E4%B8%80%E5%BA%97/data=!4m7!3m6!1s0x3442a9666e9f721d:0x8aefbd57ef6d5d45!8m2!3d25.0518598!4d121.5273867!16s%2Fg%2F11b7cqtsy0!19sChIJHXKfbmapQjQRRV1t71e974o?authuser=0&hl=zh-TW&rclk=1,0x3442a9666e9f721d:0x8aefbd57ef6d5d45
622,Grace Fong,5,2 個月前,"座位寬敞，服務親切，讚

",2022-11-21,https://www.google.com.tw/maps/place/%E7%AF%89%E9%96%93%E5%B9%B8%E7%A6%8F%E9%8D%8B%E7%89%A9+%E5%8F%B0%E5%8C%97%E5%8D%97%E4%BA%AC%E4%B8%80%E5%BA%97/data=!4m7!3m6!1s0x3442a9666e9f721d:0x8aefbd57ef6d5d45!8m2!3d25.0518598!4d121.5273867!16s%2Fg%2F11b7cqtsy0!19sChIJHXKfbmapQjQRRV1t71e974o?authuser=0&hl=zh-TW&rclk=1,0x3442a9666e9f721d:0x8aefbd57ef6d5d45
623,洪湘雯,4,2 個月前,"服務人員貼心 餐點美味

",2022-11-21,https://www.google.com.tw/maps/place/%E7%AF%89%E9%96%93%E5%B9%B8%E7%A6%8F%E9%8D%8B%E7%89%A9+%E5%8F%B0%E5%8C%97%E5%8D%97%E4%BA%AC%E4%B8%80%E5%BA%97/data=!4m7!3m6!1s0x3442a9666e9f721d:0x8aefbd57ef6d5d45!8m2!3d25.0518598!4d121.5273867!16s%2Fg%2F11b7cqtsy0!19sChIJHXKfbmapQjQRRV1t71e974o?authuser=0&hl=zh-TW&rclk=1,0x3442a9666e9f721d:0x8aefbd57ef6d5d45
624,蕭毓淇,5,2 個月前,"很讚耶  
好吃服務態度又好

",2022-11-21,https://www.google.com.tw/maps/place/%E7%AF%89%E9%96%93%E5%B9%B8%E7%A6%8F%E9%8D%8B%E7%89%A9+%E5%8F%B0%E5%8C%97%E5%8D%97%E4%BA%AC%E4%B8%80%E5%BA%97/data=!4m7!3m6!1s0x3442a9666e9f721d:0x8aefbd57ef6d5d45!8m2!3d25.0518598!4d121.5273867!16s%2Fg%2F11b7cqtsy0!19sChIJHXKfbmapQjQRRV1t71e974o?authuser=0&hl=zh-TW&rclk=1,0x3442a9666e9f721d:0x8aefbd57ef6d5d45
625,翔,5,2 個月前,,2022-11-21,https://www.google.com.tw/maps/place/%E7%AF%89%E9%96%93%E5%B9%B8%E7%A6%8F%E9%8D%8B%E7%89%A9+%E5%8F%B0%E5%8C%97%E5%8D%97%E4%BA%AC%E4%B8%80%E5%BA%97/data=!4m7!3m6!1s0x3442a9666e9f721d:0x8aefbd57ef6d5d45!8m2!3d25.0518598!4d121.5273867!16s%2Fg%2F11b7cqtsy0!19sChIJHXKfbmapQjQRRV1t71e974o?authuser=0&hl=zh-TW&rclk=1,0x3442a9666e9f721d:0x8aefbd57ef6d5d45
626,樊宇蔑,5,2 個月前,,2022-11-21,https://www.google.com.tw/maps/place/%E7%AF%89%E9%96%93%E5%B9%B8%E7%A6%8F%E9%8D%8B%E7%89%A9+%E5%8F%B0%E5%8C%97%E5%8D%97%E4%BA%AC%E4%B8%80%E5%BA%97/data=!4m7!3m6!1s0x3442a9666e9f721d:0x8aefbd57ef6d5d45!8m2!3d25.0518598!4d121.5273867!16s%2Fg%2F11b7cqtsy0!19sChIJHXKfbmapQjQRRV1t71e974o?authuser=0&hl=zh-TW&rclk=1,0x3442a9666e9f721d:0x8aefbd57ef6d5d45
627,陳怡君,5,2 個月前,"零錢換肉肉

",2022-11-21,https://www.google.com.tw/maps/place/%E7%AF%89%E9%96%93%E5%B9%B8%E7%A6%8F%E9%8D%8B%E7%89%A9+%E5%8F%B0%E5%8C%97%E5%8D%97%E4%BA%AC%E4%B8%80%E5%BA%97/data=!4m7!3m6!1s0x3442a9666e9f721d:0x8aefbd57ef6d5d45!8m2!3d25.0518598!4d121.5273867!16s%2Fg%2F11b7cqtsy0!19sChIJHXKfbmapQjQRRV1t71e974o?authuser=0&hl=zh-TW&rclk=1,0x3442a9666e9f721d:0x8aefbd57ef6d5d45
628,丁小雨,5,2 個月前,,2022-11-21,https://www.google.com.tw/maps/place/%E7%AF%89%E9%96%93%E5%B9%B8%E7%A6%8F%E9%8D%8B%E7%89%A9+%E5%8F%B0%E5%8C%97%E5%8D%97%E4%BA%AC%E4%B8%80%E5%BA%97/data=!4m7!3m6!1s0x3442a9666e9f721d:0x8aefbd57ef6d5d45!8m2!3d25.0518598!4d121.5273867!16s%2Fg%2F11b7cqtsy0!19sChIJHXKfbmapQjQRRV1t71e974o?authuser=0&hl=zh-TW&rclk=1,0x3442a9666e9f721d:0x8aefbd57ef6d5d45
629,en-yen yeh,5,2 個月前,,2022-11-21,https://www.google.com.tw/maps/place/%E7%AF%89%E9%96%93%E5%B9%B8%E7%A6%8F%E9%8D%8B%E7%89%A9+%E5%8F%B0%E5%8C%97%E5%8D%97%E4%BA%AC%E4%B8%80%E5%BA%97/data=!4m7!3m6!1s0x3442a9666e9f721d:0x8aefbd57ef6d5d45!8m2!3d25.0518598!4d121.5273867!16s%2Fg%2F11b7cqtsy0!19sChIJHXKfbmapQjQRRV1t71e974o?authuser=0&hl=zh-TW&rclk=1,0x3442a9666e9f721d:0x8aefbd57ef6d5d45
630,楊頫儀,5,2 個月前,"好吃的火鍋

",2022-11-21,https://www.google.com.tw/maps/place/%E7%AF%89%E9%96%93%E5%B9%B8%E7%A6%8F%E9%8D%8B%E7%89%A9+%E5%8F%B0%E5%8C%97%E5%8D%97%E4%BA%AC%E4%B8%80%E5%BA%97/data=!4m7!3m6!1s0x3442a9666e9f721d:0x8aefbd57ef6d5d45!8m2!3d25.0518598!4d121.5273867!16s%2Fg%2F11b7cqtsy0!19sChIJHXKfbmapQjQRRV1t71e974o?authuser=0&hl=zh-TW&rclk=1,0x3442a9666e9f721d:0x8aefbd57ef6d5d45
631,Yanbo Chen,5,2 個月前,"火鍋主餐及湯底選擇多，每個人都可以選擇想要的餐點，不定時會有優惠活動，本期是雪花牛份量升級以及點主餐加價69元送烏骨雞一份喔！

",2022-11-21,https://www.google.com.tw/maps/place/%E7%AF%89%E9%96%93%E5%B9%B8%E7%A6%8F%E9%8D%8B%E7%89%A9+%E5%8F%B0%E5%8C%97%E5%8D%97%E4%BA%AC%E4%B8%80%E5%BA%97/data=!4m7!3m6!1s0x3442a9666e9f721d:0x8aefbd57ef6d5d45!8m2!3d25.0518598!4d121.5273867!16s%2Fg%2F11b7cqtsy0!19sChIJHXKfbmapQjQRRV1t71e974o?authuser=0&hl=zh-TW&rclk=1,0x3442a9666e9f721d:0x8aefbd57ef6d5d45
632,Dia A,5,2 個月前,"餐點很棒，服務更佳！

",2022-11-21,https://www.google.com.tw/maps/place/%E7%AF%89%E9%96%93%E5%B9%B8%E7%A6%8F%E9%8D%8B%E7%89%A9+%E5%8F%B0%E5%8C%97%E5%8D%97%E4%BA%AC%E4%B8%80%E5%BA%97/data=!4m7!3m6!1s0x3442a9666e9f721d:0x8aefbd57ef6d5d45!8m2!3d25.0518598!4d121.5273867!16s%2Fg%2F11b7cqtsy0!19sChIJHXKfbmapQjQRRV1t71e974o?authuser=0&hl=zh-TW&rclk=1,0x3442a9666e9f721d:0x8aefbd57ef6d5d45
633,啊信,5,2 個月前,"好吃

",2022-11-21,https://www.google.com.tw/maps/place/%E7%AF%89%E9%96%93%E5%B9%B8%E7%A6%8F%E9%8D%8B%E7%89%A9+%E5%8F%B0%E5%8C%97%E5%8D%97%E4%BA%AC%E4%B8%80%E5%BA%97/data=!4m7!3m6!1s0x3442a9666e9f721d:0x8aefbd57ef6d5d45!8m2!3d25.0518598!4d121.5273867!16s%2Fg%2F11b7cqtsy0!19sChIJHXKfbmapQjQRRV1t71e974o?authuser=0&hl=zh-TW&rclk=1,0x3442a9666e9f721d:0x8aefbd57ef6d5d45
634,Adam Chen,5,2 個月前,"雪花牛好吃

",2022-11-21,https://www.google.com.tw/maps/place/%E7%AF%89%E9%96%93%E5%B9%B8%E7%A6%8F%E9%8D%8B%E7%89%A9+%E5%8F%B0%E5%8C%97%E5%8D%97%E4%BA%AC%E4%B8%80%E5%BA%97/data=!4m7!3m6!1s0x3442a9666e9f721d:0x8aefbd57ef6d5d45!8m2!3d25.0518598!4d121.5273867!16s%2Fg%2F11b7cqtsy0!19sChIJHXKfbmapQjQRRV1t71e974o?authuser=0&hl=zh-TW&rclk=1,0x3442a9666e9f721d:0x8aefbd57ef6d5d45
635,鎂陞科技-陳昱廷 Kurt Chen,5,2 個月前,,2022-11-21,https://www.google.com.tw/maps/place/%E7%AF%89%E9%96%93%E5%B9%B8%E7%A6%8F%E9%8D%8B%E7%89%A9+%E5%8F%B0%E5%8C%97%E5%8D%97%E4%BA%AC%E4%B8%80%E5%BA%97/data=!4m7!3m6!1s0x3442a9666e9f721d:0x8aefbd57ef6d5d45!8m2!3d25.0518598!4d121.5273867!16s%2Fg%2F11b7cqtsy0!19sChIJHXKfbmapQjQRRV1t71e974o?authuser=0&hl=zh-TW&rclk=1,0x3442a9666e9f721d:0x8aefbd57ef6d5d45
636,李雨璇,5,2 個月前,"超級好吃

",2022-11-21,https://www.google.com.tw/maps/place/%E7%AF%89%E9%96%93%E5%B9%B8%E7%A6%8F%E9%8D%8B%E7%89%A9+%E5%8F%B0%E5%8C%97%E5%8D%97%E4%BA%AC%E4%B8%80%E5%BA%97/data=!4m7!3m6!1s0x3442a9666e9f721d:0x8aefbd57ef6d5d45!8m2!3d25.0518598!4d121.5273867!16s%2Fg%2F11b7cqtsy0!19sChIJHXKfbmapQjQRRV1t71e974o?authuser=0&hl=zh-TW&rclk=1,0x3442a9666e9f721d:0x8aefbd57ef6d5d45
637,沈柏安,5,2 個月前,,2022-11-21,https://www.google.com.tw/maps/place/%E7%AF%89%E9%96%93%E5%B9%B8%E7%A6%8F%E9%8D%8B%E7%89%A9+%E5%8F%B0%E5%8C%97%E5%8D%97%E4%BA%AC%E4%B8%80%E5%BA%97/data=!4m7!3m6!1s0x3442a9666e9f721d:0x8aefbd57ef6d5d45!8m2!3d25.0518598!4d121.5273867!16s%2Fg%2F11b7cqtsy0!19sChIJHXKfbmapQjQRRV1t71e974o?authuser=0&hl=zh-TW&rclk=1,0x3442a9666e9f721d:0x8aefbd57ef6d5d45
638,H,5,2 個月前,"環境舒服

",2022-11-21,https://www.google.com.tw/maps/place/%E7%AF%89%E9%96%93%E5%B9%B8%E7%A6%8F%E9%8D%8B%E7%89%A9+%E5%8F%B0%E5%8C%97%E5%8D%97%E4%BA%AC%E4%B8%80%E5%BA%97/data=!4m7!3m6!1s0x3442a9666e9f721d:0x8aefbd57ef6d5d45!8m2!3d25.0518598!4d121.5273867!16s%2Fg%2F11b7cqtsy0!19sChIJHXKfbmapQjQRRV1t71e974o?authuser=0&hl=zh-TW&rclk=1,0x3442a9666e9f721d:0x8aefbd57ef6d5d45
639,Calvin hong,5,2 個月前,"讚

",2022-11-21,https://www.google.com.tw/maps/place/%E7%AF%89%E9%96%93%E5%B9%B8%E7%A6%8F%E9%8D%8B%E7%89%A9+%E5%8F%B0%E5%8C%97%E5%8D%97%E4%BA%AC%E4%B8%80%E5%BA%97/data=!4m7!3m6!1s0x3442a9666e9f721d:0x8aefbd57ef6d5d45!8m2!3d25.0518598!4d121.5273867!16s%2Fg%2F11b7cqtsy0!19sChIJHXKfbmapQjQRRV1t71e974o?authuser=0&hl=zh-TW&rclk=1,0x3442a9666e9f721d:0x8aefbd57ef6d5d45
640,林馨華,5,2 個月前,,2022-11-21,https://www.google.com.tw/maps/place/%E7%AF%89%E9%96%93%E5%B9%B8%E7%A6%8F%E9%8D%8B%E7%89%A9+%E5%8F%B0%E5%8C%97%E5%8D%97%E4%BA%AC%E4%B8%80%E5%BA%97/data=!4m7!3m6!1s0x3442a9666e9f721d:0x8aefbd57ef6d5d45!8m2!3d25.0518598!4d121.5273867!16s%2Fg%2F11b7cqtsy0!19sChIJHXKfbmapQjQRRV1t71e974o?authuser=0&hl=zh-TW&rclk=1,0x3442a9666e9f721d:0x8aefbd57ef6d5d45
641,陳品翰,5,2 個月前,"讚

",2022-11-21,https://www.google.com.tw/maps/place/%E7%AF%89%E9%96%93%E5%B9%B8%E7%A6%8F%E9%8D%8B%E7%89%A9+%E5%8F%B0%E5%8C%97%E5%8D%97%E4%BA%AC%E4%B8%80%E5%BA%97/data=!4m7!3m6!1s0x3442a9666e9f721d:0x8aefbd57ef6d5d45!8m2!3d25.0518598!4d121.5273867!16s%2Fg%2F11b7cqtsy0!19sChIJHXKfbmapQjQRRV1t71e974o?authuser=0&hl=zh-TW&rclk=1,0x3442a9666e9f721d:0x8aefbd57ef6d5d45
642,邱宇翔,5,2 個月前,"好吃棒棒

",2022-11-21,https://www.google.com.tw/maps/place/%E7%AF%89%E9%96%93%E5%B9%B8%E7%A6%8F%E9%8D%8B%E7%89%A9+%E5%8F%B0%E5%8C%97%E5%8D%97%E4%BA%AC%E4%B8%80%E5%BA%97/data=!4m7!3m6!1s0x3442a9666e9f721d:0x8aefbd57ef6d5d45!8m2!3d25.0518598!4d121.5273867!16s%2Fg%2F11b7cqtsy0!19sChIJHXKfbmapQjQRRV1t71e974o?authuser=0&hl=zh-TW&rclk=1,0x3442a9666e9f721d:0x8aefbd57ef6d5d45
643,江常睿,5,2 個月前,"讚

",2022-11-21,https://www.google.com.tw/maps/place/%E7%AF%89%E9%96%93%E5%B9%B8%E7%A6%8F%E9%8D%8B%E7%89%A9+%E5%8F%B0%E5%8C%97%E5%8D%97%E4%BA%AC%E4%B8%80%E5%BA%97/data=!4m7!3m6!1s0x3442a9666e9f721d:0x8aefbd57ef6d5d45!8m2!3d25.0518598!4d121.5273867!16s%2Fg%2F11b7cqtsy0!19sChIJHXKfbmapQjQRRV1t71e974o?authuser=0&hl=zh-TW&rclk=1,0x3442a9666e9f721d:0x8aefbd57ef6d5d45
644,周書賢,5,2 個月前,,2022-11-21,https://www.google.com.tw/maps/place/%E7%AF%89%E9%96%93%E5%B9%B8%E7%A6%8F%E9%8D%8B%E7%89%A9+%E5%8F%B0%E5%8C%97%E5%8D%97%E4%BA%AC%E4%B8%80%E5%BA%97/data=!4m7!3m6!1s0x3442a9666e9f721d:0x8aefbd57ef6d5d45!8m2!3d25.0518598!4d121.5273867!16s%2Fg%2F11b7cqtsy0!19sChIJHXKfbmapQjQRRV1t71e974o?authuser=0&hl=zh-TW&rclk=1,0x3442a9666e9f721d:0x8aefbd57ef6d5d45
645,我要成為腳趾王,5,2 個月前,,2022-11-21,https://www.google.com.tw/maps/place/%E7%AF%89%E9%96%93%E5%B9%B8%E7%A6%8F%E9%8D%8B%E7%89%A9+%E5%8F%B0%E5%8C%97%E5%8D%97%E4%BA%AC%E4%B8%80%E5%BA%97/data=!4m7!3m6!1s0x3442a9666e9f721d:0x8aefbd57ef6d5d45!8m2!3d25.0518598!4d121.5273867!16s%2Fg%2F11b7cqtsy0!19sChIJHXKfbmapQjQRRV1t71e974o?authuser=0&hl=zh-TW&rclk=1,0x3442a9666e9f721d:0x8aefbd57ef6d5d45
646,Hua Moli,5,2 個月前,"肉品很新鮮，到台北吃火鍋還是來吃築間

",2022-11-21,https://www.google.com.tw/maps/place/%E7%AF%89%E9%96%93%E5%B9%B8%E7%A6%8F%E9%8D%8B%E7%89%A9+%E5%8F%B0%E5%8C%97%E5%8D%97%E4%BA%AC%E4%B8%80%E5%BA%97/data=!4m7!3m6!1s0x3442a9666e9f721d:0x8aefbd57ef6d5d45!8m2!3d25.0518598!4d121.5273867!16s%2Fg%2F11b7cqtsy0!19sChIJHXKfbmapQjQRRV1t71e974o?authuser=0&hl=zh-TW&rclk=1,0x3442a9666e9f721d:0x8aefbd57ef6d5d45
647,施冠宇,5,2 個月前,"服務特好，築間首選

",2022-11-21,https://www.google.com.tw/maps/place/%E7%AF%89%E9%96%93%E5%B9%B8%E7%A6%8F%E9%8D%8B%E7%89%A9+%E5%8F%B0%E5%8C%97%E5%8D%97%E4%BA%AC%E4%B8%80%E5%BA%97/data=!4m7!3m6!1s0x3442a9666e9f721d:0x8aefbd57ef6d5d45!8m2!3d25.0518598!4d121.5273867!16s%2Fg%2F11b7cqtsy0!19sChIJHXKfbmapQjQRRV1t71e974o?authuser=0&hl=zh-TW&rclk=1,0x3442a9666e9f721d:0x8aefbd57ef6d5d45
648,林欣儀,5,2 個月前,,2022-11-21,https://www.google.com.tw/maps/place/%E7%AF%89%E9%96%93%E5%B9%B8%E7%A6%8F%E9%8D%8B%E7%89%A9+%E5%8F%B0%E5%8C%97%E5%8D%97%E4%BA%AC%E4%B8%80%E5%BA%97/data=!4m7!3m6!1s0x3442a9666e9f721d:0x8aefbd57ef6d5d45!8m2!3d25.0518598!4d121.5273867!16s%2Fg%2F11b7cqtsy0!19sChIJHXKfbmapQjQRRV1t71e974o?authuser=0&hl=zh-TW&rclk=1,0x3442a9666e9f721d:0x8aefbd57ef6d5d45
649,O.O O,5,2 個月前,"好好吃

",2022-11-21,https://www.google.com.tw/maps/place/%E7%AF%89%E9%96%93%E5%B9%B8%E7%A6%8F%E9%8D%8B%E7%89%A9+%E5%8F%B0%E5%8C%97%E5%8D%97%E4%BA%AC%E4%B8%80%E5%BA%97/data=!4m7!3m6!1s0x3442a9666e9f721d:0x8aefbd57ef6d5d45!8m2!3d25.0518598!4d121.5273867!16s%2Fg%2F11b7cqtsy0!19sChIJHXKfbmapQjQRRV1t71e974o?authuser=0&hl=zh-TW&rclk=1,0x3442a9666e9f721d:0x8aefbd57ef6d5d45
650,Yvonne Lu,5,2 個月前,"食材新鮮  
石頭鍋湯頭好

",2022-11-21,https://www.google.com.tw/maps/place/%E7%AF%89%E9%96%93%E5%B9%B8%E7%A6%8F%E9%8D%8B%E7%89%A9+%E5%8F%B0%E5%8C%97%E5%8D%97%E4%BA%AC%E4%B8%80%E5%BA%97/data=!4m7!3m6!1s0x3442a9666e9f721d:0x8aefbd57ef6d5d45!8m2!3d25.0518598!4d121.5273867!16s%2Fg%2F11b7cqtsy0!19sChIJHXKfbmapQjQRRV1t71e974o?authuser=0&hl=zh-TW&rclk=1,0x3442a9666e9f721d:0x8aefbd57ef6d5d45
651,Natalie Chien,5,2 個月前,,2022-11-21,https://www.google.com.tw/maps/place/%E7%AF%89%E9%96%93%E5%B9%B8%E7%A6%8F%E9%8D%8B%E7%89%A9+%E5%8F%B0%E5%8C%97%E5%8D%97%E4%BA%AC%E4%B8%80%E5%BA%97/data=!4m7!3m6!1s0x3442a9666e9f721d:0x8aefbd57ef6d5d45!8m2!3d25.0518598!4d121.5273867!16s%2Fg%2F11b7cqtsy0!19sChIJHXKfbmapQjQRRV1t71e974o?authuser=0&hl=zh-TW&rclk=1,0x3442a9666e9f721d:0x8aefbd57ef6d5d45
652,test0111 test0111,5,2 個月前,"好吃 快來服務好

",2022-11-21,https://www.google.com.tw/maps/place/%E7%AF%89%E9%96%93%E5%B9%B8%E7%A6%8F%E9%8D%8B%E7%89%A9+%E5%8F%B0%E5%8C%97%E5%8D%97%E4%BA%AC%E4%B8%80%E5%BA%97/data=!4m7!3m6!1s0x3442a9666e9f721d:0x8aefbd57ef6d5d45!8m2!3d25.0518598!4d121.5273867!16s%2Fg%2F11b7cqtsy0!19sChIJHXKfbmapQjQRRV1t71e974o?authuser=0&hl=zh-TW&rclk=1,0x3442a9666e9f721d:0x8aefbd57ef6d5d45
653,Chou Yiting,5,2 個月前,,2022-11-21,https://www.google.com.tw/maps/place/%E7%AF%89%E9%96%93%E5%B9%B8%E7%A6%8F%E9%8D%8B%E7%89%A9+%E5%8F%B0%E5%8C%97%E5%8D%97%E4%BA%AC%E4%B8%80%E5%BA%97/data=!4m7!3m6!1s0x3442a9666e9f721d:0x8aefbd57ef6d5d45!8m2!3d25.0518598!4d121.5273867!16s%2Fg%2F11b7cqtsy0!19sChIJHXKfbmapQjQRRV1t71e974o?authuser=0&hl=zh-TW&rclk=1,0x3442a9666e9f721d:0x8aefbd57ef6d5d45
654,嚴靖昀,5,2 個月前,"湯底多樣化，食材好吃

",2022-11-21,https://www.google.com.tw/maps/place/%E7%AF%89%E9%96%93%E5%B9%B8%E7%A6%8F%E9%8D%8B%E7%89%A9+%E5%8F%B0%E5%8C%97%E5%8D%97%E4%BA%AC%E4%B8%80%E5%BA%97/data=!4m7!3m6!1s0x3442a9666e9f721d:0x8aefbd57ef6d5d45!8m2!3d25.0518598!4d121.5273867!16s%2Fg%2F11b7cqtsy0!19sChIJHXKfbmapQjQRRV1t71e974o?authuser=0&hl=zh-TW&rclk=1,0x3442a9666e9f721d:0x8aefbd57ef6d5d45
655,Phebe Yu,5,2 個月前,"好吃

",2022-11-21,https://www.google.com.tw/maps/place/%E7%AF%89%E9%96%93%E5%B9%B8%E7%A6%8F%E9%8D%8B%E7%89%A9+%E5%8F%B0%E5%8C%97%E5%8D%97%E4%BA%AC%E4%B8%80%E5%BA%97/data=!4m7!3m6!1s0x3442a9666e9f721d:0x8aefbd57ef6d5d45!8m2!3d25.0518598!4d121.5273867!16s%2Fg%2F11b7cqtsy0!19sChIJHXKfbmapQjQRRV1t71e974o?authuser=0&hl=zh-TW&rclk=1,0x3442a9666e9f721d:0x8aefbd57ef6d5d45
656,照柏皓,5,2 個月前,"好吃

",2022-11-21,https://www.google.com.tw/maps/place/%E7%AF%89%E9%96%93%E5%B9%B8%E7%A6%8F%E9%8D%8B%E7%89%A9+%E5%8F%B0%E5%8C%97%E5%8D%97%E4%BA%AC%E4%B8%80%E5%BA%97/data=!4m7!3m6!1s0x3442a9666e9f721d:0x8aefbd57ef6d5d45!8m2!3d25.0518598!4d121.5273867!16s%2Fg%2F11b7cqtsy0!19sChIJHXKfbmapQjQRRV1t71e974o?authuser=0&hl=zh-TW&rclk=1,0x3442a9666e9f721d:0x8aefbd57ef6d5d45
657,Naivete,5,2 個月前,"終於吃到傳聞中的築間，營業到凌晨4:00宵夜吃鍋的選擇。  
今天點了雪花牛（石頭湯底）跟牛小排（牛髓骨湯底），基本菜盤蠻豐富的，還有兩隻蝦，但是有芋頭喔喔喔。  
附餐可以升級牛滷飯或是豬對油，飯質偏軟，牛滷汁偏甜的口味。  
雪花牛1.5倍增量跟原價$280烏骨雞銅板價$69是目前的打卡活動，牛肉肉質軟嫩、雞肉帶皮Q軟（不敢吃皮的朋友要注意就是 ）  
自助吧有飲料暢飲、三種口味霜淇淋、明治冰淇淋選擇算是很多樣的

",2022-11-21,https://www.google.com.tw/maps/place/%E7%AF%89%E9%96%93%E5%B9%B8%E7%A6%8F%E9%8D%8B%E7%89%A9+%E5%8F%B0%E5%8C%97%E5%8D%97%E4%BA%AC%E4%B8%80%E5%BA%97/data=!4m7!3m6!1s0x3442a9666e9f721d:0x8aefbd57ef6d5d45!8m2!3d25.0518598!4d121.5273867!16s%2Fg%2F11b7cqtsy0!19sChIJHXKfbmapQjQRRV1t71e974o?authuser=0&hl=zh-TW&rclk=1,0x3442a9666e9f721d:0x8aefbd57ef6d5d45
658,7587 9487,5,2 個月前,"好吃氣氛佳！值得來吃！

",2022-11-21,https://www.google.com.tw/maps/place/%E7%AF%89%E9%96%93%E5%B9%B8%E7%A6%8F%E9%8D%8B%E7%89%A9+%E5%8F%B0%E5%8C%97%E5%8D%97%E4%BA%AC%E4%B8%80%E5%BA%97/data=!4m7!3m6!1s0x3442a9666e9f721d:0x8aefbd57ef6d5d45!8m2!3d25.0518598!4d121.5273867!16s%2Fg%2F11b7cqtsy0!19sChIJHXKfbmapQjQRRV1t71e974o?authuser=0&hl=zh-TW&rclk=1,0x3442a9666e9f721d:0x8aefbd57ef6d5d45
659,Freddy逢,5,2 個月前,"不錯好美味

",2022-11-21,https://www.google.com.tw/maps/place/%E7%AF%89%E9%96%93%E5%B9%B8%E7%A6%8F%E9%8D%8B%E7%89%A9+%E5%8F%B0%E5%8C%97%E5%8D%97%E4%BA%AC%E4%B8%80%E5%BA%97/data=!4m7!3m6!1s0x3442a9666e9f721d:0x8aefbd57ef6d5d45!8m2!3d25.0518598!4d121.5273867!16s%2Fg%2F11b7cqtsy0!19sChIJHXKfbmapQjQRRV1t71e974o?authuser=0&hl=zh-TW&rclk=1,0x3442a9666e9f721d:0x8aefbd57ef6d5d45
660,廖晞普,5,2 個月前,,2022-11-21,https://www.google.com.tw/maps/place/%E7%AF%89%E9%96%93%E5%B9%B8%E7%A6%8F%E9%8D%8B%E7%89%A9+%E5%8F%B0%E5%8C%97%E5%8D%97%E4%BA%AC%E4%B8%80%E5%BA%97/data=!4m7!3m6!1s0x3442a9666e9f721d:0x8aefbd57ef6d5d45!8m2!3d25.0518598!4d121.5273867!16s%2Fg%2F11b7cqtsy0!19sChIJHXKfbmapQjQRRV1t71e974o?authuser=0&hl=zh-TW&rclk=1,0x3442a9666e9f721d:0x8aefbd57ef6d5d45
661,吳鴻鋭,5,2 個月前,"雪花牛升級

",2022-11-21,https://www.google.com.tw/maps/place/%E7%AF%89%E9%96%93%E5%B9%B8%E7%A6%8F%E9%8D%8B%E7%89%A9+%E5%8F%B0%E5%8C%97%E5%8D%97%E4%BA%AC%E4%B8%80%E5%BA%97/data=!4m7!3m6!1s0x3442a9666e9f721d:0x8aefbd57ef6d5d45!8m2!3d25.0518598!4d121.5273867!16s%2Fg%2F11b7cqtsy0!19sChIJHXKfbmapQjQRRV1t71e974o?authuser=0&hl=zh-TW&rclk=1,0x3442a9666e9f721d:0x8aefbd57ef6d5d45
662,愉,5,2 個月前,"好吃

",2022-11-21,https://www.google.com.tw/maps/place/%E7%AF%89%E9%96%93%E5%B9%B8%E7%A6%8F%E9%8D%8B%E7%89%A9+%E5%8F%B0%E5%8C%97%E5%8D%97%E4%BA%AC%E4%B8%80%E5%BA%97/data=!4m7!3m6!1s0x3442a9666e9f721d:0x8aefbd57ef6d5d45!8m2!3d25.0518598!4d121.5273867!16s%2Fg%2F11b7cqtsy0!19sChIJHXKfbmapQjQRRV1t71e974o?authuser=0&hl=zh-TW&rclk=1,0x3442a9666e9f721d:0x8aefbd57ef6d5d45
663,許心如（Karen）,5,2 個月前,,2022-11-21,https://www.google.com.tw/maps/place/%E7%AF%89%E9%96%93%E5%B9%B8%E7%A6%8F%E9%8D%8B%E7%89%A9+%E5%8F%B0%E5%8C%97%E5%8D%97%E4%BA%AC%E4%B8%80%E5%BA%97/data=!4m7!3m6!1s0x3442a9666e9f721d:0x8aefbd57ef6d5d45!8m2!3d25.0518598!4d121.5273867!16s%2Fg%2F11b7cqtsy0!19sChIJHXKfbmapQjQRRV1t71e974o?authuser=0&hl=zh-TW&rclk=1,0x3442a9666e9f721d:0x8aefbd57ef6d5d45
664,朱潤生,5,2 個月前,,2022-11-21,https://www.google.com.tw/maps/place/%E7%AF%89%E9%96%93%E5%B9%B8%E7%A6%8F%E9%8D%8B%E7%89%A9+%E5%8F%B0%E5%8C%97%E5%8D%97%E4%BA%AC%E4%B8%80%E5%BA%97/data=!4m7!3m6!1s0x3442a9666e9f721d:0x8aefbd57ef6d5d45!8m2!3d25.0518598!4d121.5273867!16s%2Fg%2F11b7cqtsy0!19sChIJHXKfbmapQjQRRV1t71e974o?authuser=0&hl=zh-TW&rclk=1,0x3442a9666e9f721d:0x8aefbd57ef6d5d45
665,劉安迪,5,2 個月前,"打卡加購烏骨雞

",2022-11-21,https://www.google.com.tw/maps/place/%E7%AF%89%E9%96%93%E5%B9%B8%E7%A6%8F%E9%8D%8B%E7%89%A9+%E5%8F%B0%E5%8C%97%E5%8D%97%E4%BA%AC%E4%B8%80%E5%BA%97/data=!4m7!3m6!1s0x3442a9666e9f721d:0x8aefbd57ef6d5d45!8m2!3d25.0518598!4d121.5273867!16s%2Fg%2F11b7cqtsy0!19sChIJHXKfbmapQjQRRV1t71e974o?authuser=0&hl=zh-TW&rclk=1,0x3442a9666e9f721d:0x8aefbd57ef6d5d45
666,Alfred Kao,5,2 個月前,"讚

",2022-11-21,https://www.google.com.tw/maps/place/%E7%AF%89%E9%96%93%E5%B9%B8%E7%A6%8F%E9%8D%8B%E7%89%A9+%E5%8F%B0%E5%8C%97%E5%8D%97%E4%BA%AC%E4%B8%80%E5%BA%97/data=!4m7!3m6!1s0x3442a9666e9f721d:0x8aefbd57ef6d5d45!8m2!3d25.0518598!4d121.5273867!16s%2Fg%2F11b7cqtsy0!19sChIJHXKfbmapQjQRRV1t71e974o?authuser=0&hl=zh-TW&rclk=1,0x3442a9666e9f721d:0x8aefbd57ef6d5d45
667,陳立昕,5,2 個月前,"讚

",2022-11-21,https://www.google.com.tw/maps/place/%E7%AF%89%E9%96%93%E5%B9%B8%E7%A6%8F%E9%8D%8B%E7%89%A9+%E5%8F%B0%E5%8C%97%E5%8D%97%E4%BA%AC%E4%B8%80%E5%BA%97/data=!4m7!3m6!1s0x3442a9666e9f721d:0x8aefbd57ef6d5d45!8m2!3d25.0518598!4d121.5273867!16s%2Fg%2F11b7cqtsy0!19sChIJHXKfbmapQjQRRV1t71e974o?authuser=0&hl=zh-TW&rclk=1,0x3442a9666e9f721d:0x8aefbd57ef6d5d45
668,盧智農,5,2 個月前,"環境好，食物新鮮

",2022-11-21,https://www.google.com.tw/maps/place/%E7%AF%89%E9%96%93%E5%B9%B8%E7%A6%8F%E9%8D%8B%E7%89%A9+%E5%8F%B0%E5%8C%97%E5%8D%97%E4%BA%AC%E4%B8%80%E5%BA%97/data=!4m7!3m6!1s0x3442a9666e9f721d:0x8aefbd57ef6d5d45!8m2!3d25.0518598!4d121.5273867!16s%2Fg%2F11b7cqtsy0!19sChIJHXKfbmapQjQRRV1t71e974o?authuser=0&hl=zh-TW&rclk=1,0x3442a9666e9f721d:0x8aefbd57ef6d5d45
669,賴冠叡,5,2 個月前,"第一次來 服務超級好。

",2022-11-21,https://www.google.com.tw/maps/place/%E7%AF%89%E9%96%93%E5%B9%B8%E7%A6%8F%E9%8D%8B%E7%89%A9+%E5%8F%B0%E5%8C%97%E5%8D%97%E4%BA%AC%E4%B8%80%E5%BA%97/data=!4m7!3m6!1s0x3442a9666e9f721d:0x8aefbd57ef6d5d45!8m2!3d25.0518598!4d121.5273867!16s%2Fg%2F11b7cqtsy0!19sChIJHXKfbmapQjQRRV1t71e974o?authuser=0&hl=zh-TW&rclk=1,0x3442a9666e9f721d:0x8aefbd57ef6d5d45
670,Ting Cat,5,2 個月前,"餐廳乾淨，環境舒服，歡迎各位到這邊用餐！

",2022-11-21,https://www.google.com.tw/maps/place/%E7%AF%89%E9%96%93%E5%B9%B8%E7%A6%8F%E9%8D%8B%E7%89%A9+%E5%8F%B0%E5%8C%97%E5%8D%97%E4%BA%AC%E4%B8%80%E5%BA%97/data=!4m7!3m6!1s0x3442a9666e9f721d:0x8aefbd57ef6d5d45!8m2!3d25.0518598!4d121.5273867!16s%2Fg%2F11b7cqtsy0!19sChIJHXKfbmapQjQRRV1t71e974o?authuser=0&hl=zh-TW&rclk=1,0x3442a9666e9f721d:0x8aefbd57ef6d5d45
671,西西神秘,5,2 個月前,,2022-11-21,https://www.google.com.tw/maps/place/%E7%AF%89%E9%96%93%E5%B9%B8%E7%A6%8F%E9%8D%8B%E7%89%A9+%E5%8F%B0%E5%8C%97%E5%8D%97%E4%BA%AC%E4%B8%80%E5%BA%97/data=!4m7!3m6!1s0x3442a9666e9f721d:0x8aefbd57ef6d5d45!8m2!3d25.0518598!4d121.5273867!16s%2Fg%2F11b7cqtsy0!19sChIJHXKfbmapQjQRRV1t71e974o?authuser=0&hl=zh-TW&rclk=1,0x3442a9666e9f721d:0x8aefbd57ef6d5d45
672,黃羽萱,5,2 個月前,"好吃

",2022-11-21,https://www.google.com.tw/maps/place/%E7%AF%89%E9%96%93%E5%B9%B8%E7%A6%8F%E9%8D%8B%E7%89%A9+%E5%8F%B0%E5%8C%97%E5%8D%97%E4%BA%AC%E4%B8%80%E5%BA%97/data=!4m7!3m6!1s0x3442a9666e9f721d:0x8aefbd57ef6d5d45!8m2!3d25.0518598!4d121.5273867!16s%2Fg%2F11b7cqtsy0!19sChIJHXKfbmapQjQRRV1t71e974o?authuser=0&hl=zh-TW&rclk=1,0x3442a9666e9f721d:0x8aefbd57ef6d5d45
673,Allen Chen,5,2 個月前,,2022-11-21,https://www.google.com.tw/maps/place/%E7%AF%89%E9%96%93%E5%B9%B8%E7%A6%8F%E9%8D%8B%E7%89%A9+%E5%8F%B0%E5%8C%97%E5%8D%97%E4%BA%AC%E4%B8%80%E5%BA%97/data=!4m7!3m6!1s0x3442a9666e9f721d:0x8aefbd57ef6d5d45!8m2!3d25.0518598!4d121.5273867!16s%2Fg%2F11b7cqtsy0!19sChIJHXKfbmapQjQRRV1t71e974o?authuser=0&hl=zh-TW&rclk=1,0x3442a9666e9f721d:0x8aefbd57ef6d5d45
674,褚亭妤,5,2 個月前,,2022-11-21,https://www.google.com.tw/maps/place/%E7%AF%89%E9%96%93%E5%B9%B8%E7%A6%8F%E9%8D%8B%E7%89%A9+%E5%8F%B0%E5%8C%97%E5%8D%97%E4%BA%AC%E4%B8%80%E5%BA%97/data=!4m7!3m6!1s0x3442a9666e9f721d:0x8aefbd57ef6d5d45!8m2!3d25.0518598!4d121.5273867!16s%2Fg%2F11b7cqtsy0!19sChIJHXKfbmapQjQRRV1t71e974o?authuser=0&hl=zh-TW&rclk=1,0x3442a9666e9f721d:0x8aefbd57ef6d5d45
675,張宥勝,4,2 個月前,"很棒

",2022-11-21,https://www.google.com.tw/maps/place/%E7%AF%89%E9%96%93%E5%B9%B8%E7%A6%8F%E9%8D%8B%E7%89%A9+%E5%8F%B0%E5%8C%97%E5%8D%97%E4%BA%AC%E4%B8%80%E5%BA%97/data=!4m7!3m6!1s0x3442a9666e9f721d:0x8aefbd57ef6d5d45!8m2!3d25.0518598!4d121.5273867!16s%2Fg%2F11b7cqtsy0!19sChIJHXKfbmapQjQRRV1t71e974o?authuser=0&hl=zh-TW&rclk=1,0x3442a9666e9f721d:0x8aefbd57ef6d5d45
676,周世坤,5,2 個月前,"Cp質高火鍋

",2022-11-21,https://www.google.com.tw/maps/place/%E7%AF%89%E9%96%93%E5%B9%B8%E7%A6%8F%E9%8D%8B%E7%89%A9+%E5%8F%B0%E5%8C%97%E5%8D%97%E4%BA%AC%E4%B8%80%E5%BA%97/data=!4m7!3m6!1s0x3442a9666e9f721d:0x8aefbd57ef6d5d45!8m2!3d25.0518598!4d121.5273867!16s%2Fg%2F11b7cqtsy0!19sChIJHXKfbmapQjQRRV1t71e974o?authuser=0&hl=zh-TW&rclk=1,0x3442a9666e9f721d:0x8aefbd57ef6d5d45
677,張凱森,5,2 個月前,,2022-11-21,https://www.google.com.tw/maps/place/%E7%AF%89%E9%96%93%E5%B9%B8%E7%A6%8F%E9%8D%8B%E7%89%A9+%E5%8F%B0%E5%8C%97%E5%8D%97%E4%BA%AC%E4%B8%80%E5%BA%97/data=!4m7!3m6!1s0x3442a9666e9f721d:0x8aefbd57ef6d5d45!8m2!3d25.0518598!4d121.5273867!16s%2Fg%2F11b7cqtsy0!19sChIJHXKfbmapQjQRRV1t71e974o?authuser=0&hl=zh-TW&rclk=1,0x3442a9666e9f721d:0x8aefbd57ef6d5d45
678,Jeremy Liang,5,2 個月前,"讚讚

",2022-11-21,https://www.google.com.tw/maps/place/%E7%AF%89%E9%96%93%E5%B9%B8%E7%A6%8F%E9%8D%8B%E7%89%A9+%E5%8F%B0%E5%8C%97%E5%8D%97%E4%BA%AC%E4%B8%80%E5%BA%97/data=!4m7!3m6!1s0x3442a9666e9f721d:0x8aefbd57ef6d5d45!8m2!3d25.0518598!4d121.5273867!16s%2Fg%2F11b7cqtsy0!19sChIJHXKfbmapQjQRRV1t71e974o?authuser=0&hl=zh-TW&rclk=1,0x3442a9666e9f721d:0x8aefbd57ef6d5d45
679,lee mongi,5,2 個月前,"肉量夠，新鮮。飲料冰品選擇多

",2022-11-21,https://www.google.com.tw/maps/place/%E7%AF%89%E9%96%93%E5%B9%B8%E7%A6%8F%E9%8D%8B%E7%89%A9+%E5%8F%B0%E5%8C%97%E5%8D%97%E4%BA%AC%E4%B8%80%E5%BA%97/data=!4m7!3m6!1s0x3442a9666e9f721d:0x8aefbd57ef6d5d45!8m2!3d25.0518598!4d121.5273867!16s%2Fg%2F11b7cqtsy0!19sChIJHXKfbmapQjQRRV1t71e974o?authuser=0&hl=zh-TW&rclk=1,0x3442a9666e9f721d:0x8aefbd57ef6d5d45
680,Tzuhan Chuang,5,2 個月前,"IG fb google打卡評論可以用69元換烏骨雞喔

",2022-11-21,https://www.google.com.tw/maps/place/%E7%AF%89%E9%96%93%E5%B9%B8%E7%A6%8F%E9%8D%8B%E7%89%A9+%E5%8F%B0%E5%8C%97%E5%8D%97%E4%BA%AC%E4%B8%80%E5%BA%97/data=!4m7!3m6!1s0x3442a9666e9f721d:0x8aefbd57ef6d5d45!8m2!3d25.0518598!4d121.5273867!16s%2Fg%2F11b7cqtsy0!19sChIJHXKfbmapQjQRRV1t71e974o?authuser=0&hl=zh-TW&rclk=1,0x3442a9666e9f721d:0x8aefbd57ef6d5d45
681,Jerry Chen,4,2 個月前,"營業時間寬裕，店員客氣

",2022-11-21,https://www.google.com.tw/maps/place/%E7%AF%89%E9%96%93%E5%B9%B8%E7%A6%8F%E9%8D%8B%E7%89%A9+%E5%8F%B0%E5%8C%97%E5%8D%97%E4%BA%AC%E4%B8%80%E5%BA%97/data=!4m7!3m6!1s0x3442a9666e9f721d:0x8aefbd57ef6d5d45!8m2!3d25.0518598!4d121.5273867!16s%2Fg%2F11b7cqtsy0!19sChIJHXKfbmapQjQRRV1t71e974o?authuser=0&hl=zh-TW&rclk=1,0x3442a9666e9f721d:0x8aefbd57ef6d5d45
682,張德安,5,2 個月前,"宵夜的好去處

",2022-11-21,https://www.google.com.tw/maps/place/%E7%AF%89%E9%96%93%E5%B9%B8%E7%A6%8F%E9%8D%8B%E7%89%A9+%E5%8F%B0%E5%8C%97%E5%8D%97%E4%BA%AC%E4%B8%80%E5%BA%97/data=!4m7!3m6!1s0x3442a9666e9f721d:0x8aefbd57ef6d5d45!8m2!3d25.0518598!4d121.5273867!16s%2Fg%2F11b7cqtsy0!19sChIJHXKfbmapQjQRRV1t71e974o?authuser=0&hl=zh-TW&rclk=1,0x3442a9666e9f721d:0x8aefbd57ef6d5d45
683,Joan Shen,5,2 個月前,"打卡吃肉肉

",2022-11-21,https://www.google.com.tw/maps/place/%E7%AF%89%E9%96%93%E5%B9%B8%E7%A6%8F%E9%8D%8B%E7%89%A9+%E5%8F%B0%E5%8C%97%E5%8D%97%E4%BA%AC%E4%B8%80%E5%BA%97/data=!4m7!3m6!1s0x3442a9666e9f721d:0x8aefbd57ef6d5d45!8m2!3d25.0518598!4d121.5273867!16s%2Fg%2F11b7cqtsy0!19sChIJHXKfbmapQjQRRV1t71e974o?authuser=0&hl=zh-TW&rclk=1,0x3442a9666e9f721d:0x8aefbd57ef6d5d45
684,吳熹,1,2 個月前,"覺得菜盤份量很少，不太新鮮，以後應該不會再去了，變難吃了！

",2022-11-21,https://www.google.com.tw/maps/place/%E7%AF%89%E9%96%93%E5%B9%B8%E7%A6%8F%E9%8D%8B%E7%89%A9+%E5%8F%B0%E5%8C%97%E5%8D%97%E4%BA%AC%E4%B8%80%E5%BA%97/data=!4m7!3m6!1s0x3442a9666e9f721d:0x8aefbd57ef6d5d45!8m2!3d25.0518598!4d121.5273867!16s%2Fg%2F11b7cqtsy0!19sChIJHXKfbmapQjQRRV1t71e974o?authuser=0&hl=zh-TW&rclk=1,0x3442a9666e9f721d:0x8aefbd57ef6d5d45
685,姜帝豪,5,2 個月前,,2022-11-21,https://www.google.com.tw/maps/place/%E7%AF%89%E9%96%93%E5%B9%B8%E7%A6%8F%E9%8D%8B%E7%89%A9+%E5%8F%B0%E5%8C%97%E5%8D%97%E4%BA%AC%E4%B8%80%E5%BA%97/data=!4m7!3m6!1s0x3442a9666e9f721d:0x8aefbd57ef6d5d45!8m2!3d25.0518598!4d121.5273867!16s%2Fg%2F11b7cqtsy0!19sChIJHXKfbmapQjQRRV1t71e974o?authuser=0&hl=zh-TW&rclk=1,0x3442a9666e9f721d:0x8aefbd57ef6d5d45
686,謝政佑,5,2 個月前,"很棒的用餐環境

",2022-11-21,https://www.google.com.tw/maps/place/%E7%AF%89%E9%96%93%E5%B9%B8%E7%A6%8F%E9%8D%8B%E7%89%A9+%E5%8F%B0%E5%8C%97%E5%8D%97%E4%BA%AC%E4%B8%80%E5%BA%97/data=!4m7!3m6!1s0x3442a9666e9f721d:0x8aefbd57ef6d5d45!8m2!3d25.0518598!4d121.5273867!16s%2Fg%2F11b7cqtsy0!19sChIJHXKfbmapQjQRRV1t71e974o?authuser=0&hl=zh-TW&rclk=1,0x3442a9666e9f721d:0x8aefbd57ef6d5d45
687,趙天林,5,2 個月前,,2022-11-21,https://www.google.com.tw/maps/place/%E7%AF%89%E9%96%93%E5%B9%B8%E7%A6%8F%E9%8D%8B%E7%89%A9+%E5%8F%B0%E5%8C%97%E5%8D%97%E4%BA%AC%E4%B8%80%E5%BA%97/data=!4m7!3m6!1s0x3442a9666e9f721d:0x8aefbd57ef6d5d45!8m2!3d25.0518598!4d121.5273867!16s%2Fg%2F11b7cqtsy0!19sChIJHXKfbmapQjQRRV1t71e974o?authuser=0&hl=zh-TW&rclk=1,0x3442a9666e9f721d:0x8aefbd57ef6d5d45
688,王暉政,5,2 個月前,,2022-11-21,https://www.google.com.tw/maps/place/%E7%AF%89%E9%96%93%E5%B9%B8%E7%A6%8F%E9%8D%8B%E7%89%A9+%E5%8F%B0%E5%8C%97%E5%8D%97%E4%BA%AC%E4%B8%80%E5%BA%97/data=!4m7!3m6!1s0x3442a9666e9f721d:0x8aefbd57ef6d5d45!8m2!3d25.0518598!4d121.5273867!16s%2Fg%2F11b7cqtsy0!19sChIJHXKfbmapQjQRRV1t71e974o?authuser=0&hl=zh-TW&rclk=1,0x3442a9666e9f721d:0x8aefbd57ef6d5d45
689,楊醒亞,5,2 個月前,"讚讚

",2022-11-21,https://www.google.com.tw/maps/place/%E7%AF%89%E9%96%93%E5%B9%B8%E7%A6%8F%E9%8D%8B%E7%89%A9+%E5%8F%B0%E5%8C%97%E5%8D%97%E4%BA%AC%E4%B8%80%E5%BA%97/data=!4m7!3m6!1s0x3442a9666e9f721d:0x8aefbd57ef6d5d45!8m2!3d25.0518598!4d121.5273867!16s%2Fg%2F11b7cqtsy0!19sChIJHXKfbmapQjQRRV1t71e974o?authuser=0&hl=zh-TW&rclk=1,0x3442a9666e9f721d:0x8aefbd57ef6d5d45
690,林菘荏,5,2 個月前,,2022-11-21,https://www.google.com.tw/maps/place/%E7%AF%89%E9%96%93%E5%B9%B8%E7%A6%8F%E9%8D%8B%E7%89%A9+%E5%8F%B0%E5%8C%97%E5%8D%97%E4%BA%AC%E4%B8%80%E5%BA%97/data=!4m7!3m6!1s0x3442a9666e9f721d:0x8aefbd57ef6d5d45!8m2!3d25.0518598!4d121.5273867!16s%2Fg%2F11b7cqtsy0!19sChIJHXKfbmapQjQRRV1t71e974o?authuser=0&hl=zh-TW&rclk=1,0x3442a9666e9f721d:0x8aefbd57ef6d5d45
691,陽仲崴,5,2 個月前,"每次來都要吃

",2022-11-21,https://www.google.com.tw/maps/place/%E7%AF%89%E9%96%93%E5%B9%B8%E7%A6%8F%E9%8D%8B%E7%89%A9+%E5%8F%B0%E5%8C%97%E5%8D%97%E4%BA%AC%E4%B8%80%E5%BA%97/data=!4m7!3m6!1s0x3442a9666e9f721d:0x8aefbd57ef6d5d45!8m2!3d25.0518598!4d121.5273867!16s%2Fg%2F11b7cqtsy0!19sChIJHXKfbmapQjQRRV1t71e974o?authuser=0&hl=zh-TW&rclk=1,0x3442a9666e9f721d:0x8aefbd57ef6d5d45
692,蕭志偉,5,2 個月前,"讚

",2022-11-21,https://www.google.com.tw/maps/place/%E7%AF%89%E9%96%93%E5%B9%B8%E7%A6%8F%E9%8D%8B%E7%89%A9+%E5%8F%B0%E5%8C%97%E5%8D%97%E4%BA%AC%E4%B8%80%E5%BA%97/data=!4m7!3m6!1s0x3442a9666e9f721d:0x8aefbd57ef6d5d45!8m2!3d25.0518598!4d121.5273867!16s%2Fg%2F11b7cqtsy0!19sChIJHXKfbmapQjQRRV1t71e974o?authuser=0&hl=zh-TW&rclk=1,0x3442a9666e9f721d:0x8aefbd57ef6d5d45
693,阿謙,5,2 個月前,"讚

",2022-11-21,https://www.google.com.tw/maps/place/%E7%AF%89%E9%96%93%E5%B9%B8%E7%A6%8F%E9%8D%8B%E7%89%A9+%E5%8F%B0%E5%8C%97%E5%8D%97%E4%BA%AC%E4%B8%80%E5%BA%97/data=!4m7!3m6!1s0x3442a9666e9f721d:0x8aefbd57ef6d5d45!8m2!3d25.0518598!4d121.5273867!16s%2Fg%2F11b7cqtsy0!19sChIJHXKfbmapQjQRRV1t71e974o?authuser=0&hl=zh-TW&rclk=1,0x3442a9666e9f721d:0x8aefbd57ef6d5d45
694,兔子,5,2 個月前,,2022-11-21,https://www.google.com.tw/maps/place/%E7%AF%89%E9%96%93%E5%B9%B8%E7%A6%8F%E9%8D%8B%E7%89%A9+%E5%8F%B0%E5%8C%97%E5%8D%97%E4%BA%AC%E4%B8%80%E5%BA%97/data=!4m7!3m6!1s0x3442a9666e9f721d:0x8aefbd57ef6d5d45!8m2!3d25.0518598!4d121.5273867!16s%2Fg%2F11b7cqtsy0!19sChIJHXKfbmapQjQRRV1t71e974o?authuser=0&hl=zh-TW&rclk=1,0x3442a9666e9f721d:0x8aefbd57ef6d5d45
695,Pei Pei,5,2 個月前,"讚

",2022-11-21,https://www.google.com.tw/maps/place/%E7%AF%89%E9%96%93%E5%B9%B8%E7%A6%8F%E9%8D%8B%E7%89%A9+%E5%8F%B0%E5%8C%97%E5%8D%97%E4%BA%AC%E4%B8%80%E5%BA%97/data=!4m7!3m6!1s0x3442a9666e9f721d:0x8aefbd57ef6d5d45!8m2!3d25.0518598!4d121.5273867!16s%2Fg%2F11b7cqtsy0!19sChIJHXKfbmapQjQRRV1t71e974o?authuser=0&hl=zh-TW&rclk=1,0x3442a9666e9f721d:0x8aefbd57ef6d5d45
696,黃世明,5,2 個月前,"享受悠閒食光～

",2022-11-21,https://www.google.com.tw/maps/place/%E7%AF%89%E9%96%93%E5%B9%B8%E7%A6%8F%E9%8D%8B%E7%89%A9+%E5%8F%B0%E5%8C%97%E5%8D%97%E4%BA%AC%E4%B8%80%E5%BA%97/data=!4m7!3m6!1s0x3442a9666e9f721d:0x8aefbd57ef6d5d45!8m2!3d25.0518598!4d121.5273867!16s%2Fg%2F11b7cqtsy0!19sChIJHXKfbmapQjQRRV1t71e974o?authuser=0&hl=zh-TW&rclk=1,0x3442a9666e9f721d:0x8aefbd57ef6d5d45
697,詹萱,5,2 個月前,,2022-11-21,https://www.google.com.tw/maps/place/%E7%AF%89%E9%96%93%E5%B9%B8%E7%A6%8F%E9%8D%8B%E7%89%A9+%E5%8F%B0%E5%8C%97%E5%8D%97%E4%BA%AC%E4%B8%80%E5%BA%97/data=!4m7!3m6!1s0x3442a9666e9f721d:0x8aefbd57ef6d5d45!8m2!3d25.0518598!4d121.5273867!16s%2Fg%2F11b7cqtsy0!19sChIJHXKfbmapQjQRRV1t71e974o?authuser=0&hl=zh-TW&rclk=1,0x3442a9666e9f721d:0x8aefbd57ef6d5d45
698,康濬吳,5,2 個月前,,2022-11-21,https://www.google.com.tw/maps/place/%E7%AF%89%E9%96%93%E5%B9%B8%E7%A6%8F%E9%8D%8B%E7%89%A9+%E5%8F%B0%E5%8C%97%E5%8D%97%E4%BA%AC%E4%B8%80%E5%BA%97/data=!4m7!3m6!1s0x3442a9666e9f721d:0x8aefbd57ef6d5d45!8m2!3d25.0518598!4d121.5273867!16s%2Fg%2F11b7cqtsy0!19sChIJHXKfbmapQjQRRV1t71e974o?authuser=0&hl=zh-TW&rclk=1,0x3442a9666e9f721d:0x8aefbd57ef6d5d45
699,吳艾妮,5,2 個月前,,2022-11-21,https://www.google.com.tw/maps/place/%E7%AF%89%E9%96%93%E5%B9%B8%E7%A6%8F%E9%8D%8B%E7%89%A9+%E5%8F%B0%E5%8C%97%E5%8D%97%E4%BA%AC%E4%B8%80%E5%BA%97/data=!4m7!3m6!1s0x3442a9666e9f721d:0x8aefbd57ef6d5d45!8m2!3d25.0518598!4d121.5273867!16s%2Fg%2F11b7cqtsy0!19sChIJHXKfbmapQjQRRV1t71e974o?authuser=0&hl=zh-TW&rclk=1,0x3442a9666e9f721d:0x8aefbd57ef6d5d45
700,賴顥勻,5,2 個月前,,2022-11-21,https://www.google.com.tw/maps/place/%E7%AF%89%E9%96%93%E5%B9%B8%E7%A6%8F%E9%8D%8B%E7%89%A9+%E5%8F%B0%E5%8C%97%E5%8D%97%E4%BA%AC%E4%B8%80%E5%BA%97/data=!4m7!3m6!1s0x3442a9666e9f721d:0x8aefbd57ef6d5d45!8m2!3d25.0518598!4d121.5273867!16s%2Fg%2F11b7cqtsy0!19sChIJHXKfbmapQjQRRV1t71e974o?authuser=0&hl=zh-TW&rclk=1,0x3442a9666e9f721d:0x8aefbd57ef6d5d45
701,Garrette Chaung,5,2 個月前,"好吃

",2022-11-21,https://www.google.com.tw/maps/place/%E7%AF%89%E9%96%93%E5%B9%B8%E7%A6%8F%E9%8D%8B%E7%89%A9+%E5%8F%B0%E5%8C%97%E5%8D%97%E4%BA%AC%E4%B8%80%E5%BA%97/data=!4m7!3m6!1s0x3442a9666e9f721d:0x8aefbd57ef6d5d45!8m2!3d25.0518598!4d121.5273867!16s%2Fg%2F11b7cqtsy0!19sChIJHXKfbmapQjQRRV1t71e974o?authuser=0&hl=zh-TW&rclk=1,0x3442a9666e9f721d:0x8aefbd57ef6d5d45
702,陳亦翔,5,2 個月前,,2022-11-21,https://www.google.com.tw/maps/place/%E7%AF%89%E9%96%93%E5%B9%B8%E7%A6%8F%E9%8D%8B%E7%89%A9+%E5%8F%B0%E5%8C%97%E5%8D%97%E4%BA%AC%E4%B8%80%E5%BA%97/data=!4m7!3m6!1s0x3442a9666e9f721d:0x8aefbd57ef6d5d45!8m2!3d25.0518598!4d121.5273867!16s%2Fg%2F11b7cqtsy0!19sChIJHXKfbmapQjQRRV1t71e974o?authuser=0&hl=zh-TW&rclk=1,0x3442a9666e9f721d:0x8aefbd57ef6d5d45
703,EN,5,2 個月前,"已經多次回訪，會員集點常常能換到好料，照片的松阪豬就是點數換的！好吃❤️

",2022-11-21,https://www.google.com.tw/maps/place/%E7%AF%89%E9%96%93%E5%B9%B8%E7%A6%8F%E9%8D%8B%E7%89%A9+%E5%8F%B0%E5%8C%97%E5%8D%97%E4%BA%AC%E4%B8%80%E5%BA%97/data=!4m7!3m6!1s0x3442a9666e9f721d:0x8aefbd57ef6d5d45!8m2!3d25.0518598!4d121.5273867!16s%2Fg%2F11b7cqtsy0!19sChIJHXKfbmapQjQRRV1t71e974o?authuser=0&hl=zh-TW&rclk=1,0x3442a9666e9f721d:0x8aefbd57ef6d5d45
704,鼎翔曾,5,2 個月前,"讚

",2022-11-21,https://www.google.com.tw/maps/place/%E7%AF%89%E9%96%93%E5%B9%B8%E7%A6%8F%E9%8D%8B%E7%89%A9+%E5%8F%B0%E5%8C%97%E5%8D%97%E4%BA%AC%E4%B8%80%E5%BA%97/data=!4m7!3m6!1s0x3442a9666e9f721d:0x8aefbd57ef6d5d45!8m2!3d25.0518598!4d121.5273867!16s%2Fg%2F11b7cqtsy0!19sChIJHXKfbmapQjQRRV1t71e974o?authuser=0&hl=zh-TW&rclk=1,0x3442a9666e9f721d:0x8aefbd57ef6d5d45
705,聯勝租賃公司-小伍,5,2 個月前,,2022-11-21,https://www.google.com.tw/maps/place/%E7%AF%89%E9%96%93%E5%B9%B8%E7%A6%8F%E9%8D%8B%E7%89%A9+%E5%8F%B0%E5%8C%97%E5%8D%97%E4%BA%AC%E4%B8%80%E5%BA%97/data=!4m7!3m6!1s0x3442a9666e9f721d:0x8aefbd57ef6d5d45!8m2!3d25.0518598!4d121.5273867!16s%2Fg%2F11b7cqtsy0!19sChIJHXKfbmapQjQRRV1t71e974o?authuser=0&hl=zh-TW&rclk=1,0x3442a9666e9f721d:0x8aefbd57ef6d5d45
706,Min,5,2 個月前,"讚的！

",2022-11-21,https://www.google.com.tw/maps/place/%E7%AF%89%E9%96%93%E5%B9%B8%E7%A6%8F%E9%8D%8B%E7%89%A9+%E5%8F%B0%E5%8C%97%E5%8D%97%E4%BA%AC%E4%B8%80%E5%BA%97/data=!4m7!3m6!1s0x3442a9666e9f721d:0x8aefbd57ef6d5d45!8m2!3d25.0518598!4d121.5273867!16s%2Fg%2F11b7cqtsy0!19sChIJHXKfbmapQjQRRV1t71e974o?authuser=0&hl=zh-TW&rclk=1,0x3442a9666e9f721d:0x8aefbd57ef6d5d45
707,林子鈺,5,2 個月前,,2022-11-21,https://www.google.com.tw/maps/place/%E7%AF%89%E9%96%93%E5%B9%B8%E7%A6%8F%E9%8D%8B%E7%89%A9+%E5%8F%B0%E5%8C%97%E5%8D%97%E4%BA%AC%E4%B8%80%E5%BA%97/data=!4m7!3m6!1s0x3442a9666e9f721d:0x8aefbd57ef6d5d45!8m2!3d25.0518598!4d121.5273867!16s%2Fg%2F11b7cqtsy0!19sChIJHXKfbmapQjQRRV1t71e974o?authuser=0&hl=zh-TW&rclk=1,0x3442a9666e9f721d:0x8aefbd57ef6d5d45
708,Sa Sa,5,2 個月前,"打卡肉增量

",2022-11-21,https://www.google.com.tw/maps/place/%E7%AF%89%E9%96%93%E5%B9%B8%E7%A6%8F%E9%8D%8B%E7%89%A9+%E5%8F%B0%E5%8C%97%E5%8D%97%E4%BA%AC%E4%B8%80%E5%BA%97/data=!4m7!3m6!1s0x3442a9666e9f721d:0x8aefbd57ef6d5d45!8m2!3d25.0518598!4d121.5273867!16s%2Fg%2F11b7cqtsy0!19sChIJHXKfbmapQjQRRV1t71e974o?authuser=0&hl=zh-TW&rclk=1,0x3442a9666e9f721d:0x8aefbd57ef6d5d45
709,楊毓翔,5,2 個月前,"讚讚

",2022-11-21,https://www.google.com.tw/maps/place/%E7%AF%89%E9%96%93%E5%B9%B8%E7%A6%8F%E9%8D%8B%E7%89%A9+%E5%8F%B0%E5%8C%97%E5%8D%97%E4%BA%AC%E4%B8%80%E5%BA%97/data=!4m7!3m6!1s0x3442a9666e9f721d:0x8aefbd57ef6d5d45!8m2!3d25.0518598!4d121.5273867!16s%2Fg%2F11b7cqtsy0!19sChIJHXKfbmapQjQRRV1t71e974o?authuser=0&hl=zh-TW&rclk=1,0x3442a9666e9f721d:0x8aefbd57ef6d5d45
710,飛刀門幫主,5,2 個月前,"好吃好吃香噴噴  
還有活動可以送東西

",2022-11-21,https://www.google.com.tw/maps/place/%E7%AF%89%E9%96%93%E5%B9%B8%E7%A6%8F%E9%8D%8B%E7%89%A9+%E5%8F%B0%E5%8C%97%E5%8D%97%E4%BA%AC%E4%B8%80%E5%BA%97/data=!4m7!3m6!1s0x3442a9666e9f721d:0x8aefbd57ef6d5d45!8m2!3d25.0518598!4d121.5273867!16s%2Fg%2F11b7cqtsy0!19sChIJHXKfbmapQjQRRV1t71e974o?authuser=0&hl=zh-TW&rclk=1,0x3442a9666e9f721d:0x8aefbd57ef6d5d45
711,Thea Tseng,5,2 個月前,"好吃

",2022-11-21,https://www.google.com.tw/maps/place/%E7%AF%89%E9%96%93%E5%B9%B8%E7%A6%8F%E9%8D%8B%E7%89%A9+%E5%8F%B0%E5%8C%97%E5%8D%97%E4%BA%AC%E4%B8%80%E5%BA%97/data=!4m7!3m6!1s0x3442a9666e9f721d:0x8aefbd57ef6d5d45!8m2!3d25.0518598!4d121.5273867!16s%2Fg%2F11b7cqtsy0!19sChIJHXKfbmapQjQRRV1t71e974o?authuser=0&hl=zh-TW&rclk=1,0x3442a9666e9f721d:0x8aefbd57ef6d5d45
712,Hola! Kiona,5,2 個月前,"有夠好吃

",2022-11-21,https://www.google.com.tw/maps/place/%E7%AF%89%E9%96%93%E5%B9%B8%E7%A6%8F%E9%8D%8B%E7%89%A9+%E5%8F%B0%E5%8C%97%E5%8D%97%E4%BA%AC%E4%B8%80%E5%BA%97/data=!4m7!3m6!1s0x3442a9666e9f721d:0x8aefbd57ef6d5d45!8m2!3d25.0518598!4d121.5273867!16s%2Fg%2F11b7cqtsy0!19sChIJHXKfbmapQjQRRV1t71e974o?authuser=0&hl=zh-TW&rclk=1,0x3442a9666e9f721d:0x8aefbd57ef6d5d45
713,sea sam,5,2 個月前,,2022-11-21,https://www.google.com.tw/maps/place/%E7%AF%89%E9%96%93%E5%B9%B8%E7%A6%8F%E9%8D%8B%E7%89%A9+%E5%8F%B0%E5%8C%97%E5%8D%97%E4%BA%AC%E4%B8%80%E5%BA%97/data=!4m7!3m6!1s0x3442a9666e9f721d:0x8aefbd57ef6d5d45!8m2!3d25.0518598!4d121.5273867!16s%2Fg%2F11b7cqtsy0!19sChIJHXKfbmapQjQRRV1t71e974o?authuser=0&hl=zh-TW&rclk=1,0x3442a9666e9f721d:0x8aefbd57ef6d5d45
714,何主播,5,2 個月前,"活動！

",2022-11-21,https://www.google.com.tw/maps/place/%E7%AF%89%E9%96%93%E5%B9%B8%E7%A6%8F%E9%8D%8B%E7%89%A9+%E5%8F%B0%E5%8C%97%E5%8D%97%E4%BA%AC%E4%B8%80%E5%BA%97/data=!4m7!3m6!1s0x3442a9666e9f721d:0x8aefbd57ef6d5d45!8m2!3d25.0518598!4d121.5273867!16s%2Fg%2F11b7cqtsy0!19sChIJHXKfbmapQjQRRV1t71e974o?authuser=0&hl=zh-TW&rclk=1,0x3442a9666e9f721d:0x8aefbd57ef6d5d45
715,吳瑜庭,5,2 個月前,"讚讚來好多次

",2022-11-21,https://www.google.com.tw/maps/place/%E7%AF%89%E9%96%93%E5%B9%B8%E7%A6%8F%E9%8D%8B%E7%89%A9+%E5%8F%B0%E5%8C%97%E5%8D%97%E4%BA%AC%E4%B8%80%E5%BA%97/data=!4m7!3m6!1s0x3442a9666e9f721d:0x8aefbd57ef6d5d45!8m2!3d25.0518598!4d121.5273867!16s%2Fg%2F11b7cqtsy0!19sChIJHXKfbmapQjQRRV1t71e974o?authuser=0&hl=zh-TW&rclk=1,0x3442a9666e9f721d:0x8aefbd57ef6d5d45
716,張聖呈,5,2 個月前,"超好吃雪花牛

",2022-11-21,https://www.google.com.tw/maps/place/%E7%AF%89%E9%96%93%E5%B9%B8%E7%A6%8F%E9%8D%8B%E7%89%A9+%E5%8F%B0%E5%8C%97%E5%8D%97%E4%BA%AC%E4%B8%80%E5%BA%97/data=!4m7!3m6!1s0x3442a9666e9f721d:0x8aefbd57ef6d5d45!8m2!3d25.0518598!4d121.5273867!16s%2Fg%2F11b7cqtsy0!19sChIJHXKfbmapQjQRRV1t71e974o?authuser=0&hl=zh-TW&rclk=1,0x3442a9666e9f721d:0x8aefbd57ef6d5d45
717,陳小風,5,2 個月前,"加肉69元無骨雞

",2022-11-21,https://www.google.com.tw/maps/place/%E7%AF%89%E9%96%93%E5%B9%B8%E7%A6%8F%E9%8D%8B%E7%89%A9+%E5%8F%B0%E5%8C%97%E5%8D%97%E4%BA%AC%E4%B8%80%E5%BA%97/data=!4m7!3m6!1s0x3442a9666e9f721d:0x8aefbd57ef6d5d45!8m2!3d25.0518598!4d121.5273867!16s%2Fg%2F11b7cqtsy0!19sChIJHXKfbmapQjQRRV1t71e974o?authuser=0&hl=zh-TW&rclk=1,0x3442a9666e9f721d:0x8aefbd57ef6d5d45
718,Mick,5,2 個月前,"讚啦

",2022-11-21,https://www.google.com.tw/maps/place/%E7%AF%89%E9%96%93%E5%B9%B8%E7%A6%8F%E9%8D%8B%E7%89%A9+%E5%8F%B0%E5%8C%97%E5%8D%97%E4%BA%AC%E4%B8%80%E5%BA%97/data=!4m7!3m6!1s0x3442a9666e9f721d:0x8aefbd57ef6d5d45!8m2!3d25.0518598!4d121.5273867!16s%2Fg%2F11b7cqtsy0!19sChIJHXKfbmapQjQRRV1t71e974o?authuser=0&hl=zh-TW&rclk=1,0x3442a9666e9f721d:0x8aefbd57ef6d5d45
719,Barnett_,5,2 個月前,"️ ️ ️

",2022-11-21,https://www.google.com.tw/maps/place/%E7%AF%89%E9%96%93%E5%B9%B8%E7%A6%8F%E9%8D%8B%E7%89%A9+%E5%8F%B0%E5%8C%97%E5%8D%97%E4%BA%AC%E4%B8%80%E5%BA%97/data=!4m7!3m6!1s0x3442a9666e9f721d:0x8aefbd57ef6d5d45!8m2!3d25.0518598!4d121.5273867!16s%2Fg%2F11b7cqtsy0!19sChIJHXKfbmapQjQRRV1t71e974o?authuser=0&hl=zh-TW&rclk=1,0x3442a9666e9f721d:0x8aefbd57ef6d5d45
720,Julia Peng,5,2 個月前,"來好幾次了！湯底超級讚！環境很整潔氣氛很好！讚

",2022-11-21,https://www.google.com.tw/maps/place/%E7%AF%89%E9%96%93%E5%B9%B8%E7%A6%8F%E9%8D%8B%E7%89%A9+%E5%8F%B0%E5%8C%97%E5%8D%97%E4%BA%AC%E4%B8%80%E5%BA%97/data=!4m7!3m6!1s0x3442a9666e9f721d:0x8aefbd57ef6d5d45!8m2!3d25.0518598!4d121.5273867!16s%2Fg%2F11b7cqtsy0!19sChIJHXKfbmapQjQRRV1t71e974o?authuser=0&hl=zh-TW&rclk=1,0x3442a9666e9f721d:0x8aefbd57ef6d5d45
721,蕭姿維,5,2 個月前,"好吃～ 食材新鮮。

",2022-11-21,https://www.google.com.tw/maps/place/%E7%AF%89%E9%96%93%E5%B9%B8%E7%A6%8F%E9%8D%8B%E7%89%A9+%E5%8F%B0%E5%8C%97%E5%8D%97%E4%BA%AC%E4%B8%80%E5%BA%97/data=!4m7!3m6!1s0x3442a9666e9f721d:0x8aefbd57ef6d5d45!8m2!3d25.0518598!4d121.5273867!16s%2Fg%2F11b7cqtsy0!19sChIJHXKfbmapQjQRRV1t71e974o?authuser=0&hl=zh-TW&rclk=1,0x3442a9666e9f721d:0x8aefbd57ef6d5d45
722,SL Lu,5,2 個月前,"讚啦

",2022-11-21,https://www.google.com.tw/maps/place/%E7%AF%89%E9%96%93%E5%B9%B8%E7%A6%8F%E9%8D%8B%E7%89%A9+%E5%8F%B0%E5%8C%97%E5%8D%97%E4%BA%AC%E4%B8%80%E5%BA%97/data=!4m7!3m6!1s0x3442a9666e9f721d:0x8aefbd57ef6d5d45!8m2!3d25.0518598!4d121.5273867!16s%2Fg%2F11b7cqtsy0!19sChIJHXKfbmapQjQRRV1t71e974o?authuser=0&hl=zh-TW&rclk=1,0x3442a9666e9f721d:0x8aefbd57ef6d5d45
723,Long kuan Chen,5,2 個月前,"很棒好吃

",2022-11-21,https://www.google.com.tw/maps/place/%E7%AF%89%E9%96%93%E5%B9%B8%E7%A6%8F%E9%8D%8B%E7%89%A9+%E5%8F%B0%E5%8C%97%E5%8D%97%E4%BA%AC%E4%B8%80%E5%BA%97/data=!4m7!3m6!1s0x3442a9666e9f721d:0x8aefbd57ef6d5d45!8m2!3d25.0518598!4d121.5273867!16s%2Fg%2F11b7cqtsy0!19sChIJHXKfbmapQjQRRV1t71e974o?authuser=0&hl=zh-TW&rclk=1,0x3442a9666e9f721d:0x8aefbd57ef6d5d45
724,王子豪,5,2 個月前,,2022-11-21,https://www.google.com.tw/maps/place/%E7%AF%89%E9%96%93%E5%B9%B8%E7%A6%8F%E9%8D%8B%E7%89%A9+%E5%8F%B0%E5%8C%97%E5%8D%97%E4%BA%AC%E4%B8%80%E5%BA%97/data=!4m7!3m6!1s0x3442a9666e9f721d:0x8aefbd57ef6d5d45!8m2!3d25.0518598!4d121.5273867!16s%2Fg%2F11b7cqtsy0!19sChIJHXKfbmapQjQRRV1t71e974o?authuser=0&hl=zh-TW&rclk=1,0x3442a9666e9f721d:0x8aefbd57ef6d5d45
725,show hank,1,2 個月前,"永遠打不進去的電話，永遠沒人接的電話。真心懷疑「電話」只是一種擺設！

",2022-11-21,https://www.google.com.tw/maps/place/%E7%AF%89%E9%96%93%E5%B9%B8%E7%A6%8F%E9%8D%8B%E7%89%A9+%E5%8F%B0%E5%8C%97%E5%8D%97%E4%BA%AC%E4%B8%80%E5%BA%97/data=!4m7!3m6!1s0x3442a9666e9f721d:0x8aefbd57ef6d5d45!8m2!3d25.0518598!4d121.5273867!16s%2Fg%2F11b7cqtsy0!19sChIJHXKfbmapQjQRRV1t71e974o?authuser=0&hl=zh-TW&rclk=1,0x3442a9666e9f721d:0x8aefbd57ef6d5d45
726,Quynh Nguyen,5,2 個月前,,2022-11-21,https://www.google.com.tw/maps/place/%E7%AF%89%E9%96%93%E5%B9%B8%E7%A6%8F%E9%8D%8B%E7%89%A9+%E5%8F%B0%E5%8C%97%E5%8D%97%E4%BA%AC%E4%B8%80%E5%BA%97/data=!4m7!3m6!1s0x3442a9666e9f721d:0x8aefbd57ef6d5d45!8m2!3d25.0518598!4d121.5273867!16s%2Fg%2F11b7cqtsy0!19sChIJHXKfbmapQjQRRV1t71e974o?authuser=0&hl=zh-TW&rclk=1,0x3442a9666e9f721d:0x8aefbd57ef6d5d45
727,邱怡嘉,5,2 個月前,"超好吃，料多實在美味，打卡送肉肉！

",2022-11-21,https://www.google.com.tw/maps/place/%E7%AF%89%E9%96%93%E5%B9%B8%E7%A6%8F%E9%8D%8B%E7%89%A9+%E5%8F%B0%E5%8C%97%E5%8D%97%E4%BA%AC%E4%B8%80%E5%BA%97/data=!4m7!3m6!1s0x3442a9666e9f721d:0x8aefbd57ef6d5d45!8m2!3d25.0518598!4d121.5273867!16s%2Fg%2F11b7cqtsy0!19sChIJHXKfbmapQjQRRV1t71e974o?authuser=0&hl=zh-TW&rclk=1,0x3442a9666e9f721d:0x8aefbd57ef6d5d45
728,Juliana C,5,2 個月前,"打卡增肉（雪花牛）  
  
牛小排還不錯

",2022-11-21,https://www.google.com.tw/maps/place/%E7%AF%89%E9%96%93%E5%B9%B8%E7%A6%8F%E9%8D%8B%E7%89%A9+%E5%8F%B0%E5%8C%97%E5%8D%97%E4%BA%AC%E4%B8%80%E5%BA%97/data=!4m7!3m6!1s0x3442a9666e9f721d:0x8aefbd57ef6d5d45!8m2!3d25.0518598!4d121.5273867!16s%2Fg%2F11b7cqtsy0!19sChIJHXKfbmapQjQRRV1t71e974o?authuser=0&hl=zh-TW&rclk=1,0x3442a9666e9f721d:0x8aefbd57ef6d5d45
729,劉盈佑,5,2 個月前,"好吃

",2022-11-21,https://www.google.com.tw/maps/place/%E7%AF%89%E9%96%93%E5%B9%B8%E7%A6%8F%E9%8D%8B%E7%89%A9+%E5%8F%B0%E5%8C%97%E5%8D%97%E4%BA%AC%E4%B8%80%E5%BA%97/data=!4m7!3m6!1s0x3442a9666e9f721d:0x8aefbd57ef6d5d45!8m2!3d25.0518598!4d121.5273867!16s%2Fg%2F11b7cqtsy0!19sChIJHXKfbmapQjQRRV1t71e974o?authuser=0&hl=zh-TW&rclk=1,0x3442a9666e9f721d:0x8aefbd57ef6d5d45
730,marko wudi,5,2 個月前,,2022-11-21,https://www.google.com.tw/maps/place/%E7%AF%89%E9%96%93%E5%B9%B8%E7%A6%8F%E9%8D%8B%E7%89%A9+%E5%8F%B0%E5%8C%97%E5%8D%97%E4%BA%AC%E4%B8%80%E5%BA%97/data=!4m7!3m6!1s0x3442a9666e9f721d:0x8aefbd57ef6d5d45!8m2!3d25.0518598!4d121.5273867!16s%2Fg%2F11b7cqtsy0!19sChIJHXKfbmapQjQRRV1t71e974o?authuser=0&hl=zh-TW&rclk=1,0x3442a9666e9f721d:0x8aefbd57ef6d5d45
731,How How,5,2 個月前,,2022-11-21,https://www.google.com.tw/maps/place/%E7%AF%89%E9%96%93%E5%B9%B8%E7%A6%8F%E9%8D%8B%E7%89%A9+%E5%8F%B0%E5%8C%97%E5%8D%97%E4%BA%AC%E4%B8%80%E5%BA%97/data=!4m7!3m6!1s0x3442a9666e9f721d:0x8aefbd57ef6d5d45!8m2!3d25.0518598!4d121.5273867!16s%2Fg%2F11b7cqtsy0!19sChIJHXKfbmapQjQRRV1t71e974o?authuser=0&hl=zh-TW&rclk=1,0x3442a9666e9f721d:0x8aefbd57ef6d5d45
732,Angie Lin,5,2 個月前,"零錢換肉肉 第一吃來吃 好香

",2022-11-21,https://www.google.com.tw/maps/place/%E7%AF%89%E9%96%93%E5%B9%B8%E7%A6%8F%E9%8D%8B%E7%89%A9+%E5%8F%B0%E5%8C%97%E5%8D%97%E4%BA%AC%E4%B8%80%E5%BA%97/data=!4m7!3m6!1s0x3442a9666e9f721d:0x8aefbd57ef6d5d45!8m2!3d25.0518598!4d121.5273867!16s%2Fg%2F11b7cqtsy0!19sChIJHXKfbmapQjQRRV1t71e974o?authuser=0&hl=zh-TW&rclk=1,0x3442a9666e9f721d:0x8aefbd57ef6d5d45
733,洪珮慈,5,2 個月前,,2022-11-21,https://www.google.com.tw/maps/place/%E7%AF%89%E9%96%93%E5%B9%B8%E7%A6%8F%E9%8D%8B%E7%89%A9+%E5%8F%B0%E5%8C%97%E5%8D%97%E4%BA%AC%E4%B8%80%E5%BA%97/data=!4m7!3m6!1s0x3442a9666e9f721d:0x8aefbd57ef6d5d45!8m2!3d25.0518598!4d121.5273867!16s%2Fg%2F11b7cqtsy0!19sChIJHXKfbmapQjQRRV1t71e974o?authuser=0&hl=zh-TW&rclk=1,0x3442a9666e9f721d:0x8aefbd57ef6d5d45
734,Goossander,5,2 個月前,"好吃 食材新鮮！

",2022-11-21,https://www.google.com.tw/maps/place/%E7%AF%89%E9%96%93%E5%B9%B8%E7%A6%8F%E9%8D%8B%E7%89%A9+%E5%8F%B0%E5%8C%97%E5%8D%97%E4%BA%AC%E4%B8%80%E5%BA%97/data=!4m7!3m6!1s0x3442a9666e9f721d:0x8aefbd57ef6d5d45!8m2!3d25.0518598!4d121.5273867!16s%2Fg%2F11b7cqtsy0!19sChIJHXKfbmapQjQRRV1t71e974o?authuser=0&hl=zh-TW&rclk=1,0x3442a9666e9f721d:0x8aefbd57ef6d5d45
735,chiuひかる,5,2 個月前,"兩顆星給店家，三顆星給辛苦的店員!  
當天下午只有一位外場員工，要帶位要點餐又要送餐加湯結帳，還是很有耐心跟保持笑容~真的辛苦了

",2022-11-21,https://www.google.com.tw/maps/place/%E7%AF%89%E9%96%93%E5%B9%B8%E7%A6%8F%E9%8D%8B%E7%89%A9+%E5%8F%B0%E5%8C%97%E5%8D%97%E4%BA%AC%E4%B8%80%E5%BA%97/data=!4m7!3m6!1s0x3442a9666e9f721d:0x8aefbd57ef6d5d45!8m2!3d25.0518598!4d121.5273867!16s%2Fg%2F11b7cqtsy0!19sChIJHXKfbmapQjQRRV1t71e974o?authuser=0&hl=zh-TW&rclk=1,0x3442a9666e9f721d:0x8aefbd57ef6d5d45
736,Chang “Brosliz5” CliffordSilver,5,2 個月前,"空間很棒，冷氣夠冷，衛生

",2022-11-21,https://www.google.com.tw/maps/place/%E7%AF%89%E9%96%93%E5%B9%B8%E7%A6%8F%E9%8D%8B%E7%89%A9+%E5%8F%B0%E5%8C%97%E5%8D%97%E4%BA%AC%E4%B8%80%E5%BA%97/data=!4m7!3m6!1s0x3442a9666e9f721d:0x8aefbd57ef6d5d45!8m2!3d25.0518598!4d121.5273867!16s%2Fg%2F11b7cqtsy0!19sChIJHXKfbmapQjQRRV1t71e974o?authuser=0&hl=zh-TW&rclk=1,0x3442a9666e9f721d:0x8aefbd57ef6d5d45
737,Chase F.,5,2 個月前,"滿足的鍋物  
  
無限暢飲飲料吧+好吃的肉  
  
服務讚讚讚

",2022-11-21,https://www.google.com.tw/maps/place/%E7%AF%89%E9%96%93%E5%B9%B8%E7%A6%8F%E9%8D%8B%E7%89%A9+%E5%8F%B0%E5%8C%97%E5%8D%97%E4%BA%AC%E4%B8%80%E5%BA%97/data=!4m7!3m6!1s0x3442a9666e9f721d:0x8aefbd57ef6d5d45!8m2!3d25.0518598!4d121.5273867!16s%2Fg%2F11b7cqtsy0!19sChIJHXKfbmapQjQRRV1t71e974o?authuser=0&hl=zh-TW&rclk=1,0x3442a9666e9f721d:0x8aefbd57ef6d5d45
738,林慶源,5,2 個月前,"打卡烏骨雞69元

",2022-11-21,https://www.google.com.tw/maps/place/%E7%AF%89%E9%96%93%E5%B9%B8%E7%A6%8F%E9%8D%8B%E7%89%A9+%E5%8F%B0%E5%8C%97%E5%8D%97%E4%BA%AC%E4%B8%80%E5%BA%97/data=!4m7!3m6!1s0x3442a9666e9f721d:0x8aefbd57ef6d5d45!8m2!3d25.0518598!4d121.5273867!16s%2Fg%2F11b7cqtsy0!19sChIJHXKfbmapQjQRRV1t71e974o?authuser=0&hl=zh-TW&rclk=1,0x3442a9666e9f721d:0x8aefbd57ef6d5d45
739,雅珊黃,5,2 個月前,"非常好吃

",2022-11-21,https://www.google.com.tw/maps/place/%E7%AF%89%E9%96%93%E5%B9%B8%E7%A6%8F%E9%8D%8B%E7%89%A9+%E5%8F%B0%E5%8C%97%E5%8D%97%E4%BA%AC%E4%B8%80%E5%BA%97/data=!4m7!3m6!1s0x3442a9666e9f721d:0x8aefbd57ef6d5d45!8m2!3d25.0518598!4d121.5273867!16s%2Fg%2F11b7cqtsy0!19sChIJHXKfbmapQjQRRV1t71e974o?authuser=0&hl=zh-TW&rclk=1,0x3442a9666e9f721d:0x8aefbd57ef6d5d45
740,Peiyan,5,2 個月前,"很棒！！！值得再訪

",2022-11-21,https://www.google.com.tw/maps/place/%E7%AF%89%E9%96%93%E5%B9%B8%E7%A6%8F%E9%8D%8B%E7%89%A9+%E5%8F%B0%E5%8C%97%E5%8D%97%E4%BA%AC%E4%B8%80%E5%BA%97/data=!4m7!3m6!1s0x3442a9666e9f721d:0x8aefbd57ef6d5d45!8m2!3d25.0518598!4d121.5273867!16s%2Fg%2F11b7cqtsy0!19sChIJHXKfbmapQjQRRV1t71e974o?authuser=0&hl=zh-TW&rclk=1,0x3442a9666e9f721d:0x8aefbd57ef6d5d45
741,邱建豪,5,2 個月前,,2022-11-21,https://www.google.com.tw/maps/place/%E7%AF%89%E9%96%93%E5%B9%B8%E7%A6%8F%E9%8D%8B%E7%89%A9+%E5%8F%B0%E5%8C%97%E5%8D%97%E4%BA%AC%E4%B8%80%E5%BA%97/data=!4m7!3m6!1s0x3442a9666e9f721d:0x8aefbd57ef6d5d45!8m2!3d25.0518598!4d121.5273867!16s%2Fg%2F11b7cqtsy0!19sChIJHXKfbmapQjQRRV1t71e974o?authuser=0&hl=zh-TW&rclk=1,0x3442a9666e9f721d:0x8aefbd57ef6d5d45
742,乃乃,5,2 個月前,"讚讚好吃

",2022-11-21,https://www.google.com.tw/maps/place/%E7%AF%89%E9%96%93%E5%B9%B8%E7%A6%8F%E9%8D%8B%E7%89%A9+%E5%8F%B0%E5%8C%97%E5%8D%97%E4%BA%AC%E4%B8%80%E5%BA%97/data=!4m7!3m6!1s0x3442a9666e9f721d:0x8aefbd57ef6d5d45!8m2!3d25.0518598!4d121.5273867!16s%2Fg%2F11b7cqtsy0!19sChIJHXKfbmapQjQRRV1t71e974o?authuser=0&hl=zh-TW&rclk=1,0x3442a9666e9f721d:0x8aefbd57ef6d5d45
743,劉蕙蓉,5,2 個月前,"優

",2022-11-21,https://www.google.com.tw/maps/place/%E7%AF%89%E9%96%93%E5%B9%B8%E7%A6%8F%E9%8D%8B%E7%89%A9+%E5%8F%B0%E5%8C%97%E5%8D%97%E4%BA%AC%E4%B8%80%E5%BA%97/data=!4m7!3m6!1s0x3442a9666e9f721d:0x8aefbd57ef6d5d45!8m2!3d25.0518598!4d121.5273867!16s%2Fg%2F11b7cqtsy0!19sChIJHXKfbmapQjQRRV1t71e974o?authuser=0&hl=zh-TW&rclk=1,0x3442a9666e9f721d:0x8aefbd57ef6d5d45
744,張詩敏,5,2 個月前,,2022-11-21,https://www.google.com.tw/maps/place/%E7%AF%89%E9%96%93%E5%B9%B8%E7%A6%8F%E9%8D%8B%E7%89%A9+%E5%8F%B0%E5%8C%97%E5%8D%97%E4%BA%AC%E4%B8%80%E5%BA%97/data=!4m7!3m6!1s0x3442a9666e9f721d:0x8aefbd57ef6d5d45!8m2!3d25.0518598!4d121.5273867!16s%2Fg%2F11b7cqtsy0!19sChIJHXKfbmapQjQRRV1t71e974o?authuser=0&hl=zh-TW&rclk=1,0x3442a9666e9f721d:0x8aefbd57ef6d5d45
745,Ling Lee,5,2 個月前,,2022-11-21,https://www.google.com.tw/maps/place/%E7%AF%89%E9%96%93%E5%B9%B8%E7%A6%8F%E9%8D%8B%E7%89%A9+%E5%8F%B0%E5%8C%97%E5%8D%97%E4%BA%AC%E4%B8%80%E5%BA%97/data=!4m7!3m6!1s0x3442a9666e9f721d:0x8aefbd57ef6d5d45!8m2!3d25.0518598!4d121.5273867!16s%2Fg%2F11b7cqtsy0!19sChIJHXKfbmapQjQRRV1t71e974o?authuser=0&hl=zh-TW&rclk=1,0x3442a9666e9f721d:0x8aefbd57ef6d5d45
746,Doreen Huang (GSHOP),5,2 個月前,"服務超讚

",2022-11-21,https://www.google.com.tw/maps/place/%E7%AF%89%E9%96%93%E5%B9%B8%E7%A6%8F%E9%8D%8B%E7%89%A9+%E5%8F%B0%E5%8C%97%E5%8D%97%E4%BA%AC%E4%B8%80%E5%BA%97/data=!4m7!3m6!1s0x3442a9666e9f721d:0x8aefbd57ef6d5d45!8m2!3d25.0518598!4d121.5273867!16s%2Fg%2F11b7cqtsy0!19sChIJHXKfbmapQjQRRV1t71e974o?authuser=0&hl=zh-TW&rclk=1,0x3442a9666e9f721d:0x8aefbd57ef6d5d45
747,weicheng0609,5,2 個月前,"好吃

",2022-11-21,https://www.google.com.tw/maps/place/%E7%AF%89%E9%96%93%E5%B9%B8%E7%A6%8F%E9%8D%8B%E7%89%A9+%E5%8F%B0%E5%8C%97%E5%8D%97%E4%BA%AC%E4%B8%80%E5%BA%97/data=!4m7!3m6!1s0x3442a9666e9f721d:0x8aefbd57ef6d5d45!8m2!3d25.0518598!4d121.5273867!16s%2Fg%2F11b7cqtsy0!19sChIJHXKfbmapQjQRRV1t71e974o?authuser=0&hl=zh-TW&rclk=1,0x3442a9666e9f721d:0x8aefbd57ef6d5d45
748,林佩芬,5,2 個月前,,2022-11-21,https://www.google.com.tw/maps/place/%E7%AF%89%E9%96%93%E5%B9%B8%E7%A6%8F%E9%8D%8B%E7%89%A9+%E5%8F%B0%E5%8C%97%E5%8D%97%E4%BA%AC%E4%B8%80%E5%BA%97/data=!4m7!3m6!1s0x3442a9666e9f721d:0x8aefbd57ef6d5d45!8m2!3d25.0518598!4d121.5273867!16s%2Fg%2F11b7cqtsy0!19sChIJHXKfbmapQjQRRV1t71e974o?authuser=0&hl=zh-TW&rclk=1,0x3442a9666e9f721d:0x8aefbd57ef6d5d45
749,奕辰林,5,2 個月前,"打卡肉加大

",2022-11-21,https://www.google.com.tw/maps/place/%E7%AF%89%E9%96%93%E5%B9%B8%E7%A6%8F%E9%8D%8B%E7%89%A9+%E5%8F%B0%E5%8C%97%E5%8D%97%E4%BA%AC%E4%B8%80%E5%BA%97/data=!4m7!3m6!1s0x3442a9666e9f721d:0x8aefbd57ef6d5d45!8m2!3d25.0518598!4d121.5273867!16s%2Fg%2F11b7cqtsy0!19sChIJHXKfbmapQjQRRV1t71e974o?authuser=0&hl=zh-TW&rclk=1,0x3442a9666e9f721d:0x8aefbd57ef6d5d45
750,許致容,5,2 個月前,"好吃！可惜青花椒口味不見了

",2022-11-21,https://www.google.com.tw/maps/place/%E7%AF%89%E9%96%93%E5%B9%B8%E7%A6%8F%E9%8D%8B%E7%89%A9+%E5%8F%B0%E5%8C%97%E5%8D%97%E4%BA%AC%E4%B8%80%E5%BA%97/data=!4m7!3m6!1s0x3442a9666e9f721d:0x8aefbd57ef6d5d45!8m2!3d25.0518598!4d121.5273867!16s%2Fg%2F11b7cqtsy0!19sChIJHXKfbmapQjQRRV1t71e974o?authuser=0&hl=zh-TW&rclk=1,0x3442a9666e9f721d:0x8aefbd57ef6d5d45
751,王建勳,5,2 個月前,,2022-11-21,https://www.google.com.tw/maps/place/%E7%AF%89%E9%96%93%E5%B9%B8%E7%A6%8F%E9%8D%8B%E7%89%A9+%E5%8F%B0%E5%8C%97%E5%8D%97%E4%BA%AC%E4%B8%80%E5%BA%97/data=!4m7!3m6!1s0x3442a9666e9f721d:0x8aefbd57ef6d5d45!8m2!3d25.0518598!4d121.5273867!16s%2Fg%2F11b7cqtsy0!19sChIJHXKfbmapQjQRRV1t71e974o?authuser=0&hl=zh-TW&rclk=1,0x3442a9666e9f721d:0x8aefbd57ef6d5d45
752,王俊皓,5,2 個月前,"夏天吃火鍋 越吃人越多

",2022-11-21,https://www.google.com.tw/maps/place/%E7%AF%89%E9%96%93%E5%B9%B8%E7%A6%8F%E9%8D%8B%E7%89%A9+%E5%8F%B0%E5%8C%97%E5%8D%97%E4%BA%AC%E4%B8%80%E5%BA%97/data=!4m7!3m6!1s0x3442a9666e9f721d:0x8aefbd57ef6d5d45!8m2!3d25.0518598!4d121.5273867!16s%2Fg%2F11b7cqtsy0!19sChIJHXKfbmapQjQRRV1t71e974o?authuser=0&hl=zh-TW&rclk=1,0x3442a9666e9f721d:0x8aefbd57ef6d5d45
753,連銘銘,5,2 個月前,,2022-11-21,https://www.google.com.tw/maps/place/%E7%AF%89%E9%96%93%E5%B9%B8%E7%A6%8F%E9%8D%8B%E7%89%A9+%E5%8F%B0%E5%8C%97%E5%8D%97%E4%BA%AC%E4%B8%80%E5%BA%97/data=!4m7!3m6!1s0x3442a9666e9f721d:0x8aefbd57ef6d5d45!8m2!3d25.0518598!4d121.5273867!16s%2Fg%2F11b7cqtsy0!19sChIJHXKfbmapQjQRRV1t71e974o?authuser=0&hl=zh-TW&rclk=1,0x3442a9666e9f721d:0x8aefbd57ef6d5d45
754,陳品妤,5,2 個月前,,2022-11-21,https://www.google.com.tw/maps/place/%E7%AF%89%E9%96%93%E5%B9%B8%E7%A6%8F%E9%8D%8B%E7%89%A9+%E5%8F%B0%E5%8C%97%E5%8D%97%E4%BA%AC%E4%B8%80%E5%BA%97/data=!4m7!3m6!1s0x3442a9666e9f721d:0x8aefbd57ef6d5d45!8m2!3d25.0518598!4d121.5273867!16s%2Fg%2F11b7cqtsy0!19sChIJHXKfbmapQjQRRV1t71e974o?authuser=0&hl=zh-TW&rclk=1,0x3442a9666e9f721d:0x8aefbd57ef6d5d45
755,林羽,5,2 個月前,,2022-11-21,https://www.google.com.tw/maps/place/%E7%AF%89%E9%96%93%E5%B9%B8%E7%A6%8F%E9%8D%8B%E7%89%A9+%E5%8F%B0%E5%8C%97%E5%8D%97%E4%BA%AC%E4%B8%80%E5%BA%97/data=!4m7!3m6!1s0x3442a9666e9f721d:0x8aefbd57ef6d5d45!8m2!3d25.0518598!4d121.5273867!16s%2Fg%2F11b7cqtsy0!19sChIJHXKfbmapQjQRRV1t71e974o?authuser=0&hl=zh-TW&rclk=1,0x3442a9666e9f721d:0x8aefbd57ef6d5d45
756,Eric,5,2 個月前,"打卡送肉肉

",2022-11-21,https://www.google.com.tw/maps/place/%E7%AF%89%E9%96%93%E5%B9%B8%E7%A6%8F%E9%8D%8B%E7%89%A9+%E5%8F%B0%E5%8C%97%E5%8D%97%E4%BA%AC%E4%B8%80%E5%BA%97/data=!4m7!3m6!1s0x3442a9666e9f721d:0x8aefbd57ef6d5d45!8m2!3d25.0518598!4d121.5273867!16s%2Fg%2F11b7cqtsy0!19sChIJHXKfbmapQjQRRV1t71e974o?authuser=0&hl=zh-TW&rclk=1,0x3442a9666e9f721d:0x8aefbd57ef6d5d45
757,vy I,5,2 個月前,"好吃

",2022-11-21,https://www.google.com.tw/maps/place/%E7%AF%89%E9%96%93%E5%B9%B8%E7%A6%8F%E9%8D%8B%E7%89%A9+%E5%8F%B0%E5%8C%97%E5%8D%97%E4%BA%AC%E4%B8%80%E5%BA%97/data=!4m7!3m6!1s0x3442a9666e9f721d:0x8aefbd57ef6d5d45!8m2!3d25.0518598!4d121.5273867!16s%2Fg%2F11b7cqtsy0!19sChIJHXKfbmapQjQRRV1t71e974o?authuser=0&hl=zh-TW&rclk=1,0x3442a9666e9f721d:0x8aefbd57ef6d5d45
758,Jeffrey Fang (F_Jeffrey),5,2 個月前,,2022-11-21,https://www.google.com.tw/maps/place/%E7%AF%89%E9%96%93%E5%B9%B8%E7%A6%8F%E9%8D%8B%E7%89%A9+%E5%8F%B0%E5%8C%97%E5%8D%97%E4%BA%AC%E4%B8%80%E5%BA%97/data=!4m7!3m6!1s0x3442a9666e9f721d:0x8aefbd57ef6d5d45!8m2!3d25.0518598!4d121.5273867!16s%2Fg%2F11b7cqtsy0!19sChIJHXKfbmapQjQRRV1t71e974o?authuser=0&hl=zh-TW&rclk=1,0x3442a9666e9f721d:0x8aefbd57ef6d5d45
759,逍遙（逍遙）,5,2 個月前,,2022-11-21,https://www.google.com.tw/maps/place/%E7%AF%89%E9%96%93%E5%B9%B8%E7%A6%8F%E9%8D%8B%E7%89%A9+%E5%8F%B0%E5%8C%97%E5%8D%97%E4%BA%AC%E4%B8%80%E5%BA%97/data=!4m7!3m6!1s0x3442a9666e9f721d:0x8aefbd57ef6d5d45!8m2!3d25.0518598!4d121.5273867!16s%2Fg%2F11b7cqtsy0!19sChIJHXKfbmapQjQRRV1t71e974o?authuser=0&hl=zh-TW&rclk=1,0x3442a9666e9f721d:0x8aefbd57ef6d5d45
760,Selena Lu,5,2 個月前,"美味好吃

",2022-11-21,https://www.google.com.tw/maps/place/%E7%AF%89%E9%96%93%E5%B9%B8%E7%A6%8F%E9%8D%8B%E7%89%A9+%E5%8F%B0%E5%8C%97%E5%8D%97%E4%BA%AC%E4%B8%80%E5%BA%97/data=!4m7!3m6!1s0x3442a9666e9f721d:0x8aefbd57ef6d5d45!8m2!3d25.0518598!4d121.5273867!16s%2Fg%2F11b7cqtsy0!19sChIJHXKfbmapQjQRRV1t71e974o?authuser=0&hl=zh-TW&rclk=1,0x3442a9666e9f721d:0x8aefbd57ef6d5d45
761,Nova K.,5,2 個月前,"服務佳 cp值不錯

",2022-11-21,https://www.google.com.tw/maps/place/%E7%AF%89%E9%96%93%E5%B9%B8%E7%A6%8F%E9%8D%8B%E7%89%A9+%E5%8F%B0%E5%8C%97%E5%8D%97%E4%BA%AC%E4%B8%80%E5%BA%97/data=!4m7!3m6!1s0x3442a9666e9f721d:0x8aefbd57ef6d5d45!8m2!3d25.0518598!4d121.5273867!16s%2Fg%2F11b7cqtsy0!19sChIJHXKfbmapQjQRRV1t71e974o?authuser=0&hl=zh-TW&rclk=1,0x3442a9666e9f721d:0x8aefbd57ef6d5d45
762,Shawn Yang,5,2 個月前,"好吃

",2022-11-21,https://www.google.com.tw/maps/place/%E7%AF%89%E9%96%93%E5%B9%B8%E7%A6%8F%E9%8D%8B%E7%89%A9+%E5%8F%B0%E5%8C%97%E5%8D%97%E4%BA%AC%E4%B8%80%E5%BA%97/data=!4m7!3m6!1s0x3442a9666e9f721d:0x8aefbd57ef6d5d45!8m2!3d25.0518598!4d121.5273867!16s%2Fg%2F11b7cqtsy0!19sChIJHXKfbmapQjQRRV1t71e974o?authuser=0&hl=zh-TW&rclk=1,0x3442a9666e9f721d:0x8aefbd57ef6d5d45
763,李瑋芳,5,2 個月前,"好友聚餐首選，肉肉升級！！！

",2022-11-21,https://www.google.com.tw/maps/place/%E7%AF%89%E9%96%93%E5%B9%B8%E7%A6%8F%E9%8D%8B%E7%89%A9+%E5%8F%B0%E5%8C%97%E5%8D%97%E4%BA%AC%E4%B8%80%E5%BA%97/data=!4m7!3m6!1s0x3442a9666e9f721d:0x8aefbd57ef6d5d45!8m2!3d25.0518598!4d121.5273867!16s%2Fg%2F11b7cqtsy0!19sChIJHXKfbmapQjQRRV1t71e974o?authuser=0&hl=zh-TW&rclk=1,0x3442a9666e9f721d:0x8aefbd57ef6d5d45
764,Amber Chou,5,2 個月前,,2022-11-21,https://www.google.com.tw/maps/place/%E7%AF%89%E9%96%93%E5%B9%B8%E7%A6%8F%E9%8D%8B%E7%89%A9+%E5%8F%B0%E5%8C%97%E5%8D%97%E4%BA%AC%E4%B8%80%E5%BA%97/data=!4m7!3m6!1s0x3442a9666e9f721d:0x8aefbd57ef6d5d45!8m2!3d25.0518598!4d121.5273867!16s%2Fg%2F11b7cqtsy0!19sChIJHXKfbmapQjQRRV1t71e974o?authuser=0&hl=zh-TW&rclk=1,0x3442a9666e9f721d:0x8aefbd57ef6d5d45
765,李昇峰（ShengFeng）,5,2 個月前,"超讚 打卡升級唷！

",2022-11-21,https://www.google.com.tw/maps/place/%E7%AF%89%E9%96%93%E5%B9%B8%E7%A6%8F%E9%8D%8B%E7%89%A9+%E5%8F%B0%E5%8C%97%E5%8D%97%E4%BA%AC%E4%B8%80%E5%BA%97/data=!4m7!3m6!1s0x3442a9666e9f721d:0x8aefbd57ef6d5d45!8m2!3d25.0518598!4d121.5273867!16s%2Fg%2F11b7cqtsy0!19sChIJHXKfbmapQjQRRV1t71e974o?authuser=0&hl=zh-TW&rclk=1,0x3442a9666e9f721d:0x8aefbd57ef6d5d45
766,徐偉倫,5,2 個月前,"一百分

",2022-11-21,https://www.google.com.tw/maps/place/%E7%AF%89%E9%96%93%E5%B9%B8%E7%A6%8F%E9%8D%8B%E7%89%A9+%E5%8F%B0%E5%8C%97%E5%8D%97%E4%BA%AC%E4%B8%80%E5%BA%97/data=!4m7!3m6!1s0x3442a9666e9f721d:0x8aefbd57ef6d5d45!8m2!3d25.0518598!4d121.5273867!16s%2Fg%2F11b7cqtsy0!19sChIJHXKfbmapQjQRRV1t71e974o?authuser=0&hl=zh-TW&rclk=1,0x3442a9666e9f721d:0x8aefbd57ef6d5d45
767,凱晰,5,2 個月前,"服務很好

",2022-11-21,https://www.google.com.tw/maps/place/%E7%AF%89%E9%96%93%E5%B9%B8%E7%A6%8F%E9%8D%8B%E7%89%A9+%E5%8F%B0%E5%8C%97%E5%8D%97%E4%BA%AC%E4%B8%80%E5%BA%97/data=!4m7!3m6!1s0x3442a9666e9f721d:0x8aefbd57ef6d5d45!8m2!3d25.0518598!4d121.5273867!16s%2Fg%2F11b7cqtsy0!19sChIJHXKfbmapQjQRRV1t71e974o?authuser=0&hl=zh-TW&rclk=1,0x3442a9666e9f721d:0x8aefbd57ef6d5d45
768,廖千慧,5,2 個月前,"很讚！

",2022-11-21,https://www.google.com.tw/maps/place/%E7%AF%89%E9%96%93%E5%B9%B8%E7%A6%8F%E9%8D%8B%E7%89%A9+%E5%8F%B0%E5%8C%97%E5%8D%97%E4%BA%AC%E4%B8%80%E5%BA%97/data=!4m7!3m6!1s0x3442a9666e9f721d:0x8aefbd57ef6d5d45!8m2!3d25.0518598!4d121.5273867!16s%2Fg%2F11b7cqtsy0!19sChIJHXKfbmapQjQRRV1t71e974o?authuser=0&hl=zh-TW&rclk=1,0x3442a9666e9f721d:0x8aefbd57ef6d5d45
769,Bunny Lin,5,2 個月前,"五星評價吃肉肉，服務員很nice

",2022-11-21,https://www.google.com.tw/maps/place/%E7%AF%89%E9%96%93%E5%B9%B8%E7%A6%8F%E9%8D%8B%E7%89%A9+%E5%8F%B0%E5%8C%97%E5%8D%97%E4%BA%AC%E4%B8%80%E5%BA%97/data=!4m7!3m6!1s0x3442a9666e9f721d:0x8aefbd57ef6d5d45!8m2!3d25.0518598!4d121.5273867!16s%2Fg%2F11b7cqtsy0!19sChIJHXKfbmapQjQRRV1t71e974o?authuser=0&hl=zh-TW&rclk=1,0x3442a9666e9f721d:0x8aefbd57ef6d5d45
770,塔綠班節蝦,3,2 個月前,"挺普通，衛生不ok  
腕盤很多都是髒污、手都摸得到，內外都是顆粒  
  
冰淇淋的碗上面也全都是髒污灰塵，我也好奇了，疫情期間，店面又在大馬路旁邊，門也常常開著不關，為何餐具不倒蓋？

",2022-11-21,https://www.google.com.tw/maps/place/%E7%AF%89%E9%96%93%E5%B9%B8%E7%A6%8F%E9%8D%8B%E7%89%A9+%E5%8F%B0%E5%8C%97%E5%8D%97%E4%BA%AC%E4%B8%80%E5%BA%97/data=!4m7!3m6!1s0x3442a9666e9f721d:0x8aefbd57ef6d5d45!8m2!3d25.0518598!4d121.5273867!16s%2Fg%2F11b7cqtsy0!19sChIJHXKfbmapQjQRRV1t71e974o?authuser=0&hl=zh-TW&rclk=1,0x3442a9666e9f721d:0x8aefbd57ef6d5d45
771,Ruby Lin,5,2 個月前,"已回訪N次，食材新鮮、服務親切，只要想吃鍋就會來這裡

",2022-11-21,https://www.google.com.tw/maps/place/%E7%AF%89%E9%96%93%E5%B9%B8%E7%A6%8F%E9%8D%8B%E7%89%A9+%E5%8F%B0%E5%8C%97%E5%8D%97%E4%BA%AC%E4%B8%80%E5%BA%97/data=!4m7!3m6!1s0x3442a9666e9f721d:0x8aefbd57ef6d5d45!8m2!3d25.0518598!4d121.5273867!16s%2Fg%2F11b7cqtsy0!19sChIJHXKfbmapQjQRRV1t71e974o?authuser=0&hl=zh-TW&rclk=1,0x3442a9666e9f721d:0x8aefbd57ef6d5d45
772,葉綠素,5,2 個月前,,2022-11-21,https://www.google.com.tw/maps/place/%E7%AF%89%E9%96%93%E5%B9%B8%E7%A6%8F%E9%8D%8B%E7%89%A9+%E5%8F%B0%E5%8C%97%E5%8D%97%E4%BA%AC%E4%B8%80%E5%BA%97/data=!4m7!3m6!1s0x3442a9666e9f721d:0x8aefbd57ef6d5d45!8m2!3d25.0518598!4d121.5273867!16s%2Fg%2F11b7cqtsy0!19sChIJHXKfbmapQjQRRV1t71e974o?authuser=0&hl=zh-TW&rclk=1,0x3442a9666e9f721d:0x8aefbd57ef6d5d45
773,李小新,5,2 個月前,,2022-11-21,https://www.google.com.tw/maps/place/%E7%AF%89%E9%96%93%E5%B9%B8%E7%A6%8F%E9%8D%8B%E7%89%A9+%E5%8F%B0%E5%8C%97%E5%8D%97%E4%BA%AC%E4%B8%80%E5%BA%97/data=!4m7!3m6!1s0x3442a9666e9f721d:0x8aefbd57ef6d5d45!8m2!3d25.0518598!4d121.5273867!16s%2Fg%2F11b7cqtsy0!19sChIJHXKfbmapQjQRRV1t71e974o?authuser=0&hl=zh-TW&rclk=1,0x3442a9666e9f721d:0x8aefbd57ef6d5d45
774,TeWei Chang,2,2 個月前,"店家米飯煮的太軟爛了，來過好多次，每次都一樣的問題沒有改進，米飯這麼簡單能夠改進的項目都沒改進，更別說其他小地方能夠做的多好，希望店家能夠聽取建議。  
當天的冰淇淋勺的水也超髒，服務人員要多注意換水與清洗。

",2022-11-21,https://www.google.com.tw/maps/place/%E7%AF%89%E9%96%93%E5%B9%B8%E7%A6%8F%E9%8D%8B%E7%89%A9+%E5%8F%B0%E5%8C%97%E5%8D%97%E4%BA%AC%E4%B8%80%E5%BA%97/data=!4m7!3m6!1s0x3442a9666e9f721d:0x8aefbd57ef6d5d45!8m2!3d25.0518598!4d121.5273867!16s%2Fg%2F11b7cqtsy0!19sChIJHXKfbmapQjQRRV1t71e974o?authuser=0&hl=zh-TW&rclk=1,0x3442a9666e9f721d:0x8aefbd57ef6d5d45
775,蘇芳俐,5,2 個月前,,2022-11-21,https://www.google.com.tw/maps/place/%E7%AF%89%E9%96%93%E5%B9%B8%E7%A6%8F%E9%8D%8B%E7%89%A9+%E5%8F%B0%E5%8C%97%E5%8D%97%E4%BA%AC%E4%B8%80%E5%BA%97/data=!4m7!3m6!1s0x3442a9666e9f721d:0x8aefbd57ef6d5d45!8m2!3d25.0518598!4d121.5273867!16s%2Fg%2F11b7cqtsy0!19sChIJHXKfbmapQjQRRV1t71e974o?authuser=0&hl=zh-TW&rclk=1,0x3442a9666e9f721d:0x8aefbd57ef6d5d45
776,Troy Yeh,5,2 個月前,"服務親切，每個星期都想來一次

",2022-11-21,https://www.google.com.tw/maps/place/%E7%AF%89%E9%96%93%E5%B9%B8%E7%A6%8F%E9%8D%8B%E7%89%A9+%E5%8F%B0%E5%8C%97%E5%8D%97%E4%BA%AC%E4%B8%80%E5%BA%97/data=!4m7!3m6!1s0x3442a9666e9f721d:0x8aefbd57ef6d5d45!8m2!3d25.0518598!4d121.5273867!16s%2Fg%2F11b7cqtsy0!19sChIJHXKfbmapQjQRRV1t71e974o?authuser=0&hl=zh-TW&rclk=1,0x3442a9666e9f721d:0x8aefbd57ef6d5d45
777,潘懿倫,5,3 個月前,"半夜宵夜好去處

",2022-11-21,https://www.google.com.tw/maps/place/%E7%AF%89%E9%96%93%E5%B9%B8%E7%A6%8F%E9%8D%8B%E7%89%A9+%E5%8F%B0%E5%8C%97%E5%8D%97%E4%BA%AC%E4%B8%80%E5%BA%97/data=!4m7!3m6!1s0x3442a9666e9f721d:0x8aefbd57ef6d5d45!8m2!3d25.0518598!4d121.5273867!16s%2Fg%2F11b7cqtsy0!19sChIJHXKfbmapQjQRRV1t71e974o?authuser=0&hl=zh-TW&rclk=1,0x3442a9666e9f721d:0x8aefbd57ef6d5d45
778,Melody Chen,5,3 個月前,"昨天與朋友去吃了中餐，整體環境很乾淨、食材很新鮮，服務人員也很有禮貌。推薦

",2022-11-21,https://www.google.com.tw/maps/place/%E7%AF%89%E9%96%93%E5%B9%B8%E7%A6%8F%E9%8D%8B%E7%89%A9+%E5%8F%B0%E5%8C%97%E5%8D%97%E4%BA%AC%E4%B8%80%E5%BA%97/data=!4m7!3m6!1s0x3442a9666e9f721d:0x8aefbd57ef6d5d45!8m2!3d25.0518598!4d121.5273867!16s%2Fg%2F11b7cqtsy0!19sChIJHXKfbmapQjQRRV1t71e974o?authuser=0&hl=zh-TW&rclk=1,0x3442a9666e9f721d:0x8aefbd57ef6d5d45
779,Apple Lin,5,3 個月前,"築間人潮向來絡繹不絕，南京店這家是我認為服務態度最佳的一間，但是最近菜盤明顯減少，而且近期漲價漲太多了！！

",2022-11-21,https://www.google.com.tw/maps/place/%E7%AF%89%E9%96%93%E5%B9%B8%E7%A6%8F%E9%8D%8B%E7%89%A9+%E5%8F%B0%E5%8C%97%E5%8D%97%E4%BA%AC%E4%B8%80%E5%BA%97/data=!4m7!3m6!1s0x3442a9666e9f721d:0x8aefbd57ef6d5d45!8m2!3d25.0518598!4d121.5273867!16s%2Fg%2F11b7cqtsy0!19sChIJHXKfbmapQjQRRV1t71e974o?authuser=0&hl=zh-TW&rclk=1,0x3442a9666e9f721d:0x8aefbd57ef6d5d45
780,陳彥學,3,3 個月前,"一樓是固定菜盤的沒有吃到飽，吃到飽是樓上的二店。  
這間的品質跟其他間店相比有待加強，菜盤內有紅色的異物，米飯吃起來像隔夜飯黏且硬，店員可能太忙了忘記餐點還沒上。  
巧克力牛奶好喝

",2022-11-21,https://www.google.com.tw/maps/place/%E7%AF%89%E9%96%93%E5%B9%B8%E7%A6%8F%E9%8D%8B%E7%89%A9+%E5%8F%B0%E5%8C%97%E5%8D%97%E4%BA%AC%E4%B8%80%E5%BA%97/data=!4m7!3m6!1s0x3442a9666e9f721d:0x8aefbd57ef6d5d45!8m2!3d25.0518598!4d121.5273867!16s%2Fg%2F11b7cqtsy0!19sChIJHXKfbmapQjQRRV1t71e974o?authuser=0&hl=zh-TW&rclk=1,0x3442a9666e9f721d:0x8aefbd57ef6d5d45
781,陳梅櫻,5,3 個月前,,2022-11-21,https://www.google.com.tw/maps/place/%E7%AF%89%E9%96%93%E5%B9%B8%E7%A6%8F%E9%8D%8B%E7%89%A9+%E5%8F%B0%E5%8C%97%E5%8D%97%E4%BA%AC%E4%B8%80%E5%BA%97/data=!4m7!3m6!1s0x3442a9666e9f721d:0x8aefbd57ef6d5d45!8m2!3d25.0518598!4d121.5273867!16s%2Fg%2F11b7cqtsy0!19sChIJHXKfbmapQjQRRV1t71e974o?authuser=0&hl=zh-TW&rclk=1,0x3442a9666e9f721d:0x8aefbd57ef6d5d45
782,杜強生,5,3 個月前,,2022-11-21,https://www.google.com.tw/maps/place/%E7%AF%89%E9%96%93%E5%B9%B8%E7%A6%8F%E9%8D%8B%E7%89%A9+%E5%8F%B0%E5%8C%97%E5%8D%97%E4%BA%AC%E4%B8%80%E5%BA%97/data=!4m7!3m6!1s0x3442a9666e9f721d:0x8aefbd57ef6d5d45!8m2!3d25.0518598!4d121.5273867!16s%2Fg%2F11b7cqtsy0!19sChIJHXKfbmapQjQRRV1t71e974o?authuser=0&hl=zh-TW&rclk=1,0x3442a9666e9f721d:0x8aefbd57ef6d5d45
783,Ting Yu Wu,1,3 個月前,"給一顆星因為第一次吃到菜盤裡頭的菜是壞的然後外場人員不是換新的菜盤而是換我指那個大陸妹，問題裡頭還有高麗菜也是，同時不知道壞掉食物會感染其他青菜嗎？這是基本食物安全措施。
一家連鎖火鍋加盟店居然沒有做到。 這完全是大扣分。

",2022-11-21,https://www.google.com.tw/maps/place/%E7%AF%89%E9%96%93%E5%B9%B8%E7%A6%8F%E9%8D%8B%E7%89%A9+%E5%8F%B0%E5%8C%97%E5%8D%97%E4%BA%AC%E4%B8%80%E5%BA%97/data=!4m7!3m6!1s0x3442a9666e9f721d:0x8aefbd57ef6d5d45!8m2!3d25.0518598!4d121.5273867!16s%2Fg%2F11b7cqtsy0!19sChIJHXKfbmapQjQRRV1t71e974o?authuser=0&hl=zh-TW&rclk=1,0x3442a9666e9f721d:0x8aefbd57ef6d5d45
784,Duffy Chiu,1,3 個月前,"位置很小 大多都用併桌方式用餐  
手提物品較多 還沒有置物箱可以放就只能放桌上跟椅子上 放滿了..就跟食物一起擺..  
  
用餐時間人多移動空間不足..好危險..  
服務人員態度都不錯 食物正常水準  
  
空間的部分真的是美中不足啊啊啊啊啊啊

",2022-11-21,https://www.google.com.tw/maps/place/%E7%AF%89%E9%96%93%E5%B9%B8%E7%A6%8F%E9%8D%8B%E7%89%A9+%E5%8F%B0%E5%8C%97%E5%8D%97%E4%BA%AC%E4%B8%80%E5%BA%97/data=!4m7!3m6!1s0x3442a9666e9f721d:0x8aefbd57ef6d5d45!8m2!3d25.0518598!4d121.5273867!16s%2Fg%2F11b7cqtsy0!19sChIJHXKfbmapQjQRRV1t71e974o?authuser=0&hl=zh-TW&rclk=1,0x3442a9666e9f721d:0x8aefbd57ef6d5d45
785,WeiTing Hsieh,4,3 個月前,,2022-11-21,https://www.google.com.tw/maps/place/%E7%AF%89%E9%96%93%E5%B9%B8%E7%A6%8F%E9%8D%8B%E7%89%A9+%E5%8F%B0%E5%8C%97%E5%8D%97%E4%BA%AC%E4%B8%80%E5%BA%97/data=!4m7!3m6!1s0x3442a9666e9f721d:0x8aefbd57ef6d5d45!8m2!3d25.0518598!4d121.5273867!16s%2Fg%2F11b7cqtsy0!19sChIJHXKfbmapQjQRRV1t71e974o?authuser=0&hl=zh-TW&rclk=1,0x3442a9666e9f721d:0x8aefbd57ef6d5d45
786,邱芊諭,5,3 個月前,"很棒！店員辛苦了！

",2022-11-21,https://www.google.com.tw/maps/place/%E7%AF%89%E9%96%93%E5%B9%B8%E7%A6%8F%E9%8D%8B%E7%89%A9+%E5%8F%B0%E5%8C%97%E5%8D%97%E4%BA%AC%E4%B8%80%E5%BA%97/data=!4m7!3m6!1s0x3442a9666e9f721d:0x8aefbd57ef6d5d45!8m2!3d25.0518598!4d121.5273867!16s%2Fg%2F11b7cqtsy0!19sChIJHXKfbmapQjQRRV1t71e974o?authuser=0&hl=zh-TW&rclk=1,0x3442a9666e9f721d:0x8aefbd57ef6d5d45
787,Tina Chao,5,3 個月前,"臨時起意來吃，雖然座位很多但生意非常好建議先訂位。  
料理種類非常多，蔬菜跟飲料/冰淇淋都是自助式吃到飽，好吃價格也很合理。  
店員很親切但是因為客人多很忙的感覺，辛苦了～

",2022-11-21,https://www.google.com.tw/maps/place/%E7%AF%89%E9%96%93%E5%B9%B8%E7%A6%8F%E9%8D%8B%E7%89%A9+%E5%8F%B0%E5%8C%97%E5%8D%97%E4%BA%AC%E4%B8%80%E5%BA%97/data=!4m7!3m6!1s0x3442a9666e9f721d:0x8aefbd57ef6d5d45!8m2!3d25.0518598!4d121.5273867!16s%2Fg%2F11b7cqtsy0!19sChIJHXKfbmapQjQRRV1t71e974o?authuser=0&hl=zh-TW&rclk=1,0x3442a9666e9f721d:0x8aefbd57ef6d5d45
788,饒駿,5,3 個月前,,2022-11-21,https://www.google.com.tw/maps/place/%E7%AF%89%E9%96%93%E5%B9%B8%E7%A6%8F%E9%8D%8B%E7%89%A9+%E5%8F%B0%E5%8C%97%E5%8D%97%E4%BA%AC%E4%B8%80%E5%BA%97/data=!4m7!3m6!1s0x3442a9666e9f721d:0x8aefbd57ef6d5d45!8m2!3d25.0518598!4d121.5273867!16s%2Fg%2F11b7cqtsy0!19sChIJHXKfbmapQjQRRV1t71e974o?authuser=0&hl=zh-TW&rclk=1,0x3442a9666e9f721d:0x8aefbd57ef6d5d45
789,chiang edward,5,3 個月前,,2022-11-21,https://www.google.com.tw/maps/place/%E7%AF%89%E9%96%93%E5%B9%B8%E7%A6%8F%E9%8D%8B%E7%89%A9+%E5%8F%B0%E5%8C%97%E5%8D%97%E4%BA%AC%E4%B8%80%E5%BA%97/data=!4m7!3m6!1s0x3442a9666e9f721d:0x8aefbd57ef6d5d45!8m2!3d25.0518598!4d121.5273867!16s%2Fg%2F11b7cqtsy0!19sChIJHXKfbmapQjQRRV1t71e974o?authuser=0&hl=zh-TW&rclk=1,0x3442a9666e9f721d:0x8aefbd57ef6d5d45
790,Jie Zhen Song,5,4 個月前,"服務好 位置也很大 沒啥問題

",2022-11-21,https://www.google.com.tw/maps/place/%E7%AF%89%E9%96%93%E5%B9%B8%E7%A6%8F%E9%8D%8B%E7%89%A9+%E5%8F%B0%E5%8C%97%E5%8D%97%E4%BA%AC%E4%B8%80%E5%BA%97/data=!4m7!3m6!1s0x3442a9666e9f721d:0x8aefbd57ef6d5d45!8m2!3d25.0518598!4d121.5273867!16s%2Fg%2F11b7cqtsy0!19sChIJHXKfbmapQjQRRV1t71e974o?authuser=0&hl=zh-TW&rclk=1,0x3442a9666e9f721d:0x8aefbd57ef6d5d45
791,王柏文,4,4 個月前,"台北市最好的築間  
服務好到嚇死人

",2022-11-21,https://www.google.com.tw/maps/place/%E7%AF%89%E9%96%93%E5%B9%B8%E7%A6%8F%E9%8D%8B%E7%89%A9+%E5%8F%B0%E5%8C%97%E5%8D%97%E4%BA%AC%E4%B8%80%E5%BA%97/data=!4m7!3m6!1s0x3442a9666e9f721d:0x8aefbd57ef6d5d45!8m2!3d25.0518598!4d121.5273867!16s%2Fg%2F11b7cqtsy0!19sChIJHXKfbmapQjQRRV1t71e974o?authuser=0&hl=zh-TW&rclk=1,0x3442a9666e9f721d:0x8aefbd57ef6d5d45
792,Shin-Mei Liu,4,4 個月前,"牛奶鍋好喝！  
食材新鮮，價錢還算不錯～  
飲料也有很多可以選擇！

",2022-11-21,https://www.google.com.tw/maps/place/%E7%AF%89%E9%96%93%E5%B9%B8%E7%A6%8F%E9%8D%8B%E7%89%A9+%E5%8F%B0%E5%8C%97%E5%8D%97%E4%BA%AC%E4%B8%80%E5%BA%97/data=!4m7!3m6!1s0x3442a9666e9f721d:0x8aefbd57ef6d5d45!8m2!3d25.0518598!4d121.5273867!16s%2Fg%2F11b7cqtsy0!19sChIJHXKfbmapQjQRRV1t71e974o?authuser=0&hl=zh-TW&rclk=1,0x3442a9666e9f721d:0x8aefbd57ef6d5d45
793,Anny Tang,5,4 個月前,,2022-11-21,https://www.google.com.tw/maps/place/%E7%AF%89%E9%96%93%E5%B9%B8%E7%A6%8F%E9%8D%8B%E7%89%A9+%E5%8F%B0%E5%8C%97%E5%8D%97%E4%BA%AC%E4%B8%80%E5%BA%97/data=!4m7!3m6!1s0x3442a9666e9f721d:0x8aefbd57ef6d5d45!8m2!3d25.0518598!4d121.5273867!16s%2Fg%2F11b7cqtsy0!19sChIJHXKfbmapQjQRRV1t71e974o?authuser=0&hl=zh-TW&rclk=1,0x3442a9666e9f721d:0x8aefbd57ef6d5d45
794,JUSTIN LAN,3,4 個月前,"菜盤的菜好像冰太久，都脫水了，很不ok

",2022-11-21,https://www.google.com.tw/maps/place/%E7%AF%89%E9%96%93%E5%B9%B8%E7%A6%8F%E9%8D%8B%E7%89%A9+%E5%8F%B0%E5%8C%97%E5%8D%97%E4%BA%AC%E4%B8%80%E5%BA%97/data=!4m7!3m6!1s0x3442a9666e9f721d:0x8aefbd57ef6d5d45!8m2!3d25.0518598!4d121.5273867!16s%2Fg%2F11b7cqtsy0!19sChIJHXKfbmapQjQRRV1t71e974o?authuser=0&hl=zh-TW&rclk=1,0x3442a9666e9f721d:0x8aefbd57ef6d5d45
795,蔡承值,3,4 個月前,"只能說是普通的火鍋，少了蔬菜自助吧有點可惜，最雷的就是牛滷飯，超沒味道，多花30塊就淋一些稀稀的醬汁和一點碎肉…，把這30塊拿去買外面隨便一間滷肉飯都比較值得

",2022-11-21,https://www.google.com.tw/maps/place/%E7%AF%89%E9%96%93%E5%B9%B8%E7%A6%8F%E9%8D%8B%E7%89%A9+%E5%8F%B0%E5%8C%97%E5%8D%97%E4%BA%AC%E4%B8%80%E5%BA%97/data=!4m7!3m6!1s0x3442a9666e9f721d:0x8aefbd57ef6d5d45!8m2!3d25.0518598!4d121.5273867!16s%2Fg%2F11b7cqtsy0!19sChIJHXKfbmapQjQRRV1t71e974o?authuser=0&hl=zh-TW&rclk=1,0x3442a9666e9f721d:0x8aefbd57ef6d5d45
796,林宛歆,5,4 個月前,,2022-11-21,https://www.google.com.tw/maps/place/%E7%AF%89%E9%96%93%E5%B9%B8%E7%A6%8F%E9%8D%8B%E7%89%A9+%E5%8F%B0%E5%8C%97%E5%8D%97%E4%BA%AC%E4%B8%80%E5%BA%97/data=!4m7!3m6!1s0x3442a9666e9f721d:0x8aefbd57ef6d5d45!8m2!3d25.0518598!4d121.5273867!16s%2Fg%2F11b7cqtsy0!19sChIJHXKfbmapQjQRRV1t71e974o?authuser=0&hl=zh-TW&rclk=1,0x3442a9666e9f721d:0x8aefbd57ef6d5d45
797,osida,5,4 個月前,"今天來到築間南京一店用餐，生意很好，看著店員忙進忙出，但是也沒有怠慢我們，尤其是櫃台的女服務生，態度很好也很親切，要接電話、帶位、點餐、加湯…還有其他服務員也不錯，點了最喜歡的豬骨湯
可能真的太忙了，所以其他的小缺失都能諒解～～還是會持續回訪！一店二店都吃過，一店是固定式菜盤，二店才是有自助吧的

",2022-11-21,https://www.google.com.tw/maps/place/%E7%AF%89%E9%96%93%E5%B9%B8%E7%A6%8F%E9%8D%8B%E7%89%A9+%E5%8F%B0%E5%8C%97%E5%8D%97%E4%BA%AC%E4%B8%80%E5%BA%97/data=!4m7!3m6!1s0x3442a9666e9f721d:0x8aefbd57ef6d5d45!8m2!3d25.0518598!4d121.5273867!16s%2Fg%2F11b7cqtsy0!19sChIJHXKfbmapQjQRRV1t71e974o?authuser=0&hl=zh-TW&rclk=1,0x3442a9666e9f721d:0x8aefbd57ef6d5d45
798,gallant529,5,4 個月前,"好吃！

",2022-11-21,https://www.google.com.tw/maps/place/%E7%AF%89%E9%96%93%E5%B9%B8%E7%A6%8F%E9%8D%8B%E7%89%A9+%E5%8F%B0%E5%8C%97%E5%8D%97%E4%BA%AC%E4%B8%80%E5%BA%97/data=!4m7!3m6!1s0x3442a9666e9f721d:0x8aefbd57ef6d5d45!8m2!3d25.0518598!4d121.5273867!16s%2Fg%2F11b7cqtsy0!19sChIJHXKfbmapQjQRRV1t71e974o?authuser=0&hl=zh-TW&rclk=1,0x3442a9666e9f721d:0x8aefbd57ef6d5d45
799,shan chang,4,4 個月前,"推薦湯底胡椒龍骨湯，真的味道好喝..巧克力冰沙也很有味道 但菜盤真的縮水..但什麼都漲也沒辦法

",2022-11-21,https://www.google.com.tw/maps/place/%E7%AF%89%E9%96%93%E5%B9%B8%E7%A6%8F%E9%8D%8B%E7%89%A9+%E5%8F%B0%E5%8C%97%E5%8D%97%E4%BA%AC%E4%B8%80%E5%BA%97/data=!4m7!3m6!1s0x3442a9666e9f721d:0x8aefbd57ef6d5d45!8m2!3d25.0518598!4d121.5273867!16s%2Fg%2F11b7cqtsy0!19sChIJHXKfbmapQjQRRV1t71e974o?authuser=0&hl=zh-TW&rclk=1,0x3442a9666e9f721d:0x8aefbd57ef6d5d45
800,장육각,5,4 個月前,"好吃 服務人員親切

",2022-11-21,https://www.google.com.tw/maps/place/%E7%AF%89%E9%96%93%E5%B9%B8%E7%A6%8F%E9%8D%8B%E7%89%A9+%E5%8F%B0%E5%8C%97%E5%8D%97%E4%BA%AC%E4%B8%80%E5%BA%97/data=!4m7!3m6!1s0x3442a9666e9f721d:0x8aefbd57ef6d5d45!8m2!3d25.0518598!4d121.5273867!16s%2Fg%2F11b7cqtsy0!19sChIJHXKfbmapQjQRRV1t71e974o?authuser=0&hl=zh-TW&rclk=1,0x3442a9666e9f721d:0x8aefbd57ef6d5d45
801,阿瑋,5,4 個月前,,2022-11-21,https://www.google.com.tw/maps/place/%E7%AF%89%E9%96%93%E5%B9%B8%E7%A6%8F%E9%8D%8B%E7%89%A9+%E5%8F%B0%E5%8C%97%E5%8D%97%E4%BA%AC%E4%B8%80%E5%BA%97/data=!4m7!3m6!1s0x3442a9666e9f721d:0x8aefbd57ef6d5d45!8m2!3d25.0518598!4d121.5273867!16s%2Fg%2F11b7cqtsy0!19sChIJHXKfbmapQjQRRV1t71e974o?authuser=0&hl=zh-TW&rclk=1,0x3442a9666e9f721d:0x8aefbd57ef6d5d45
802,TONY,2,4 個月前,"很失望，竟然沒有自助吧

",2022-11-21,https://www.google.com.tw/maps/place/%E7%AF%89%E9%96%93%E5%B9%B8%E7%A6%8F%E9%8D%8B%E7%89%A9+%E5%8F%B0%E5%8C%97%E5%8D%97%E4%BA%AC%E4%B8%80%E5%BA%97/data=!4m7!3m6!1s0x3442a9666e9f721d:0x8aefbd57ef6d5d45!8m2!3d25.0518598!4d121.5273867!16s%2Fg%2F11b7cqtsy0!19sChIJHXKfbmapQjQRRV1t71e974o?authuser=0&hl=zh-TW&rclk=1,0x3442a9666e9f721d:0x8aefbd57ef6d5d45
803,liu jerry,5,4 個月前,,2022-11-21,https://www.google.com.tw/maps/place/%E7%AF%89%E9%96%93%E5%B9%B8%E7%A6%8F%E9%8D%8B%E7%89%A9+%E5%8F%B0%E5%8C%97%E5%8D%97%E4%BA%AC%E4%B8%80%E5%BA%97/data=!4m7!3m6!1s0x3442a9666e9f721d:0x8aefbd57ef6d5d45!8m2!3d25.0518598!4d121.5273867!16s%2Fg%2F11b7cqtsy0!19sChIJHXKfbmapQjQRRV1t71e974o?authuser=0&hl=zh-TW&rclk=1,0x3442a9666e9f721d:0x8aefbd57ef6d5d45
804,Liao Vincent,5,4 個月前,"築間讚，朋友每揪必去的地方，現在他要去當兵了，以後應該會很想念這裡

",2022-11-21,https://www.google.com.tw/maps/place/%E7%AF%89%E9%96%93%E5%B9%B8%E7%A6%8F%E9%8D%8B%E7%89%A9+%E5%8F%B0%E5%8C%97%E5%8D%97%E4%BA%AC%E4%B8%80%E5%BA%97/data=!4m7!3m6!1s0x3442a9666e9f721d:0x8aefbd57ef6d5d45!8m2!3d25.0518598!4d121.5273867!16s%2Fg%2F11b7cqtsy0!19sChIJHXKfbmapQjQRRV1t71e974o?authuser=0&hl=zh-TW&rclk=1,0x3442a9666e9f721d:0x8aefbd57ef6d5d45
805,JU,2,4 個月前,"霜降牛很硬！霜降牛很硬！霜降牛很硬！  
很誇張所以要講三次。  
當天跟朋友來到這邊用餐，霜降牛不知道發生什麼事，咬起來超級硬幾乎咬不斷，看了肉片的切面紋理，感覺不太對勁（如圖，稍微下水煮過就有很明顯的縱紋），跟朋友懷疑是當天切肉的方向錯誤，於是有跟服務員反應，但服務員聽不懂我們的意思，只答應幫我們換一盤新的，結果還是一樣  
因為太硬太難吃，最後我們的霜降牛沒有吃完，實在很浪費，而且價格不便宜。  
個人第一次去築間用餐，覺得雖然服務員態度親切，但餐點部分CP值很低，尤其霜降牛的問題有待改進。

",2022-11-21,https://www.google.com.tw/maps/place/%E7%AF%89%E9%96%93%E5%B9%B8%E7%A6%8F%E9%8D%8B%E7%89%A9+%E5%8F%B0%E5%8C%97%E5%8D%97%E4%BA%AC%E4%B8%80%E5%BA%97/data=!4m7!3m6!1s0x3442a9666e9f721d:0x8aefbd57ef6d5d45!8m2!3d25.0518598!4d121.5273867!16s%2Fg%2F11b7cqtsy0!19sChIJHXKfbmapQjQRRV1t71e974o?authuser=0&hl=zh-TW&rclk=1,0x3442a9666e9f721d:0x8aefbd57ef6d5d45
806,程新芳,4,4 個月前,,2022-11-21,https://www.google.com.tw/maps/place/%E7%AF%89%E9%96%93%E5%B9%B8%E7%A6%8F%E9%8D%8B%E7%89%A9+%E5%8F%B0%E5%8C%97%E5%8D%97%E4%BA%AC%E4%B8%80%E5%BA%97/data=!4m7!3m6!1s0x3442a9666e9f721d:0x8aefbd57ef6d5d45!8m2!3d25.0518598!4d121.5273867!16s%2Fg%2F11b7cqtsy0!19sChIJHXKfbmapQjQRRV1t71e974o?authuser=0&hl=zh-TW&rclk=1,0x3442a9666e9f721d:0x8aefbd57ef6d5d45
807,楊晉瑋,1,4 個月前,"有預定人還沒到 也放人在外面熱熱等  
說了時間照跑還是一樣說請我們在外面等  
那個女櫃檯的態度不敢恭維

",2022-11-21,https://www.google.com.tw/maps/place/%E7%AF%89%E9%96%93%E5%B9%B8%E7%A6%8F%E9%8D%8B%E7%89%A9+%E5%8F%B0%E5%8C%97%E5%8D%97%E4%BA%AC%E4%B8%80%E5%BA%97/data=!4m7!3m6!1s0x3442a9666e9f721d:0x8aefbd57ef6d5d45!8m2!3d25.0518598!4d121.5273867!16s%2Fg%2F11b7cqtsy0!19sChIJHXKfbmapQjQRRV1t71e974o?authuser=0&hl=zh-TW&rclk=1,0x3442a9666e9f721d:0x8aefbd57ef6d5d45
808,莊捷安,5,4 個月前,"牛奶鍋好吃 、加入會員點數可以換很多肉

",2022-11-21,https://www.google.com.tw/maps/place/%E7%AF%89%E9%96%93%E5%B9%B8%E7%A6%8F%E9%8D%8B%E7%89%A9+%E5%8F%B0%E5%8C%97%E5%8D%97%E4%BA%AC%E4%B8%80%E5%BA%97/data=!4m7!3m6!1s0x3442a9666e9f721d:0x8aefbd57ef6d5d45!8m2!3d25.0518598!4d121.5273867!16s%2Fg%2F11b7cqtsy0!19sChIJHXKfbmapQjQRRV1t71e974o?authuser=0&hl=zh-TW&rclk=1,0x3442a9666e9f721d:0x8aefbd57ef6d5d45
809,Queena,5,4 個月前,"平時都是晚上去用餐，餐點部分還是不錯的，看店員忙碌，但是還是很盡力的在服務客人，還是會在持續光顧～～～一樓、二樓都吃過

",2022-11-21,https://www.google.com.tw/maps/place/%E7%AF%89%E9%96%93%E5%B9%B8%E7%A6%8F%E9%8D%8B%E7%89%A9+%E5%8F%B0%E5%8C%97%E5%8D%97%E4%BA%AC%E4%B8%80%E5%BA%97/data=!4m7!3m6!1s0x3442a9666e9f721d:0x8aefbd57ef6d5d45!8m2!3d25.0518598!4d121.5273867!16s%2Fg%2F11b7cqtsy0!19sChIJHXKfbmapQjQRRV1t71e974o?authuser=0&hl=zh-TW&rclk=1,0x3442a9666e9f721d:0x8aefbd57ef6d5d45
810,林詩芸,5,5 個月前,,2022-11-21,https://www.google.com.tw/maps/place/%E7%AF%89%E9%96%93%E5%B9%B8%E7%A6%8F%E9%8D%8B%E7%89%A9+%E5%8F%B0%E5%8C%97%E5%8D%97%E4%BA%AC%E4%B8%80%E5%BA%97/data=!4m7!3m6!1s0x3442a9666e9f721d:0x8aefbd57ef6d5d45!8m2!3d25.0518598!4d121.5273867!16s%2Fg%2F11b7cqtsy0!19sChIJHXKfbmapQjQRRV1t71e974o?authuser=0&hl=zh-TW&rclk=1,0x3442a9666e9f721d:0x8aefbd57ef6d5d45
811,phyllis hsu,1,5 個月前,"櫃台態度真的很爛，全店只有1／3桌用餐，超過9分鐘居然要等候補，等了10幾分也沒看到半個客戶進去，沒關係，火鍋店不是只有你這家。

",2022-11-21,https://www.google.com.tw/maps/place/%E7%AF%89%E9%96%93%E5%B9%B8%E7%A6%8F%E9%8D%8B%E7%89%A9+%E5%8F%B0%E5%8C%97%E5%8D%97%E4%BA%AC%E4%B8%80%E5%BA%97/data=!4m7!3m6!1s0x3442a9666e9f721d:0x8aefbd57ef6d5d45!8m2!3d25.0518598!4d121.5273867!16s%2Fg%2F11b7cqtsy0!19sChIJHXKfbmapQjQRRV1t71e974o?authuser=0&hl=zh-TW&rclk=1,0x3442a9666e9f721d:0x8aefbd57ef6d5d45
812,褚銳,1,5 個月前,"櫃檯態度真的很差勁

",2022-11-21,https://www.google.com.tw/maps/place/%E7%AF%89%E9%96%93%E5%B9%B8%E7%A6%8F%E9%8D%8B%E7%89%A9+%E5%8F%B0%E5%8C%97%E5%8D%97%E4%BA%AC%E4%B8%80%E5%BA%97/data=!4m7!3m6!1s0x3442a9666e9f721d:0x8aefbd57ef6d5d45!8m2!3d25.0518598!4d121.5273867!16s%2Fg%2F11b7cqtsy0!19sChIJHXKfbmapQjQRRV1t71e974o?authuser=0&hl=zh-TW&rclk=1,0x3442a9666e9f721d:0x8aefbd57ef6d5d45
813,苡傑,1,5 個月前,"菜感覺沒有很乾淨，餐點明明沒到齊卻給單說到齊，反應之後說是太忙可能出單的問題，態度也很隨便，最後，吃飽在吃冰淇淋的時候，詢問要整理桌面，表示可以，但沒想到直接托盤放我們桌上收桌，而且在我們面前倒湯汁進鍋裡，不知道是個案還是公司的標準在這裡，拿鍋子會燙能理解但直接抽取客人桌上的紙巾是有尊重嗎？，結帳的時候還等了半天，人力不足忙碌能理解但拜託不要不屑的態度。

",2022-11-21,https://www.google.com.tw/maps/place/%E7%AF%89%E9%96%93%E5%B9%B8%E7%A6%8F%E9%8D%8B%E7%89%A9+%E5%8F%B0%E5%8C%97%E5%8D%97%E4%BA%AC%E4%B8%80%E5%BA%97/data=!4m7!3m6!1s0x3442a9666e9f721d:0x8aefbd57ef6d5d45!8m2!3d25.0518598!4d121.5273867!16s%2Fg%2F11b7cqtsy0!19sChIJHXKfbmapQjQRRV1t71e974o?authuser=0&hl=zh-TW&rclk=1,0x3442a9666e9f721d:0x8aefbd57ef6d5d45
814,張若君,5,5 個月前,,2022-11-21,https://www.google.com.tw/maps/place/%E7%AF%89%E9%96%93%E5%B9%B8%E7%A6%8F%E9%8D%8B%E7%89%A9+%E5%8F%B0%E5%8C%97%E5%8D%97%E4%BA%AC%E4%B8%80%E5%BA%97/data=!4m7!3m6!1s0x3442a9666e9f721d:0x8aefbd57ef6d5d45!8m2!3d25.0518598!4d121.5273867!16s%2Fg%2F11b7cqtsy0!19sChIJHXKfbmapQjQRRV1t71e974o?authuser=0&hl=zh-TW&rclk=1,0x3442a9666e9f721d:0x8aefbd57ef6d5d45
815,alex chen,4,5 個月前,"食材細緻新鮮 價位與服務符合預期

",2022-11-21,https://www.google.com.tw/maps/place/%E7%AF%89%E9%96%93%E5%B9%B8%E7%A6%8F%E9%8D%8B%E7%89%A9+%E5%8F%B0%E5%8C%97%E5%8D%97%E4%BA%AC%E4%B8%80%E5%BA%97/data=!4m7!3m6!1s0x3442a9666e9f721d:0x8aefbd57ef6d5d45!8m2!3d25.0518598!4d121.5273867!16s%2Fg%2F11b7cqtsy0!19sChIJHXKfbmapQjQRRV1t71e974o?authuser=0&hl=zh-TW&rclk=1,0x3442a9666e9f721d:0x8aefbd57ef6d5d45
816,郭英俊,4,5 個月前,,2022-11-21,https://www.google.com.tw/maps/place/%E7%AF%89%E9%96%93%E5%B9%B8%E7%A6%8F%E9%8D%8B%E7%89%A9+%E5%8F%B0%E5%8C%97%E5%8D%97%E4%BA%AC%E4%B8%80%E5%BA%97/data=!4m7!3m6!1s0x3442a9666e9f721d:0x8aefbd57ef6d5d45!8m2!3d25.0518598!4d121.5273867!16s%2Fg%2F11b7cqtsy0!19sChIJHXKfbmapQjQRRV1t71e974o?authuser=0&hl=zh-TW&rclk=1,0x3442a9666e9f721d:0x8aefbd57ef6d5d45
817,Michael ting,5,5 個月前,"非常喜歡自助式的菜盤，很符合我的需求

",2022-11-21,https://www.google.com.tw/maps/place/%E7%AF%89%E9%96%93%E5%B9%B8%E7%A6%8F%E9%8D%8B%E7%89%A9+%E5%8F%B0%E5%8C%97%E5%8D%97%E4%BA%AC%E4%B8%80%E5%BA%97/data=!4m7!3m6!1s0x3442a9666e9f721d:0x8aefbd57ef6d5d45!8m2!3d25.0518598!4d121.5273867!16s%2Fg%2F11b7cqtsy0!19sChIJHXKfbmapQjQRRV1t71e974o?authuser=0&hl=zh-TW&rclk=1,0x3442a9666e9f721d:0x8aefbd57ef6d5d45
818,Yun JL,1,5 個月前,"平常都跟朋友2人，一人點菜盤，一人點共鍋可以單點自己喜歡的料不用被菜塞飽，前陣子去吃居然改規定每個人都要點菜盤；第一次聽到火鍋不能點共鍋或點到低消的⋯現在直接讓點數過期不想再去了

",2022-11-21,https://www.google.com.tw/maps/place/%E7%AF%89%E9%96%93%E5%B9%B8%E7%A6%8F%E9%8D%8B%E7%89%A9+%E5%8F%B0%E5%8C%97%E5%8D%97%E4%BA%AC%E4%B8%80%E5%BA%97/data=!4m7!3m6!1s0x3442a9666e9f721d:0x8aefbd57ef6d5d45!8m2!3d25.0518598!4d121.5273867!16s%2Fg%2F11b7cqtsy0!19sChIJHXKfbmapQjQRRV1t71e974o?authuser=0&hl=zh-TW&rclk=1,0x3442a9666e9f721d:0x8aefbd57ef6d5d45
819,施雨傑,4,5 個月前,"半夜的用餐體驗稍微不好，醬料區有些都空了，杯子擺到旁邊桌上，遇過一次限制座位一定要併桌

",2022-11-21,https://www.google.com.tw/maps/place/%E7%AF%89%E9%96%93%E5%B9%B8%E7%A6%8F%E9%8D%8B%E7%89%A9+%E5%8F%B0%E5%8C%97%E5%8D%97%E4%BA%AC%E4%B8%80%E5%BA%97/data=!4m7!3m6!1s0x3442a9666e9f721d:0x8aefbd57ef6d5d45!8m2!3d25.0518598!4d121.5273867!16s%2Fg%2F11b7cqtsy0!19sChIJHXKfbmapQjQRRV1t71e974o?authuser=0&hl=zh-TW&rclk=1,0x3442a9666e9f721d:0x8aefbd57ef6d5d45
820,nadia lin,1,5 個月前,"什麼吃到飽只有菜盤 總類也沒網路介紹的多 其他都說單點 吃不完不能打包 服務生說因為是吃到飽不行 這算甚麼吃到飽 而且我也沒有要包湯只是吧單點沒煮的打包
太無聊的規矩吧是刁難 價錢也不便宜 菜吃不多的人絕對不要去 超級不划算 都是被一些youtobe 介紹的太浮誇被騙來的 點麻辣連鴨血也是單點的 品質還很差
都不知道煮多久都縮水皺皺的一堆動 這樣還在賣 真的糟透了

",2022-11-21,https://www.google.com.tw/maps/place/%E7%AF%89%E9%96%93%E5%B9%B8%E7%A6%8F%E9%8D%8B%E7%89%A9+%E5%8F%B0%E5%8C%97%E5%8D%97%E4%BA%AC%E4%B8%80%E5%BA%97/data=!4m7!3m6!1s0x3442a9666e9f721d:0x8aefbd57ef6d5d45!8m2!3d25.0518598!4d121.5273867!16s%2Fg%2F11b7cqtsy0!19sChIJHXKfbmapQjQRRV1t71e974o?authuser=0&hl=zh-TW&rclk=1,0x3442a9666e9f721d:0x8aefbd57ef6d5d45
821,陳秉昇,5,5 個月前,"還不錯，好吃

",2022-11-21,https://www.google.com.tw/maps/place/%E7%AF%89%E9%96%93%E5%B9%B8%E7%A6%8F%E9%8D%8B%E7%89%A9+%E5%8F%B0%E5%8C%97%E5%8D%97%E4%BA%AC%E4%B8%80%E5%BA%97/data=!4m7!3m6!1s0x3442a9666e9f721d:0x8aefbd57ef6d5d45!8m2!3d25.0518598!4d121.5273867!16s%2Fg%2F11b7cqtsy0!19sChIJHXKfbmapQjQRRV1t71e974o?authuser=0&hl=zh-TW&rclk=1,0x3442a9666e9f721d:0x8aefbd57ef6d5d45
822,汪培聖,4,5 個月前,"還行的火鍋 石頭鍋加魷魚味道不錯

",2022-11-21,https://www.google.com.tw/maps/place/%E7%AF%89%E9%96%93%E5%B9%B8%E7%A6%8F%E9%8D%8B%E7%89%A9+%E5%8F%B0%E5%8C%97%E5%8D%97%E4%BA%AC%E4%B8%80%E5%BA%97/data=!4m7!3m6!1s0x3442a9666e9f721d:0x8aefbd57ef6d5d45!8m2!3d25.0518598!4d121.5273867!16s%2Fg%2F11b7cqtsy0!19sChIJHXKfbmapQjQRRV1t71e974o?authuser=0&hl=zh-TW&rclk=1,0x3442a9666e9f721d:0x8aefbd57ef6d5d45
823,Yixian Huang,5,5 個月前,"店鋪有點小，不過服務人員都很好，東西也很新鮮好吃，兩個人吃這麼多吃到快撐死，還有好吃的現擠霜淇淋

",2022-11-21,https://www.google.com.tw/maps/place/%E7%AF%89%E9%96%93%E5%B9%B8%E7%A6%8F%E9%8D%8B%E7%89%A9+%E5%8F%B0%E5%8C%97%E5%8D%97%E4%BA%AC%E4%B8%80%E5%BA%97/data=!4m7!3m6!1s0x3442a9666e9f721d:0x8aefbd57ef6d5d45!8m2!3d25.0518598!4d121.5273867!16s%2Fg%2F11b7cqtsy0!19sChIJHXKfbmapQjQRRV1t71e974o?authuser=0&hl=zh-TW&rclk=1,0x3442a9666e9f721d:0x8aefbd57ef6d5d45
824,Star Lee,5,5 個月前,"牛肉品質好，海鮮新鮮。  
  
外帶服務好。

",2022-11-21,https://www.google.com.tw/maps/place/%E7%AF%89%E9%96%93%E5%B9%B8%E7%A6%8F%E9%8D%8B%E7%89%A9+%E5%8F%B0%E5%8C%97%E5%8D%97%E4%BA%AC%E4%B8%80%E5%BA%97/data=!4m7!3m6!1s0x3442a9666e9f721d:0x8aefbd57ef6d5d45!8m2!3d25.0518598!4d121.5273867!16s%2Fg%2F11b7cqtsy0!19sChIJHXKfbmapQjQRRV1t71e974o?authuser=0&hl=zh-TW&rclk=1,0x3442a9666e9f721d:0x8aefbd57ef6d5d45
825,指筌,5,5 個月前,,2022-11-21,https://www.google.com.tw/maps/place/%E7%AF%89%E9%96%93%E5%B9%B8%E7%A6%8F%E9%8D%8B%E7%89%A9+%E5%8F%B0%E5%8C%97%E5%8D%97%E4%BA%AC%E4%B8%80%E5%BA%97/data=!4m7!3m6!1s0x3442a9666e9f721d:0x8aefbd57ef6d5d45!8m2!3d25.0518598!4d121.5273867!16s%2Fg%2F11b7cqtsy0!19sChIJHXKfbmapQjQRRV1t71e974o?authuser=0&hl=zh-TW&rclk=1,0x3442a9666e9f721d:0x8aefbd57ef6d5d45
826,*不爽不要看,1,5 個月前,"昨晚至二樓用餐  
有一位男性服務員在收走肉盤和送海鮮盤來時  
血水和海鮮的冰塊水 直接滴進我的火鍋丶醬料碗  
3次以上，真的很倒胃口  
可能需要加強人員 細心的部分

",2022-11-21,https://www.google.com.tw/maps/place/%E7%AF%89%E9%96%93%E5%B9%B8%E7%A6%8F%E9%8D%8B%E7%89%A9+%E5%8F%B0%E5%8C%97%E5%8D%97%E4%BA%AC%E4%B8%80%E5%BA%97/data=!4m7!3m6!1s0x3442a9666e9f721d:0x8aefbd57ef6d5d45!8m2!3d25.0518598!4d121.5273867!16s%2Fg%2F11b7cqtsy0!19sChIJHXKfbmapQjQRRV1t71e974o?authuser=0&hl=zh-TW&rclk=1,0x3442a9666e9f721d:0x8aefbd57ef6d5d45
827,Larry L,5,5 個月前,,2022-11-21,https://www.google.com.tw/maps/place/%E7%AF%89%E9%96%93%E5%B9%B8%E7%A6%8F%E9%8D%8B%E7%89%A9+%E5%8F%B0%E5%8C%97%E5%8D%97%E4%BA%AC%E4%B8%80%E5%BA%97/data=!4m7!3m6!1s0x3442a9666e9f721d:0x8aefbd57ef6d5d45!8m2!3d25.0518598!4d121.5273867!16s%2Fg%2F11b7cqtsy0!19sChIJHXKfbmapQjQRRV1t71e974o?authuser=0&hl=zh-TW&rclk=1,0x3442a9666e9f721d:0x8aefbd57ef6d5d45
828,徐瑋琳,3,5 個月前,"推薦牛奶湯底 菜盤越來越少卻漲價

",2022-11-21,https://www.google.com.tw/maps/place/%E7%AF%89%E9%96%93%E5%B9%B8%E7%A6%8F%E9%8D%8B%E7%89%A9+%E5%8F%B0%E5%8C%97%E5%8D%97%E4%BA%AC%E4%B8%80%E5%BA%97/data=!4m7!3m6!1s0x3442a9666e9f721d:0x8aefbd57ef6d5d45!8m2!3d25.0518598!4d121.5273867!16s%2Fg%2F11b7cqtsy0!19sChIJHXKfbmapQjQRRV1t71e974o?authuser=0&hl=zh-TW&rclk=1,0x3442a9666e9f721d:0x8aefbd57ef6d5d45
829,Macaulay Tsai,4,5 個月前,,2022-11-21,https://www.google.com.tw/maps/place/%E7%AF%89%E9%96%93%E5%B9%B8%E7%A6%8F%E9%8D%8B%E7%89%A9+%E5%8F%B0%E5%8C%97%E5%8D%97%E4%BA%AC%E4%B8%80%E5%BA%97/data=!4m7!3m6!1s0x3442a9666e9f721d:0x8aefbd57ef6d5d45!8m2!3d25.0518598!4d121.5273867!16s%2Fg%2F11b7cqtsy0!19sChIJHXKfbmapQjQRRV1t71e974o?authuser=0&hl=zh-TW&rclk=1,0x3442a9666e9f721d:0x8aefbd57ef6d5d45
830,max shang,5,5 個月前,,2022-11-21,https://www.google.com.tw/maps/place/%E7%AF%89%E9%96%93%E5%B9%B8%E7%A6%8F%E9%8D%8B%E7%89%A9+%E5%8F%B0%E5%8C%97%E5%8D%97%E4%BA%AC%E4%B8%80%E5%BA%97/data=!4m7!3m6!1s0x3442a9666e9f721d:0x8aefbd57ef6d5d45!8m2!3d25.0518598!4d121.5273867!16s%2Fg%2F11b7cqtsy0!19sChIJHXKfbmapQjQRRV1t71e974o?authuser=0&hl=zh-TW&rclk=1,0x3442a9666e9f721d:0x8aefbd57ef6d5d45
831,Joe Lo,4,5 個月前,"服務人員親切、食材新鮮、肉多料豐富，美中不足是座位的舒適度可再調整。

",2022-11-21,https://www.google.com.tw/maps/place/%E7%AF%89%E9%96%93%E5%B9%B8%E7%A6%8F%E9%8D%8B%E7%89%A9+%E5%8F%B0%E5%8C%97%E5%8D%97%E4%BA%AC%E4%B8%80%E5%BA%97/data=!4m7!3m6!1s0x3442a9666e9f721d:0x8aefbd57ef6d5d45!8m2!3d25.0518598!4d121.5273867!16s%2Fg%2F11b7cqtsy0!19sChIJHXKfbmapQjQRRV1t71e974o?authuser=0&hl=zh-TW&rclk=1,0x3442a9666e9f721d:0x8aefbd57ef6d5d45
832,CC,1,5 個月前,"今天到南京二店第一次吃築間  
環境衛生超差  
剛踏進去地板黏滑 到自助吧拿菜盤有小蟑螂  
到位置上發現菜上有蝸牛和菜蟲  
和服務生告知後服務生把菜拿走  
過一下子後服務生來道個歉就結束了  
湯底我選擇辛味增口味  
聞起來很臭不知道是不是正常的  
反正築間真的挺不推薦的

",2022-11-21,https://www.google.com.tw/maps/place/%E7%AF%89%E9%96%93%E5%B9%B8%E7%A6%8F%E9%8D%8B%E7%89%A9+%E5%8F%B0%E5%8C%97%E5%8D%97%E4%BA%AC%E4%B8%80%E5%BA%97/data=!4m7!3m6!1s0x3442a9666e9f721d:0x8aefbd57ef6d5d45!8m2!3d25.0518598!4d121.5273867!16s%2Fg%2F11b7cqtsy0!19sChIJHXKfbmapQjQRRV1t71e974o?authuser=0&hl=zh-TW&rclk=1,0x3442a9666e9f721d:0x8aefbd57ef6d5d45
833,江宗穎,5,6 個月前,"服務親切，不錯

",2022-11-21,https://www.google.com.tw/maps/place/%E7%AF%89%E9%96%93%E5%B9%B8%E7%A6%8F%E9%8D%8B%E7%89%A9+%E5%8F%B0%E5%8C%97%E5%8D%97%E4%BA%AC%E4%B8%80%E5%BA%97/data=!4m7!3m6!1s0x3442a9666e9f721d:0x8aefbd57ef6d5d45!8m2!3d25.0518598!4d121.5273867!16s%2Fg%2F11b7cqtsy0!19sChIJHXKfbmapQjQRRV1t71e974o?authuser=0&hl=zh-TW&rclk=1,0x3442a9666e9f721d:0x8aefbd57ef6d5d45
834,Thomas Lin,1,6 個月前,"打電話打半天都不接，說現場有人要現場候位。  
到了現場之後發現根本沒人排隊，店內空位很多，卻強迫併桌。  
隔板完全擋住電磁爐無法加熱，座位又小又擠。  
疫情期間店家卻只顧自己方便強迫陌生人坐在一起，明明店裡空位一堆為什麼不分開安排位置？  
爛店不會再去。

",2022-11-21,https://www.google.com.tw/maps/place/%E7%AF%89%E9%96%93%E5%B9%B8%E7%A6%8F%E9%8D%8B%E7%89%A9+%E5%8F%B0%E5%8C%97%E5%8D%97%E4%BA%AC%E4%B8%80%E5%BA%97/data=!4m7!3m6!1s0x3442a9666e9f721d:0x8aefbd57ef6d5d45!8m2!3d25.0518598!4d121.5273867!16s%2Fg%2F11b7cqtsy0!19sChIJHXKfbmapQjQRRV1t71e974o?authuser=0&hl=zh-TW&rclk=1,0x3442a9666e9f721d:0x8aefbd57ef6d5d45
835,月芷（ユェ ジ-）,3,6 個月前,,2022-11-21,https://www.google.com.tw/maps/place/%E7%AF%89%E9%96%93%E5%B9%B8%E7%A6%8F%E9%8D%8B%E7%89%A9+%E5%8F%B0%E5%8C%97%E5%8D%97%E4%BA%AC%E4%B8%80%E5%BA%97/data=!4m7!3m6!1s0x3442a9666e9f721d:0x8aefbd57ef6d5d45!8m2!3d25.0518598!4d121.5273867!16s%2Fg%2F11b7cqtsy0!19sChIJHXKfbmapQjQRRV1t71e974o?authuser=0&hl=zh-TW&rclk=1,0x3442a9666e9f721d:0x8aefbd57ef6d5d45
836,李斯嘉,4,6 個月前,"門口請再架支電風扇幫助通風

",2022-11-21,https://www.google.com.tw/maps/place/%E7%AF%89%E9%96%93%E5%B9%B8%E7%A6%8F%E9%8D%8B%E7%89%A9+%E5%8F%B0%E5%8C%97%E5%8D%97%E4%BA%AC%E4%B8%80%E5%BA%97/data=!4m7!3m6!1s0x3442a9666e9f721d:0x8aefbd57ef6d5d45!8m2!3d25.0518598!4d121.5273867!16s%2Fg%2F11b7cqtsy0!19sChIJHXKfbmapQjQRRV1t71e974o?authuser=0&hl=zh-TW&rclk=1,0x3442a9666e9f721d:0x8aefbd57ef6d5d45
837,Anita Chang,1,6 個月前,"內用環境真的很髒 一入座發現碗上卡著乾掉的飯粒 飲料區的杯子也沒洗乾淨 上一次吃的感受還不錯 這次吃完真的很失望

",2022-11-21,https://www.google.com.tw/maps/place/%E7%AF%89%E9%96%93%E5%B9%B8%E7%A6%8F%E9%8D%8B%E7%89%A9+%E5%8F%B0%E5%8C%97%E5%8D%97%E4%BA%AC%E4%B8%80%E5%BA%97/data=!4m7!3m6!1s0x3442a9666e9f721d:0x8aefbd57ef6d5d45!8m2!3d25.0518598!4d121.5273867!16s%2Fg%2F11b7cqtsy0!19sChIJHXKfbmapQjQRRV1t71e974o?authuser=0&hl=zh-TW&rclk=1,0x3442a9666e9f721d:0x8aefbd57ef6d5d45
838,陳雍亞,4,6 個月前,"好吃

",2022-11-21,https://www.google.com.tw/maps/place/%E7%AF%89%E9%96%93%E5%B9%B8%E7%A6%8F%E9%8D%8B%E7%89%A9+%E5%8F%B0%E5%8C%97%E5%8D%97%E4%BA%AC%E4%B8%80%E5%BA%97/data=!4m7!3m6!1s0x3442a9666e9f721d:0x8aefbd57ef6d5d45!8m2!3d25.0518598!4d121.5273867!16s%2Fg%2F11b7cqtsy0!19sChIJHXKfbmapQjQRRV1t71e974o?authuser=0&hl=zh-TW&rclk=1,0x3442a9666e9f721d:0x8aefbd57ef6d5d45
839,Julia Chang,3,6 個月前,,2022-11-21,https://www.google.com.tw/maps/place/%E7%AF%89%E9%96%93%E5%B9%B8%E7%A6%8F%E9%8D%8B%E7%89%A9+%E5%8F%B0%E5%8C%97%E5%8D%97%E4%BA%AC%E4%B8%80%E5%BA%97/data=!4m7!3m6!1s0x3442a9666e9f721d:0x8aefbd57ef6d5d45!8m2!3d25.0518598!4d121.5273867!16s%2Fg%2F11b7cqtsy0!19sChIJHXKfbmapQjQRRV1t71e974o?authuser=0&hl=zh-TW&rclk=1,0x3442a9666e9f721d:0x8aefbd57ef6d5d45
840,Pei Rong Jiang,1,6 個月前,"傍晚外送平台失誤餐點沒開完全～  
所以餐點都是生食，特別致電過去詳細告知需求然後又在點一份一模一樣  
拿到卻還是有少需要的東西  
打過去卻被告知剛女服務員已下班  
真的是第一次築間非常糟糕經驗  
到底上班在幹嘛沒有用心態度…

",2022-11-21,https://www.google.com.tw/maps/place/%E7%AF%89%E9%96%93%E5%B9%B8%E7%A6%8F%E9%8D%8B%E7%89%A9+%E5%8F%B0%E5%8C%97%E5%8D%97%E4%BA%AC%E4%B8%80%E5%BA%97/data=!4m7!3m6!1s0x3442a9666e9f721d:0x8aefbd57ef6d5d45!8m2!3d25.0518598!4d121.5273867!16s%2Fg%2F11b7cqtsy0!19sChIJHXKfbmapQjQRRV1t71e974o?authuser=0&hl=zh-TW&rclk=1,0x3442a9666e9f721d:0x8aefbd57ef6d5d45
841,ailin,4,6 個月前,,2022-11-21,https://www.google.com.tw/maps/place/%E7%AF%89%E9%96%93%E5%B9%B8%E7%A6%8F%E9%8D%8B%E7%89%A9+%E5%8F%B0%E5%8C%97%E5%8D%97%E4%BA%AC%E4%B8%80%E5%BA%97/data=!4m7!3m6!1s0x3442a9666e9f721d:0x8aefbd57ef6d5d45!8m2!3d25.0518598!4d121.5273867!16s%2Fg%2F11b7cqtsy0!19sChIJHXKfbmapQjQRRV1t71e974o?authuser=0&hl=zh-TW&rclk=1,0x3442a9666e9f721d:0x8aefbd57ef6d5d45
842,平裕羅,3,6 個月前,"冷氣太冷

",2022-11-21,https://www.google.com.tw/maps/place/%E7%AF%89%E9%96%93%E5%B9%B8%E7%A6%8F%E9%8D%8B%E7%89%A9+%E5%8F%B0%E5%8C%97%E5%8D%97%E4%BA%AC%E4%B8%80%E5%BA%97/data=!4m7!3m6!1s0x3442a9666e9f721d:0x8aefbd57ef6d5d45!8m2!3d25.0518598!4d121.5273867!16s%2Fg%2F11b7cqtsy0!19sChIJHXKfbmapQjQRRV1t71e974o?authuser=0&hl=zh-TW&rclk=1,0x3442a9666e9f721d:0x8aefbd57ef6d5d45
843,Shih Kun Yang,5,6 個月前,,2022-11-21,https://www.google.com.tw/maps/place/%E7%AF%89%E9%96%93%E5%B9%B8%E7%A6%8F%E9%8D%8B%E7%89%A9+%E5%8F%B0%E5%8C%97%E5%8D%97%E4%BA%AC%E4%B8%80%E5%BA%97/data=!4m7!3m6!1s0x3442a9666e9f721d:0x8aefbd57ef6d5d45!8m2!3d25.0518598!4d121.5273867!16s%2Fg%2F11b7cqtsy0!19sChIJHXKfbmapQjQRRV1t71e974o?authuser=0&hl=zh-TW&rclk=1,0x3442a9666e9f721d:0x8aefbd57ef6d5d45
844,Wendy,1,6 個月前,"東西很好吃  
但是我把火鍋的主餐無骨雞腿肉放到最後吃 沒想到可能是新來的服務員佩玲比較沒注意客人在說什麼就直接收走  
我其實有特別強調過 結果還是直接收走 攔都攔不住 請問是店內的聯絡mic太大聲嗎  
希望這位服務員能多注意點客人的需求

",2022-11-21,https://www.google.com.tw/maps/place/%E7%AF%89%E9%96%93%E5%B9%B8%E7%A6%8F%E9%8D%8B%E7%89%A9+%E5%8F%B0%E5%8C%97%E5%8D%97%E4%BA%AC%E4%B8%80%E5%BA%97/data=!4m7!3m6!1s0x3442a9666e9f721d:0x8aefbd57ef6d5d45!8m2!3d25.0518598!4d121.5273867!16s%2Fg%2F11b7cqtsy0!19sChIJHXKfbmapQjQRRV1t71e974o?authuser=0&hl=zh-TW&rclk=1,0x3442a9666e9f721d:0x8aefbd57ef6d5d45
845,彭笙瑞,5,6 個月前,"好吃

",2022-11-21,https://www.google.com.tw/maps/place/%E7%AF%89%E9%96%93%E5%B9%B8%E7%A6%8F%E9%8D%8B%E7%89%A9+%E5%8F%B0%E5%8C%97%E5%8D%97%E4%BA%AC%E4%B8%80%E5%BA%97/data=!4m7!3m6!1s0x3442a9666e9f721d:0x8aefbd57ef6d5d45!8m2!3d25.0518598!4d121.5273867!16s%2Fg%2F11b7cqtsy0!19sChIJHXKfbmapQjQRRV1t71e974o?authuser=0&hl=zh-TW&rclk=1,0x3442a9666e9f721d:0x8aefbd57ef6d5d45
846,Jacky Liu,5,6 個月前,"新鮮點了海陸及霜降牛肉，又用點數換了牛肉，真的太划算了，店員服務又好，很值得推薦給大家

",2022-11-21,https://www.google.com.tw/maps/place/%E7%AF%89%E9%96%93%E5%B9%B8%E7%A6%8F%E9%8D%8B%E7%89%A9+%E5%8F%B0%E5%8C%97%E5%8D%97%E4%BA%AC%E4%B8%80%E5%BA%97/data=!4m7!3m6!1s0x3442a9666e9f721d:0x8aefbd57ef6d5d45!8m2!3d25.0518598!4d121.5273867!16s%2Fg%2F11b7cqtsy0!19sChIJHXKfbmapQjQRRV1t71e974o?authuser=0&hl=zh-TW&rclk=1,0x3442a9666e9f721d:0x8aefbd57ef6d5d45
847,vivian lin,5,6 個月前,"愛吃鍋的好選擇～

",2022-11-21,https://www.google.com.tw/maps/place/%E7%AF%89%E9%96%93%E5%B9%B8%E7%A6%8F%E9%8D%8B%E7%89%A9+%E5%8F%B0%E5%8C%97%E5%8D%97%E4%BA%AC%E4%B8%80%E5%BA%97/data=!4m7!3m6!1s0x3442a9666e9f721d:0x8aefbd57ef6d5d45!8m2!3d25.0518598!4d121.5273867!16s%2Fg%2F11b7cqtsy0!19sChIJHXKfbmapQjQRRV1t71e974o?authuser=0&hl=zh-TW&rclk=1,0x3442a9666e9f721d:0x8aefbd57ef6d5d45
848,王芊云,5,6 個月前,,2022-11-21,https://www.google.com.tw/maps/place/%E7%AF%89%E9%96%93%E5%B9%B8%E7%A6%8F%E9%8D%8B%E7%89%A9+%E5%8F%B0%E5%8C%97%E5%8D%97%E4%BA%AC%E4%B8%80%E5%BA%97/data=!4m7!3m6!1s0x3442a9666e9f721d:0x8aefbd57ef6d5d45!8m2!3d25.0518598!4d121.5273867!16s%2Fg%2F11b7cqtsy0!19sChIJHXKfbmapQjQRRV1t71e974o?authuser=0&hl=zh-TW&rclk=1,0x3442a9666e9f721d:0x8aefbd57ef6d5d45
849,daisy Kuo,4,6 個月前,"點數換肉片吃蠻爽的！位子有點擠，其他還不錯

",2022-11-21,https://www.google.com.tw/maps/place/%E7%AF%89%E9%96%93%E5%B9%B8%E7%A6%8F%E9%8D%8B%E7%89%A9+%E5%8F%B0%E5%8C%97%E5%8D%97%E4%BA%AC%E4%B8%80%E5%BA%97/data=!4m7!3m6!1s0x3442a9666e9f721d:0x8aefbd57ef6d5d45!8m2!3d25.0518598!4d121.5273867!16s%2Fg%2F11b7cqtsy0!19sChIJHXKfbmapQjQRRV1t71e974o?authuser=0&hl=zh-TW&rclk=1,0x3442a9666e9f721d:0x8aefbd57ef6d5d45
850,Rétty Hsu,5,6 個月前,,2022-11-21,https://www.google.com.tw/maps/place/%E7%AF%89%E9%96%93%E5%B9%B8%E7%A6%8F%E9%8D%8B%E7%89%A9+%E5%8F%B0%E5%8C%97%E5%8D%97%E4%BA%AC%E4%B8%80%E5%BA%97/data=!4m7!3m6!1s0x3442a9666e9f721d:0x8aefbd57ef6d5d45!8m2!3d25.0518598!4d121.5273867!16s%2Fg%2F11b7cqtsy0!19sChIJHXKfbmapQjQRRV1t71e974o?authuser=0&hl=zh-TW&rclk=1,0x3442a9666e9f721d:0x8aefbd57ef6d5d45
851,廖思緯,5,6 個月前,"非常棒的用餐體驗，但有一個小插曲，其中一個較年長的服務人員收桌時不小心打破一個碗，全場安靜鴉雀無聲，沒過多久有一位比較資深的櫃檯人員前來，稍微苛責了一下，其實可以不需要這樣，因為看得出來阿姨很努力，打破碗沒什麼大不了，阿姨的服務也都非常溫暖貼心，建議可以用委婉的方式教育指導！謝謝！期望可以越來越好❤️

",2022-11-21,https://www.google.com.tw/maps/place/%E7%AF%89%E9%96%93%E5%B9%B8%E7%A6%8F%E9%8D%8B%E7%89%A9+%E5%8F%B0%E5%8C%97%E5%8D%97%E4%BA%AC%E4%B8%80%E5%BA%97/data=!4m7!3m6!1s0x3442a9666e9f721d:0x8aefbd57ef6d5d45!8m2!3d25.0518598!4d121.5273867!16s%2Fg%2F11b7cqtsy0!19sChIJHXKfbmapQjQRRV1t71e974o?authuser=0&hl=zh-TW&rclk=1,0x3442a9666e9f721d:0x8aefbd57ef6d5d45
852,DR'S Beauty辰瓏行銷美學坊集團,5,6 個月前,,2022-11-21,https://www.google.com.tw/maps/place/%E7%AF%89%E9%96%93%E5%B9%B8%E7%A6%8F%E9%8D%8B%E7%89%A9+%E5%8F%B0%E5%8C%97%E5%8D%97%E4%BA%AC%E4%B8%80%E5%BA%97/data=!4m7!3m6!1s0x3442a9666e9f721d:0x8aefbd57ef6d5d45!8m2!3d25.0518598!4d121.5273867!16s%2Fg%2F11b7cqtsy0!19sChIJHXKfbmapQjQRRV1t71e974o?authuser=0&hl=zh-TW&rclk=1,0x3442a9666e9f721d:0x8aefbd57ef6d5d45
853,Crystal Li,4,6 個月前,,2022-11-21,https://www.google.com.tw/maps/place/%E7%AF%89%E9%96%93%E5%B9%B8%E7%A6%8F%E9%8D%8B%E7%89%A9+%E5%8F%B0%E5%8C%97%E5%8D%97%E4%BA%AC%E4%B8%80%E5%BA%97/data=!4m7!3m6!1s0x3442a9666e9f721d:0x8aefbd57ef6d5d45!8m2!3d25.0518598!4d121.5273867!16s%2Fg%2F11b7cqtsy0!19sChIJHXKfbmapQjQRRV1t71e974o?authuser=0&hl=zh-TW&rclk=1,0x3442a9666e9f721d:0x8aefbd57ef6d5d45
854,張阿豪,1,7 個月前,"去吃一次就被匡列

",2022-11-21,https://www.google.com.tw/maps/place/%E7%AF%89%E9%96%93%E5%B9%B8%E7%A6%8F%E9%8D%8B%E7%89%A9+%E5%8F%B0%E5%8C%97%E5%8D%97%E4%BA%AC%E4%B8%80%E5%BA%97/data=!4m7!3m6!1s0x3442a9666e9f721d:0x8aefbd57ef6d5d45!8m2!3d25.0518598!4d121.5273867!16s%2Fg%2F11b7cqtsy0!19sChIJHXKfbmapQjQRRV1t71e974o?authuser=0&hl=zh-TW&rclk=1,0x3442a9666e9f721d:0x8aefbd57ef6d5d45
855,Ying Wei Tu,5,7 個月前,"菜品選項很多

",2022-11-21,https://www.google.com.tw/maps/place/%E7%AF%89%E9%96%93%E5%B9%B8%E7%A6%8F%E9%8D%8B%E7%89%A9+%E5%8F%B0%E5%8C%97%E5%8D%97%E4%BA%AC%E4%B8%80%E5%BA%97/data=!4m7!3m6!1s0x3442a9666e9f721d:0x8aefbd57ef6d5d45!8m2!3d25.0518598!4d121.5273867!16s%2Fg%2F11b7cqtsy0!19sChIJHXKfbmapQjQRRV1t71e974o?authuser=0&hl=zh-TW&rclk=1,0x3442a9666e9f721d:0x8aefbd57ef6d5d45
856,よねnori,4,7 個月前,,2022-11-21,https://www.google.com.tw/maps/place/%E7%AF%89%E9%96%93%E5%B9%B8%E7%A6%8F%E9%8D%8B%E7%89%A9+%E5%8F%B0%E5%8C%97%E5%8D%97%E4%BA%AC%E4%B8%80%E5%BA%97/data=!4m7!3m6!1s0x3442a9666e9f721d:0x8aefbd57ef6d5d45!8m2!3d25.0518598!4d121.5273867!16s%2Fg%2F11b7cqtsy0!19sChIJHXKfbmapQjQRRV1t71e974o?authuser=0&hl=zh-TW&rclk=1,0x3442a9666e9f721d:0x8aefbd57ef6d5d45
857,gimmy Liu,5,7 個月前,,2022-11-21,https://www.google.com.tw/maps/place/%E7%AF%89%E9%96%93%E5%B9%B8%E7%A6%8F%E9%8D%8B%E7%89%A9+%E5%8F%B0%E5%8C%97%E5%8D%97%E4%BA%AC%E4%B8%80%E5%BA%97/data=!4m7!3m6!1s0x3442a9666e9f721d:0x8aefbd57ef6d5d45!8m2!3d25.0518598!4d121.5273867!16s%2Fg%2F11b7cqtsy0!19sChIJHXKfbmapQjQRRV1t71e974o?authuser=0&hl=zh-TW&rclk=1,0x3442a9666e9f721d:0x8aefbd57ef6d5d45
858,小霸王,5,7 個月前,"天冷吃鍋的好地方

",2022-11-21,https://www.google.com.tw/maps/place/%E7%AF%89%E9%96%93%E5%B9%B8%E7%A6%8F%E9%8D%8B%E7%89%A9+%E5%8F%B0%E5%8C%97%E5%8D%97%E4%BA%AC%E4%B8%80%E5%BA%97/data=!4m7!3m6!1s0x3442a9666e9f721d:0x8aefbd57ef6d5d45!8m2!3d25.0518598!4d121.5273867!16s%2Fg%2F11b7cqtsy0!19sChIJHXKfbmapQjQRRV1t71e974o?authuser=0&hl=zh-TW&rclk=1,0x3442a9666e9f721d:0x8aefbd57ef6d5d45
859,小橘,5,7 個月前,,2022-11-21,https://www.google.com.tw/maps/place/%E7%AF%89%E9%96%93%E5%B9%B8%E7%A6%8F%E9%8D%8B%E7%89%A9+%E5%8F%B0%E5%8C%97%E5%8D%97%E4%BA%AC%E4%B8%80%E5%BA%97/data=!4m7!3m6!1s0x3442a9666e9f721d:0x8aefbd57ef6d5d45!8m2!3d25.0518598!4d121.5273867!16s%2Fg%2F11b7cqtsy0!19sChIJHXKfbmapQjQRRV1t71e974o?authuser=0&hl=zh-TW&rclk=1,0x3442a9666e9f721d:0x8aefbd57ef6d5d45
860,May Chiu,5,7 個月前,"#築間幸福鍋物 主餐 + 菜盤自助式  
海鮮新鮮 肉盤大份 質感不錯  
火鍋料及青菜品項不多  
  
之前蠻喜歡吃築間的 (台中文心一二店)用餐後都會送一張兌換券 下次食用可換蛤蜊 鮮蚵 肉盤等 cp值極高  
這是第一次吃到菜盤自助吃到飽的築間 吃的飽飽 還算不錯

",2022-11-21,https://www.google.com.tw/maps/place/%E7%AF%89%E9%96%93%E5%B9%B8%E7%A6%8F%E9%8D%8B%E7%89%A9+%E5%8F%B0%E5%8C%97%E5%8D%97%E4%BA%AC%E4%B8%80%E5%BA%97/data=!4m7!3m6!1s0x3442a9666e9f721d:0x8aefbd57ef6d5d45!8m2!3d25.0518598!4d121.5273867!16s%2Fg%2F11b7cqtsy0!19sChIJHXKfbmapQjQRRV1t71e974o?authuser=0&hl=zh-TW&rclk=1,0x3442a9666e9f721d:0x8aefbd57ef6d5d45
861,Eve,5,7 個月前,"今天在南京二店進行家庭聚餐，因為有老有小比較吵雜，也會有許多問題發問，想謝謝楊子萱小姐的專業建議跟耐心，讓聚餐這件事情順利且愉快！  
食材也很新鮮，吃飽喝足，服務加分！

",2022-11-21,https://www.google.com.tw/maps/place/%E7%AF%89%E9%96%93%E5%B9%B8%E7%A6%8F%E9%8D%8B%E7%89%A9+%E5%8F%B0%E5%8C%97%E5%8D%97%E4%BA%AC%E4%B8%80%E5%BA%97/data=!4m7!3m6!1s0x3442a9666e9f721d:0x8aefbd57ef6d5d45!8m2!3d25.0518598!4d121.5273867!16s%2Fg%2F11b7cqtsy0!19sChIJHXKfbmapQjQRRV1t71e974o?authuser=0&hl=zh-TW&rclk=1,0x3442a9666e9f721d:0x8aefbd57ef6d5d45
862,廖建豪,4,7 個月前,"食材新鮮份量足好吃

",2022-11-21,https://www.google.com.tw/maps/place/%E7%AF%89%E9%96%93%E5%B9%B8%E7%A6%8F%E9%8D%8B%E7%89%A9+%E5%8F%B0%E5%8C%97%E5%8D%97%E4%BA%AC%E4%B8%80%E5%BA%97/data=!4m7!3m6!1s0x3442a9666e9f721d:0x8aefbd57ef6d5d45!8m2!3d25.0518598!4d121.5273867!16s%2Fg%2F11b7cqtsy0!19sChIJHXKfbmapQjQRRV1t71e974o?authuser=0&hl=zh-TW&rclk=1,0x3442a9666e9f721d:0x8aefbd57ef6d5d45
863,蔡嘉祐,4,7 個月前,"建議在點餐前告知用餐時限 這間只有100分鐘 不過有提供外帶服務還行 肉品對得起價格 還有自主飲料跟冰淇淋 服務也不錯

",2022-11-21,https://www.google.com.tw/maps/place/%E7%AF%89%E9%96%93%E5%B9%B8%E7%A6%8F%E9%8D%8B%E7%89%A9+%E5%8F%B0%E5%8C%97%E5%8D%97%E4%BA%AC%E4%B8%80%E5%BA%97/data=!4m7!3m6!1s0x3442a9666e9f721d:0x8aefbd57ef6d5d45!8m2!3d25.0518598!4d121.5273867!16s%2Fg%2F11b7cqtsy0!19sChIJHXKfbmapQjQRRV1t71e974o?authuser=0&hl=zh-TW&rclk=1,0x3442a9666e9f721d:0x8aefbd57ef6d5d45
864,劉俊男,5,7 個月前,,2022-11-21,https://www.google.com.tw/maps/place/%E7%AF%89%E9%96%93%E5%B9%B8%E7%A6%8F%E9%8D%8B%E7%89%A9+%E5%8F%B0%E5%8C%97%E5%8D%97%E4%BA%AC%E4%B8%80%E5%BA%97/data=!4m7!3m6!1s0x3442a9666e9f721d:0x8aefbd57ef6d5d45!8m2!3d25.0518598!4d121.5273867!16s%2Fg%2F11b7cqtsy0!19sChIJHXKfbmapQjQRRV1t71e974o?authuser=0&hl=zh-TW&rclk=1,0x3442a9666e9f721d:0x8aefbd57ef6d5d45
865,Echo Liao,1,7 個月前,"1F的菜盤是固定的，2F才是自助吃到飽，訂位時完全沒有告知。
下午3點多的時段，店內明明沒滿，很多空桌，卻硬要跟別人併桌用隔板，用餐到結束店內還是一堆空桌...只能說用餐環境不優...
店員安排位置的能力那麼差，還一直推銷產品，真的捧場不下去^_^

",2022-11-21,https://www.google.com.tw/maps/place/%E7%AF%89%E9%96%93%E5%B9%B8%E7%A6%8F%E9%8D%8B%E7%89%A9+%E5%8F%B0%E5%8C%97%E5%8D%97%E4%BA%AC%E4%B8%80%E5%BA%97/data=!4m7!3m6!1s0x3442a9666e9f721d:0x8aefbd57ef6d5d45!8m2!3d25.0518598!4d121.5273867!16s%2Fg%2F11b7cqtsy0!19sChIJHXKfbmapQjQRRV1t71e974o?authuser=0&hl=zh-TW&rclk=1,0x3442a9666e9f721d:0x8aefbd57ef6d5d45
866,佐藤一郎,3,7 個月前,"(由 Google 提供翻譯) 店里人滿為患，所以我不得不和其他顧客共用一張桌子。  
工作人員的印象非常好！客服很有禮貌。  
  
厚顏無恥的好店，位置不合適，  
餐廳可以退款，所以可以多人一起用餐。  
  
店員服務很熱情，印像很好，  
然而接人手不足，反轉餐廳，  
事實上，一些客戶有一些複雜的感受。  
  
(原始評論)  
店が混雑してますので他のお客様と相席をしなければなりません。  
スタッフさんの印象が凄くいい！接客が丁寧です。  
  
生意良好的店，位置不舒適必須並桌，  
餐點內容還可以，適合人多平價聚餐。  
  
店員的服務很客氣，印象很好，  
但是感受到人手不足，反覆給錯餐點，  
其實顧客也有些被干擾的感覺。

",2022-11-21,https://www.google.com.tw/maps/place/%E7%AF%89%E9%96%93%E5%B9%B8%E7%A6%8F%E9%8D%8B%E7%89%A9+%E5%8F%B0%E5%8C%97%E5%8D%97%E4%BA%AC%E4%B8%80%E5%BA%97/data=!4m7!3m6!1s0x3442a9666e9f721d:0x8aefbd57ef6d5d45!8m2!3d25.0518598!4d121.5273867!16s%2Fg%2F11b7cqtsy0!19sChIJHXKfbmapQjQRRV1t71e974o?authuser=0&hl=zh-TW&rclk=1,0x3442a9666e9f721d:0x8aefbd57ef6d5d45
867,郭傳崇,1,7 個月前,,2022-11-21,https://www.google.com.tw/maps/place/%E7%AF%89%E9%96%93%E5%B9%B8%E7%A6%8F%E9%8D%8B%E7%89%A9+%E5%8F%B0%E5%8C%97%E5%8D%97%E4%BA%AC%E4%B8%80%E5%BA%97/data=!4m7!3m6!1s0x3442a9666e9f721d:0x8aefbd57ef6d5d45!8m2!3d25.0518598!4d121.5273867!16s%2Fg%2F11b7cqtsy0!19sChIJHXKfbmapQjQRRV1t71e974o?authuser=0&hl=zh-TW&rclk=1,0x3442a9666e9f721d:0x8aefbd57ef6d5d45
868,高筱惠,5,7 個月前,"干貝湯底、牛奶湯底都超好喝。

",2022-11-21,https://www.google.com.tw/maps/place/%E7%AF%89%E9%96%93%E5%B9%B8%E7%A6%8F%E9%8D%8B%E7%89%A9+%E5%8F%B0%E5%8C%97%E5%8D%97%E4%BA%AC%E4%B8%80%E5%BA%97/data=!4m7!3m6!1s0x3442a9666e9f721d:0x8aefbd57ef6d5d45!8m2!3d25.0518598!4d121.5273867!16s%2Fg%2F11b7cqtsy0!19sChIJHXKfbmapQjQRRV1t71e974o?authuser=0&hl=zh-TW&rclk=1,0x3442a9666e9f721d:0x8aefbd57ef6d5d45
869,葉雅婷,5,7 個月前,,2022-11-21,https://www.google.com.tw/maps/place/%E7%AF%89%E9%96%93%E5%B9%B8%E7%A6%8F%E9%8D%8B%E7%89%A9+%E5%8F%B0%E5%8C%97%E5%8D%97%E4%BA%AC%E4%B8%80%E5%BA%97/data=!4m7!3m6!1s0x3442a9666e9f721d:0x8aefbd57ef6d5d45!8m2!3d25.0518598!4d121.5273867!16s%2Fg%2F11b7cqtsy0!19sChIJHXKfbmapQjQRRV1t71e974o?authuser=0&hl=zh-TW&rclk=1,0x3442a9666e9f721d:0x8aefbd57ef6d5d45
870,隨風飄,4,7 個月前,,2022-11-21,https://www.google.com.tw/maps/place/%E7%AF%89%E9%96%93%E5%B9%B8%E7%A6%8F%E9%8D%8B%E7%89%A9+%E5%8F%B0%E5%8C%97%E5%8D%97%E4%BA%AC%E4%B8%80%E5%BA%97/data=!4m7!3m6!1s0x3442a9666e9f721d:0x8aefbd57ef6d5d45!8m2!3d25.0518598!4d121.5273867!16s%2Fg%2F11b7cqtsy0!19sChIJHXKfbmapQjQRRV1t71e974o?authuser=0&hl=zh-TW&rclk=1,0x3442a9666e9f721d:0x8aefbd57ef6d5d45
871,天裕,3,7 個月前,"優點：  
牛奶湯不錯。  
肉也都蠻大盤，品質也中上，而且大部分的照片都是集點換的肉。  
醬料也都有即時供應。  
缺點：  
滷肉飯、豬油拌飯超難吃。米太爛了。  
價位其實不算划算，幾乎吃到飽的價位了。

",2022-11-21,https://www.google.com.tw/maps/place/%E7%AF%89%E9%96%93%E5%B9%B8%E7%A6%8F%E9%8D%8B%E7%89%A9+%E5%8F%B0%E5%8C%97%E5%8D%97%E4%BA%AC%E4%B8%80%E5%BA%97/data=!4m7!3m6!1s0x3442a9666e9f721d:0x8aefbd57ef6d5d45!8m2!3d25.0518598!4d121.5273867!16s%2Fg%2F11b7cqtsy0!19sChIJHXKfbmapQjQRRV1t71e974o?authuser=0&hl=zh-TW&rclk=1,0x3442a9666e9f721d:0x8aefbd57ef6d5d45
872,芭比Q樂,5,7 個月前,"好吃，高CP值，服務也很讚!

",2022-11-21,https://www.google.com.tw/maps/place/%E7%AF%89%E9%96%93%E5%B9%B8%E7%A6%8F%E9%8D%8B%E7%89%A9+%E5%8F%B0%E5%8C%97%E5%8D%97%E4%BA%AC%E4%B8%80%E5%BA%97/data=!4m7!3m6!1s0x3442a9666e9f721d:0x8aefbd57ef6d5d45!8m2!3d25.0518598!4d121.5273867!16s%2Fg%2F11b7cqtsy0!19sChIJHXKfbmapQjQRRV1t71e974o?authuser=0&hl=zh-TW&rclk=1,0x3442a9666e9f721d:0x8aefbd57ef6d5d45
873,CP W,4,8 個月前,,2022-11-21,https://www.google.com.tw/maps/place/%E7%AF%89%E9%96%93%E5%B9%B8%E7%A6%8F%E9%8D%8B%E7%89%A9+%E5%8F%B0%E5%8C%97%E5%8D%97%E4%BA%AC%E4%B8%80%E5%BA%97/data=!4m7!3m6!1s0x3442a9666e9f721d:0x8aefbd57ef6d5d45!8m2!3d25.0518598!4d121.5273867!16s%2Fg%2F11b7cqtsy0!19sChIJHXKfbmapQjQRRV1t71e974o?authuser=0&hl=zh-TW&rclk=1,0x3442a9666e9f721d:0x8aefbd57ef6d5d45
874,Bryan,3,8 個月前,,2022-11-21,https://www.google.com.tw/maps/place/%E7%AF%89%E9%96%93%E5%B9%B8%E7%A6%8F%E9%8D%8B%E7%89%A9+%E5%8F%B0%E5%8C%97%E5%8D%97%E4%BA%AC%E4%B8%80%E5%BA%97/data=!4m7!3m6!1s0x3442a9666e9f721d:0x8aefbd57ef6d5d45!8m2!3d25.0518598!4d121.5273867!16s%2Fg%2F11b7cqtsy0!19sChIJHXKfbmapQjQRRV1t71e974o?authuser=0&hl=zh-TW&rclk=1,0x3442a9666e9f721d:0x8aefbd57ef6d5d45
875,劉湘言,5,8 個月前,,2022-11-21,https://www.google.com.tw/maps/place/%E7%AF%89%E9%96%93%E5%B9%B8%E7%A6%8F%E9%8D%8B%E7%89%A9+%E5%8F%B0%E5%8C%97%E5%8D%97%E4%BA%AC%E4%B8%80%E5%BA%97/data=!4m7!3m6!1s0x3442a9666e9f721d:0x8aefbd57ef6d5d45!8m2!3d25.0518598!4d121.5273867!16s%2Fg%2F11b7cqtsy0!19sChIJHXKfbmapQjQRRV1t71e974o?authuser=0&hl=zh-TW&rclk=1,0x3442a9666e9f721d:0x8aefbd57ef6d5d45
876,楊寶蓮,5,8 個月前,"飲料吧很多選擇，菜盤料多肉好吃好吃，CP值高

",2022-11-21,https://www.google.com.tw/maps/place/%E7%AF%89%E9%96%93%E5%B9%B8%E7%A6%8F%E9%8D%8B%E7%89%A9+%E5%8F%B0%E5%8C%97%E5%8D%97%E4%BA%AC%E4%B8%80%E5%BA%97/data=!4m7!3m6!1s0x3442a9666e9f721d:0x8aefbd57ef6d5d45!8m2!3d25.0518598!4d121.5273867!16s%2Fg%2F11b7cqtsy0!19sChIJHXKfbmapQjQRRV1t71e974o?authuser=0&hl=zh-TW&rclk=1,0x3442a9666e9f721d:0x8aefbd57ef6d5d45
877,優美樓鳳（大台北-桃園-基隆-超高CP質）,5,8 個月前,"服務親切，待人和善，很用心把他的工作角色扮演好，介紹詳細對的東西，,都會在第一間時間處理客人需求,第一次來這邊，往往看的是最基本的服務態度，不然無法真正感覺被尊重,
這裡是情侶來這的好地方之一,如要安排行程  
又怕太安靜的這裡是好選擇~*

",2022-11-21,https://www.google.com.tw/maps/place/%E7%AF%89%E9%96%93%E5%B9%B8%E7%A6%8F%E9%8D%8B%E7%89%A9+%E5%8F%B0%E5%8C%97%E5%8D%97%E4%BA%AC%E4%B8%80%E5%BA%97/data=!4m7!3m6!1s0x3442a9666e9f721d:0x8aefbd57ef6d5d45!8m2!3d25.0518598!4d121.5273867!16s%2Fg%2F11b7cqtsy0!19sChIJHXKfbmapQjQRRV1t71e974o?authuser=0&hl=zh-TW&rclk=1,0x3442a9666e9f721d:0x8aefbd57ef6d5d45
878,Nick Wang,4,8 個月前,"湯頭肉品都不錯 就是疫情關係 有點擠....

",2022-11-21,https://www.google.com.tw/maps/place/%E7%AF%89%E9%96%93%E5%B9%B8%E7%A6%8F%E9%8D%8B%E7%89%A9+%E5%8F%B0%E5%8C%97%E5%8D%97%E4%BA%AC%E4%B8%80%E5%BA%97/data=!4m7!3m6!1s0x3442a9666e9f721d:0x8aefbd57ef6d5d45!8m2!3d25.0518598!4d121.5273867!16s%2Fg%2F11b7cqtsy0!19sChIJHXKfbmapQjQRRV1t71e974o?authuser=0&hl=zh-TW&rclk=1,0x3442a9666e9f721d:0x8aefbd57ef6d5d45
879,Wendy L,1,8 個月前,"這家顯示菜盤自助  
結果我訂位他也沒有跟我告知只有2樓的有自助式  
到了之後才發現沒有  
然後現在還要出來再等半個小時

",2022-11-21,https://www.google.com.tw/maps/place/%E7%AF%89%E9%96%93%E5%B9%B8%E7%A6%8F%E9%8D%8B%E7%89%A9+%E5%8F%B0%E5%8C%97%E5%8D%97%E4%BA%AC%E4%B8%80%E5%BA%97/data=!4m7!3m6!1s0x3442a9666e9f721d:0x8aefbd57ef6d5d45!8m2!3d25.0518598!4d121.5273867!16s%2Fg%2F11b7cqtsy0!19sChIJHXKfbmapQjQRRV1t71e974o?authuser=0&hl=zh-TW&rclk=1,0x3442a9666e9f721d:0x8aefbd57ef6d5d45
880,JASON,1,8 個月前,"點了高檔餐，到了左料區馬的問服務員怎沒蔥了問第1次說廚房在補了等等然後在問2次其它服務員才說蔥沒了用完，左料區其它醬料見底了也不補，買單收銀員還問我要不要點數，我直接說我負評了下次不會再來，只回不好意思。本人感覺不好意思爛店

",2022-11-21,https://www.google.com.tw/maps/place/%E7%AF%89%E9%96%93%E5%B9%B8%E7%A6%8F%E9%8D%8B%E7%89%A9+%E5%8F%B0%E5%8C%97%E5%8D%97%E4%BA%AC%E4%B8%80%E5%BA%97/data=!4m7!3m6!1s0x3442a9666e9f721d:0x8aefbd57ef6d5d45!8m2!3d25.0518598!4d121.5273867!16s%2Fg%2F11b7cqtsy0!19sChIJHXKfbmapQjQRRV1t71e974o?authuser=0&hl=zh-TW&rclk=1,0x3442a9666e9f721d:0x8aefbd57ef6d5d45
881,陳威任,4,8 個月前,"味道不錯！湯頭很讚，價格稍高，且火鍋味非常重！

",2022-11-21,https://www.google.com.tw/maps/place/%E7%AF%89%E9%96%93%E5%B9%B8%E7%A6%8F%E9%8D%8B%E7%89%A9+%E5%8F%B0%E5%8C%97%E5%8D%97%E4%BA%AC%E4%B8%80%E5%BA%97/data=!4m7!3m6!1s0x3442a9666e9f721d:0x8aefbd57ef6d5d45!8m2!3d25.0518598!4d121.5273867!16s%2Fg%2F11b7cqtsy0!19sChIJHXKfbmapQjQRRV1t71e974o?authuser=0&hl=zh-TW&rclk=1,0x3442a9666e9f721d:0x8aefbd57ef6d5d45
882,徐敏華,5,8 個月前,"服務有築間的水準，可惜位子有一點點小，其他還不錯

",2022-11-21,https://www.google.com.tw/maps/place/%E7%AF%89%E9%96%93%E5%B9%B8%E7%A6%8F%E9%8D%8B%E7%89%A9+%E5%8F%B0%E5%8C%97%E5%8D%97%E4%BA%AC%E4%B8%80%E5%BA%97/data=!4m7!3m6!1s0x3442a9666e9f721d:0x8aefbd57ef6d5d45!8m2!3d25.0518598!4d121.5273867!16s%2Fg%2F11b7cqtsy0!19sChIJHXKfbmapQjQRRV1t71e974o?authuser=0&hl=zh-TW&rclk=1,0x3442a9666e9f721d:0x8aefbd57ef6d5d45
883,jun jie,5,8 個月前,"(由 Google 提供翻譯) 武間  
  
(原始評論)  
竹間

",2022-11-21,https://www.google.com.tw/maps/place/%E7%AF%89%E9%96%93%E5%B9%B8%E7%A6%8F%E9%8D%8B%E7%89%A9+%E5%8F%B0%E5%8C%97%E5%8D%97%E4%BA%AC%E4%B8%80%E5%BA%97/data=!4m7!3m6!1s0x3442a9666e9f721d:0x8aefbd57ef6d5d45!8m2!3d25.0518598!4d121.5273867!16s%2Fg%2F11b7cqtsy0!19sChIJHXKfbmapQjQRRV1t71e974o?authuser=0&hl=zh-TW&rclk=1,0x3442a9666e9f721d:0x8aefbd57ef6d5d45
884,Rebecca Hsueh,5,8 個月前,"好吃！

",2022-11-21,https://www.google.com.tw/maps/place/%E7%AF%89%E9%96%93%E5%B9%B8%E7%A6%8F%E9%8D%8B%E7%89%A9+%E5%8F%B0%E5%8C%97%E5%8D%97%E4%BA%AC%E4%B8%80%E5%BA%97/data=!4m7!3m6!1s0x3442a9666e9f721d:0x8aefbd57ef6d5d45!8m2!3d25.0518598!4d121.5273867!16s%2Fg%2F11b7cqtsy0!19sChIJHXKfbmapQjQRRV1t71e974o?authuser=0&hl=zh-TW&rclk=1,0x3442a9666e9f721d:0x8aefbd57ef6d5d45
885,CHEN品品,3,8 個月前,"性價比普通

",2022-11-21,https://www.google.com.tw/maps/place/%E7%AF%89%E9%96%93%E5%B9%B8%E7%A6%8F%E9%8D%8B%E7%89%A9+%E5%8F%B0%E5%8C%97%E5%8D%97%E4%BA%AC%E4%B8%80%E5%BA%97/data=!4m7!3m6!1s0x3442a9666e9f721d:0x8aefbd57ef6d5d45!8m2!3d25.0518598!4d121.5273867!16s%2Fg%2F11b7cqtsy0!19sChIJHXKfbmapQjQRRV1t71e974o?authuser=0&hl=zh-TW&rclk=1,0x3442a9666e9f721d:0x8aefbd57ef6d5d45
886,Mei Zhang,5,8 個月前,,2022-11-21,https://www.google.com.tw/maps/place/%E7%AF%89%E9%96%93%E5%B9%B8%E7%A6%8F%E9%8D%8B%E7%89%A9+%E5%8F%B0%E5%8C%97%E5%8D%97%E4%BA%AC%E4%B8%80%E5%BA%97/data=!4m7!3m6!1s0x3442a9666e9f721d:0x8aefbd57ef6d5d45!8m2!3d25.0518598!4d121.5273867!16s%2Fg%2F11b7cqtsy0!19sChIJHXKfbmapQjQRRV1t71e974o?authuser=0&hl=zh-TW&rclk=1,0x3442a9666e9f721d:0x8aefbd57ef6d5d45
887,李建平,5,8 個月前,,2022-11-21,https://www.google.com.tw/maps/place/%E7%AF%89%E9%96%93%E5%B9%B8%E7%A6%8F%E9%8D%8B%E7%89%A9+%E5%8F%B0%E5%8C%97%E5%8D%97%E4%BA%AC%E4%B8%80%E5%BA%97/data=!4m7!3m6!1s0x3442a9666e9f721d:0x8aefbd57ef6d5d45!8m2!3d25.0518598!4d121.5273867!16s%2Fg%2F11b7cqtsy0!19sChIJHXKfbmapQjQRRV1t71e974o?authuser=0&hl=zh-TW&rclk=1,0x3442a9666e9f721d:0x8aefbd57ef6d5d45
888,Papa Lin,4,8 個月前,"服務生態度非常好！  
可惜飲料機沒氣反應後無法處理～

",2022-11-21,https://www.google.com.tw/maps/place/%E7%AF%89%E9%96%93%E5%B9%B8%E7%A6%8F%E9%8D%8B%E7%89%A9+%E5%8F%B0%E5%8C%97%E5%8D%97%E4%BA%AC%E4%B8%80%E5%BA%97/data=!4m7!3m6!1s0x3442a9666e9f721d:0x8aefbd57ef6d5d45!8m2!3d25.0518598!4d121.5273867!16s%2Fg%2F11b7cqtsy0!19sChIJHXKfbmapQjQRRV1t71e974o?authuser=0&hl=zh-TW&rclk=1,0x3442a9666e9f721d:0x8aefbd57ef6d5d45
889,邱欣瑾,3,8 個月前,,2022-11-21,https://www.google.com.tw/maps/place/%E7%AF%89%E9%96%93%E5%B9%B8%E7%A6%8F%E9%8D%8B%E7%89%A9+%E5%8F%B0%E5%8C%97%E5%8D%97%E4%BA%AC%E4%B8%80%E5%BA%97/data=!4m7!3m6!1s0x3442a9666e9f721d:0x8aefbd57ef6d5d45!8m2!3d25.0518598!4d121.5273867!16s%2Fg%2F11b7cqtsy0!19sChIJHXKfbmapQjQRRV1t71e974o?authuser=0&hl=zh-TW&rclk=1,0x3442a9666e9f721d:0x8aefbd57ef6d5d45
890,Alf Chang,5,8 個月前,,2022-11-21,https://www.google.com.tw/maps/place/%E7%AF%89%E9%96%93%E5%B9%B8%E7%A6%8F%E9%8D%8B%E7%89%A9+%E5%8F%B0%E5%8C%97%E5%8D%97%E4%BA%AC%E4%B8%80%E5%BA%97/data=!4m7!3m6!1s0x3442a9666e9f721d:0x8aefbd57ef6d5d45!8m2!3d25.0518598!4d121.5273867!16s%2Fg%2F11b7cqtsy0!19sChIJHXKfbmapQjQRRV1t71e974o?authuser=0&hl=zh-TW&rclk=1,0x3442a9666e9f721d:0x8aefbd57ef6d5d45
891,O L,5,8 個月前,"好吃，服務很好，但人力感覺非常不足，覺得服務生很可憐忙翻了

",2022-11-21,https://www.google.com.tw/maps/place/%E7%AF%89%E9%96%93%E5%B9%B8%E7%A6%8F%E9%8D%8B%E7%89%A9+%E5%8F%B0%E5%8C%97%E5%8D%97%E4%BA%AC%E4%B8%80%E5%BA%97/data=!4m7!3m6!1s0x3442a9666e9f721d:0x8aefbd57ef6d5d45!8m2!3d25.0518598!4d121.5273867!16s%2Fg%2F11b7cqtsy0!19sChIJHXKfbmapQjQRRV1t71e974o?authuser=0&hl=zh-TW&rclk=1,0x3442a9666e9f721d:0x8aefbd57ef6d5d45
892,su suzi,1,8 個月前,"海鮮食材不新鮮，蛤蠣未吐完沙~不是台灣的梅花豬肉片，豬腥味蠻重的

",2022-11-21,https://www.google.com.tw/maps/place/%E7%AF%89%E9%96%93%E5%B9%B8%E7%A6%8F%E9%8D%8B%E7%89%A9+%E5%8F%B0%E5%8C%97%E5%8D%97%E4%BA%AC%E4%B8%80%E5%BA%97/data=!4m7!3m6!1s0x3442a9666e9f721d:0x8aefbd57ef6d5d45!8m2!3d25.0518598!4d121.5273867!16s%2Fg%2F11b7cqtsy0!19sChIJHXKfbmapQjQRRV1t71e974o?authuser=0&hl=zh-TW&rclk=1,0x3442a9666e9f721d:0x8aefbd57ef6d5d45
893,Hali Ou,4,8 個月前,"Cp值不錯，肉類口感有達水準，整理來說好吃~~

",2022-11-21,https://www.google.com.tw/maps/place/%E7%AF%89%E9%96%93%E5%B9%B8%E7%A6%8F%E9%8D%8B%E7%89%A9+%E5%8F%B0%E5%8C%97%E5%8D%97%E4%BA%AC%E4%B8%80%E5%BA%97/data=!4m7!3m6!1s0x3442a9666e9f721d:0x8aefbd57ef6d5d45!8m2!3d25.0518598!4d121.5273867!16s%2Fg%2F11b7cqtsy0!19sChIJHXKfbmapQjQRRV1t71e974o?authuser=0&hl=zh-TW&rclk=1,0x3442a9666e9f721d:0x8aefbd57ef6d5d45
894,James Chen,4,8 個月前,"生意超好，越晚人越多，最好先訂位。  
附近停車場時常客滿，選擇大眾運輸交通工具會比較理想。

",2022-11-21,https://www.google.com.tw/maps/place/%E7%AF%89%E9%96%93%E5%B9%B8%E7%A6%8F%E9%8D%8B%E7%89%A9+%E5%8F%B0%E5%8C%97%E5%8D%97%E4%BA%AC%E4%B8%80%E5%BA%97/data=!4m7!3m6!1s0x3442a9666e9f721d:0x8aefbd57ef6d5d45!8m2!3d25.0518598!4d121.5273867!16s%2Fg%2F11b7cqtsy0!19sChIJHXKfbmapQjQRRV1t71e974o?authuser=0&hl=zh-TW&rclk=1,0x3442a9666e9f721d:0x8aefbd57ef6d5d45
895,Irene Tung,5,8 個月前,"肉好吃

",2022-11-21,https://www.google.com.tw/maps/place/%E7%AF%89%E9%96%93%E5%B9%B8%E7%A6%8F%E9%8D%8B%E7%89%A9+%E5%8F%B0%E5%8C%97%E5%8D%97%E4%BA%AC%E4%B8%80%E5%BA%97/data=!4m7!3m6!1s0x3442a9666e9f721d:0x8aefbd57ef6d5d45!8m2!3d25.0518598!4d121.5273867!16s%2Fg%2F11b7cqtsy0!19sChIJHXKfbmapQjQRRV1t71e974o?authuser=0&hl=zh-TW&rclk=1,0x3442a9666e9f721d:0x8aefbd57ef6d5d45
896,阿霆,4,8 個月前,"半夜可以來

",2022-11-21,https://www.google.com.tw/maps/place/%E7%AF%89%E9%96%93%E5%B9%B8%E7%A6%8F%E9%8D%8B%E7%89%A9+%E5%8F%B0%E5%8C%97%E5%8D%97%E4%BA%AC%E4%B8%80%E5%BA%97/data=!4m7!3m6!1s0x3442a9666e9f721d:0x8aefbd57ef6d5d45!8m2!3d25.0518598!4d121.5273867!16s%2Fg%2F11b7cqtsy0!19sChIJHXKfbmapQjQRRV1t71e974o?authuser=0&hl=zh-TW&rclk=1,0x3442a9666e9f721d:0x8aefbd57ef6d5d45
897,謝建和,5,8 個月前,,2022-11-21,https://www.google.com.tw/maps/place/%E7%AF%89%E9%96%93%E5%B9%B8%E7%A6%8F%E9%8D%8B%E7%89%A9+%E5%8F%B0%E5%8C%97%E5%8D%97%E4%BA%AC%E4%B8%80%E5%BA%97/data=!4m7!3m6!1s0x3442a9666e9f721d:0x8aefbd57ef6d5d45!8m2!3d25.0518598!4d121.5273867!16s%2Fg%2F11b7cqtsy0!19sChIJHXKfbmapQjQRRV1t71e974o?authuser=0&hl=zh-TW&rclk=1,0x3442a9666e9f721d:0x8aefbd57ef6d5d45
898,Chuan-Ching Wang,3,9 個月前,"可以吃很飽，但覺得滋味就是普通火鍋。

",2022-11-21,https://www.google.com.tw/maps/place/%E7%AF%89%E9%96%93%E5%B9%B8%E7%A6%8F%E9%8D%8B%E7%89%A9+%E5%8F%B0%E5%8C%97%E5%8D%97%E4%BA%AC%E4%B8%80%E5%BA%97/data=!4m7!3m6!1s0x3442a9666e9f721d:0x8aefbd57ef6d5d45!8m2!3d25.0518598!4d121.5273867!16s%2Fg%2F11b7cqtsy0!19sChIJHXKfbmapQjQRRV1t71e974o?authuser=0&hl=zh-TW&rclk=1,0x3442a9666e9f721d:0x8aefbd57ef6d5d45
899,恬恬,3,9 個月前,"在台中讀書時很愛吃  
但是台北的服務及品質好像略輸台中  
飲料吧的杯子每個都看起來沒洗乾淨，上面有白白髒髒的東西  
用店裡熱水沖過之後水是濁的⋯  
另外附餐白飯和其他評論說的一樣，鍋跟肉都來了快半小時還沒來，飯很黏  
不過肉量、湯底都很滿意  
整體還是好吃的，但覺得這些小細節可以再多注意一點

",2022-11-21,https://www.google.com.tw/maps/place/%E7%AF%89%E9%96%93%E5%B9%B8%E7%A6%8F%E9%8D%8B%E7%89%A9+%E5%8F%B0%E5%8C%97%E5%8D%97%E4%BA%AC%E4%B8%80%E5%BA%97/data=!4m7!3m6!1s0x3442a9666e9f721d:0x8aefbd57ef6d5d45!8m2!3d25.0518598!4d121.5273867!16s%2Fg%2F11b7cqtsy0!19sChIJHXKfbmapQjQRRV1t71e974o?authuser=0&hl=zh-TW&rclk=1,0x3442a9666e9f721d:0x8aefbd57ef6d5d45
900,M,5,9 個月前,"只會選擇在二樓用餐  
畢竟蔬菜是自助式供應  
對於我這個蔬菜 愛好者非常喜歡  
湯底部份蠻香的 值得加價  
建議跟朋友一起聚餐累積點數  
下次可以換取餐點（一鍋限一個）  
肉品部份也是現切  
  
營業時間到凌晨4:00  
對於晚下班及想吃宵夜的人  
是非常好的一個選擇  
  
回訪機率：60%

",2022-11-21,https://www.google.com.tw/maps/place/%E7%AF%89%E9%96%93%E5%B9%B8%E7%A6%8F%E9%8D%8B%E7%89%A9+%E5%8F%B0%E5%8C%97%E5%8D%97%E4%BA%AC%E4%B8%80%E5%BA%97/data=!4m7!3m6!1s0x3442a9666e9f721d:0x8aefbd57ef6d5d45!8m2!3d25.0518598!4d121.5273867!16s%2Fg%2F11b7cqtsy0!19sChIJHXKfbmapQjQRRV1t71e974o?authuser=0&hl=zh-TW&rclk=1,0x3442a9666e9f721d:0x8aefbd57ef6d5d45
901,hidemi yang,5,9 個月前,"食材新鮮

",2022-11-21,https://www.google.com.tw/maps/place/%E7%AF%89%E9%96%93%E5%B9%B8%E7%A6%8F%E9%8D%8B%E7%89%A9+%E5%8F%B0%E5%8C%97%E5%8D%97%E4%BA%AC%E4%B8%80%E5%BA%97/data=!4m7!3m6!1s0x3442a9666e9f721d:0x8aefbd57ef6d5d45!8m2!3d25.0518598!4d121.5273867!16s%2Fg%2F11b7cqtsy0!19sChIJHXKfbmapQjQRRV1t71e974o?authuser=0&hl=zh-TW&rclk=1,0x3442a9666e9f721d:0x8aefbd57ef6d5d45
902,Maggie Chuang,4,9 個月前,,2022-11-21,https://www.google.com.tw/maps/place/%E7%AF%89%E9%96%93%E5%B9%B8%E7%A6%8F%E9%8D%8B%E7%89%A9+%E5%8F%B0%E5%8C%97%E5%8D%97%E4%BA%AC%E4%B8%80%E5%BA%97/data=!4m7!3m6!1s0x3442a9666e9f721d:0x8aefbd57ef6d5d45!8m2!3d25.0518598!4d121.5273867!16s%2Fg%2F11b7cqtsy0!19sChIJHXKfbmapQjQRRV1t71e974o?authuser=0&hl=zh-TW&rclk=1,0x3442a9666e9f721d:0x8aefbd57ef6d5d45
903,啊嘎味,2,9 個月前,"1樓入口左手邊靠牆座位有點設計不良，空調冷氣會從正上方往下吹到頭上，吃火鍋吃到覺得全身發冷還是第一次，甚至有些頭痛，很難專心品嚐美食，用餐體驗大打折扣，建議來這間用餐盡量避開這個位置。

",2022-11-21,https://www.google.com.tw/maps/place/%E7%AF%89%E9%96%93%E5%B9%B8%E7%A6%8F%E9%8D%8B%E7%89%A9+%E5%8F%B0%E5%8C%97%E5%8D%97%E4%BA%AC%E4%B8%80%E5%BA%97/data=!4m7!3m6!1s0x3442a9666e9f721d:0x8aefbd57ef6d5d45!8m2!3d25.0518598!4d121.5273867!16s%2Fg%2F11b7cqtsy0!19sChIJHXKfbmapQjQRRV1t71e974o?authuser=0&hl=zh-TW&rclk=1,0x3442a9666e9f721d:0x8aefbd57ef6d5d45
904,Jerry Lin,2,9 個月前,"總結：食物不錯 但服務不太好的一家店  
如果只是吃飯可以推薦，如果要聚會則不建議  
到訪：一樓（非吃到飽區），周四20：00 多人聚餐  
食物：  
湯頭很多樣可以選擇，我自己點石頭+乾魷魚 喝起來蠻有特色的  
份量以這個價格的火鍋來說偏小 食量比較大的人可能要去二樓吃到飽  
缺點是霜淇淋  
餅乾受潮很嚴重 不脆且很堅韌 霜淇淋也不太好吃 輸給一些百元火鍋  
食物部分可以得到4顆星  
服務：  
用餐時間是100分鐘 我們20：00抵達  
服務員“直接當場把前一組客人食物打包趕走”，這邊同時也delay了一陣子  
我們20：15點完餐點，但20：25火鍋湯才上桌（也許湯底要現煮？準備超久），還要煮開，之後陸陸續續上菜，20：50菜才上齊......  
故從菜上齊開始算起只剩50分鐘可以吃，  
平常吃東西很快的我時間到的時候剛剛好吃完火鍋（還沒吃冰淇淋）  
幸好店家沒有立即趕我們走（可能因為當時店裡還有一堆空位）  
服務部分可以得到0顆星  
  
To 店家  
建議你們如果要限制時間，先把廚房的效能提升一下吧，不然顧客根本來不及吃完，如果這時候還被直接趕走，大概這輩子不會再來

",2022-11-21,https://www.google.com.tw/maps/place/%E7%AF%89%E9%96%93%E5%B9%B8%E7%A6%8F%E9%8D%8B%E7%89%A9+%E5%8F%B0%E5%8C%97%E5%8D%97%E4%BA%AC%E4%B8%80%E5%BA%97/data=!4m7!3m6!1s0x3442a9666e9f721d:0x8aefbd57ef6d5d45!8m2!3d25.0518598!4d121.5273867!16s%2Fg%2F11b7cqtsy0!19sChIJHXKfbmapQjQRRV1t71e974o?authuser=0&hl=zh-TW&rclk=1,0x3442a9666e9f721d:0x8aefbd57ef6d5d45
905,蒼天溪,5,9 個月前,"跟同事來吃  
一般都是點主餐會配一個免費的湯頭  
築間最低是+15有石頭湯  
奶香鮮菇鍋超好喝  
涮肉之後肉的味道配湯超好喝  
  
醬料區有洋蔥好評

",2022-11-21,https://www.google.com.tw/maps/place/%E7%AF%89%E9%96%93%E5%B9%B8%E7%A6%8F%E9%8D%8B%E7%89%A9+%E5%8F%B0%E5%8C%97%E5%8D%97%E4%BA%AC%E4%B8%80%E5%BA%97/data=!4m7!3m6!1s0x3442a9666e9f721d:0x8aefbd57ef6d5d45!8m2!3d25.0518598!4d121.5273867!16s%2Fg%2F11b7cqtsy0!19sChIJHXKfbmapQjQRRV1t71e974o?authuser=0&hl=zh-TW&rclk=1,0x3442a9666e9f721d:0x8aefbd57ef6d5d45
906,陳啓元,4,9 個月前,,2022-11-21,https://www.google.com.tw/maps/place/%E7%AF%89%E9%96%93%E5%B9%B8%E7%A6%8F%E9%8D%8B%E7%89%A9+%E5%8F%B0%E5%8C%97%E5%8D%97%E4%BA%AC%E4%B8%80%E5%BA%97/data=!4m7!3m6!1s0x3442a9666e9f721d:0x8aefbd57ef6d5d45!8m2!3d25.0518598!4d121.5273867!16s%2Fg%2F11b7cqtsy0!19sChIJHXKfbmapQjQRRV1t71e974o?authuser=0&hl=zh-TW&rclk=1,0x3442a9666e9f721d:0x8aefbd57ef6d5d45
907,zhi xuan,5,9 個月前,"二樓採自助  
吃得很飽很划算

",2022-11-21,https://www.google.com.tw/maps/place/%E7%AF%89%E9%96%93%E5%B9%B8%E7%A6%8F%E9%8D%8B%E7%89%A9+%E5%8F%B0%E5%8C%97%E5%8D%97%E4%BA%AC%E4%B8%80%E5%BA%97/data=!4m7!3m6!1s0x3442a9666e9f721d:0x8aefbd57ef6d5d45!8m2!3d25.0518598!4d121.5273867!16s%2Fg%2F11b7cqtsy0!19sChIJHXKfbmapQjQRRV1t71e974o?authuser=0&hl=zh-TW&rclk=1,0x3442a9666e9f721d:0x8aefbd57ef6d5d45
908,Martin Chen,3,9 個月前,"店內空間不大，餐點不貴，份量足夠，而且上菜速度快，內用飲料種類多，還有明治冰淇淋，但是白飯的口感很差，送上來的飯是冷的，吃起來像是隔夜飯，蚵仔明顯偏小，看起來像是放了很久了，而且吃起來不新鮮，除此之外，其他整體用餐感覺還不錯，

",2022-11-21,https://www.google.com.tw/maps/place/%E7%AF%89%E9%96%93%E5%B9%B8%E7%A6%8F%E9%8D%8B%E7%89%A9+%E5%8F%B0%E5%8C%97%E5%8D%97%E4%BA%AC%E4%B8%80%E5%BA%97/data=!4m7!3m6!1s0x3442a9666e9f721d:0x8aefbd57ef6d5d45!8m2!3d25.0518598!4d121.5273867!16s%2Fg%2F11b7cqtsy0!19sChIJHXKfbmapQjQRRV1t71e974o?authuser=0&hl=zh-TW&rclk=1,0x3442a9666e9f721d:0x8aefbd57ef6d5d45
909,蔡宥安,5,9 個月前,,2022-11-21,https://www.google.com.tw/maps/place/%E7%AF%89%E9%96%93%E5%B9%B8%E7%A6%8F%E9%8D%8B%E7%89%A9+%E5%8F%B0%E5%8C%97%E5%8D%97%E4%BA%AC%E4%B8%80%E5%BA%97/data=!4m7!3m6!1s0x3442a9666e9f721d:0x8aefbd57ef6d5d45!8m2!3d25.0518598!4d121.5273867!16s%2Fg%2F11b7cqtsy0!19sChIJHXKfbmapQjQRRV1t71e974o?authuser=0&hl=zh-TW&rclk=1,0x3442a9666e9f721d:0x8aefbd57ef6d5d45
910,Allen Lin,4,9 個月前,"上次吃東區的另一家分店似乎菜盤是自助吧，比較豐富一點

",2022-11-21,https://www.google.com.tw/maps/place/%E7%AF%89%E9%96%93%E5%B9%B8%E7%A6%8F%E9%8D%8B%E7%89%A9+%E5%8F%B0%E5%8C%97%E5%8D%97%E4%BA%AC%E4%B8%80%E5%BA%97/data=!4m7!3m6!1s0x3442a9666e9f721d:0x8aefbd57ef6d5d45!8m2!3d25.0518598!4d121.5273867!16s%2Fg%2F11b7cqtsy0!19sChIJHXKfbmapQjQRRV1t71e974o?authuser=0&hl=zh-TW&rclk=1,0x3442a9666e9f721d:0x8aefbd57ef6d5d45
911,張淑珍,3,9 個月前,"電話響了又響，就是沒有人有空去接，有影響到用餐心情...

",2022-11-21,https://www.google.com.tw/maps/place/%E7%AF%89%E9%96%93%E5%B9%B8%E7%A6%8F%E9%8D%8B%E7%89%A9+%E5%8F%B0%E5%8C%97%E5%8D%97%E4%BA%AC%E4%B8%80%E5%BA%97/data=!4m7!3m6!1s0x3442a9666e9f721d:0x8aefbd57ef6d5d45!8m2!3d25.0518598!4d121.5273867!16s%2Fg%2F11b7cqtsy0!19sChIJHXKfbmapQjQRRV1t71e974o?authuser=0&hl=zh-TW&rclk=1,0x3442a9666e9f721d:0x8aefbd57ef6d5d45
912,Shan,4,9 個月前,"海鮮干貝湯底配上高麗菜很鮮甜  
但配菜的選擇不多

",2022-11-21,https://www.google.com.tw/maps/place/%E7%AF%89%E9%96%93%E5%B9%B8%E7%A6%8F%E9%8D%8B%E7%89%A9+%E5%8F%B0%E5%8C%97%E5%8D%97%E4%BA%AC%E4%B8%80%E5%BA%97/data=!4m7!3m6!1s0x3442a9666e9f721d:0x8aefbd57ef6d5d45!8m2!3d25.0518598!4d121.5273867!16s%2Fg%2F11b7cqtsy0!19sChIJHXKfbmapQjQRRV1t71e974o?authuser=0&hl=zh-TW&rclk=1,0x3442a9666e9f721d:0x8aefbd57ef6d5d45
913,Henry Hsu,5,9 個月前,"牛奶鍋推推，肉推推

",2022-11-21,https://www.google.com.tw/maps/place/%E7%AF%89%E9%96%93%E5%B9%B8%E7%A6%8F%E9%8D%8B%E7%89%A9+%E5%8F%B0%E5%8C%97%E5%8D%97%E4%BA%AC%E4%B8%80%E5%BA%97/data=!4m7!3m6!1s0x3442a9666e9f721d:0x8aefbd57ef6d5d45!8m2!3d25.0518598!4d121.5273867!16s%2Fg%2F11b7cqtsy0!19sChIJHXKfbmapQjQRRV1t71e974o?authuser=0&hl=zh-TW&rclk=1,0x3442a9666e9f721d:0x8aefbd57ef6d5d45
914,yi teh han,3,9 個月前,"優點是份量很大，累積點數可以換肉，飲料冰淇淋也有多種選擇  
  
缺點：店員態度還不錯但可能是人手不足，白飯等火鍋上了後約20分鐘才送來，米飯有的軟有的硬，不太好吃  
晚上面有黑色小污漬

",2022-11-21,https://www.google.com.tw/maps/place/%E7%AF%89%E9%96%93%E5%B9%B8%E7%A6%8F%E9%8D%8B%E7%89%A9+%E5%8F%B0%E5%8C%97%E5%8D%97%E4%BA%AC%E4%B8%80%E5%BA%97/data=!4m7!3m6!1s0x3442a9666e9f721d:0x8aefbd57ef6d5d45!8m2!3d25.0518598!4d121.5273867!16s%2Fg%2F11b7cqtsy0!19sChIJHXKfbmapQjQRRV1t71e974o?authuser=0&hl=zh-TW&rclk=1,0x3442a9666e9f721d:0x8aefbd57ef6d5d45
915,王偉昌,5,9 個月前,,2022-11-21,https://www.google.com.tw/maps/place/%E7%AF%89%E9%96%93%E5%B9%B8%E7%A6%8F%E9%8D%8B%E7%89%A9+%E5%8F%B0%E5%8C%97%E5%8D%97%E4%BA%AC%E4%B8%80%E5%BA%97/data=!4m7!3m6!1s0x3442a9666e9f721d:0x8aefbd57ef6d5d45!8m2!3d25.0518598!4d121.5273867!16s%2Fg%2F11b7cqtsy0!19sChIJHXKfbmapQjQRRV1t71e974o?authuser=0&hl=zh-TW&rclk=1,0x3442a9666e9f721d:0x8aefbd57ef6d5d45
916,盧謙華,4,9 個月前,,2022-11-21,https://www.google.com.tw/maps/place/%E7%AF%89%E9%96%93%E5%B9%B8%E7%A6%8F%E9%8D%8B%E7%89%A9+%E5%8F%B0%E5%8C%97%E5%8D%97%E4%BA%AC%E4%B8%80%E5%BA%97/data=!4m7!3m6!1s0x3442a9666e9f721d:0x8aefbd57ef6d5d45!8m2!3d25.0518598!4d121.5273867!16s%2Fg%2F11b7cqtsy0!19sChIJHXKfbmapQjQRRV1t71e974o?authuser=0&hl=zh-TW&rclk=1,0x3442a9666e9f721d:0x8aefbd57ef6d5d45
917,jan james,4,9 個月前,"飲料冰淇淋無限暢飲，沾醬自由搭配，無限可能，牛小排量大可口，沙朗牛肉比臉還大，愛吃鍋的好選擇。

",2022-11-21,https://www.google.com.tw/maps/place/%E7%AF%89%E9%96%93%E5%B9%B8%E7%A6%8F%E9%8D%8B%E7%89%A9+%E5%8F%B0%E5%8C%97%E5%8D%97%E4%BA%AC%E4%B8%80%E5%BA%97/data=!4m7!3m6!1s0x3442a9666e9f721d:0x8aefbd57ef6d5d45!8m2!3d25.0518598!4d121.5273867!16s%2Fg%2F11b7cqtsy0!19sChIJHXKfbmapQjQRRV1t71e974o?authuser=0&hl=zh-TW&rclk=1,0x3442a9666e9f721d:0x8aefbd57ef6d5d45
918,Sky Wang,5,9 個月前,"品嚐新口味湯底～很棒喔

",2022-11-21,https://www.google.com.tw/maps/place/%E7%AF%89%E9%96%93%E5%B9%B8%E7%A6%8F%E9%8D%8B%E7%89%A9+%E5%8F%B0%E5%8C%97%E5%8D%97%E4%BA%AC%E4%B8%80%E5%BA%97/data=!4m7!3m6!1s0x3442a9666e9f721d:0x8aefbd57ef6d5d45!8m2!3d25.0518598!4d121.5273867!16s%2Fg%2F11b7cqtsy0!19sChIJHXKfbmapQjQRRV1t71e974o?authuser=0&hl=zh-TW&rclk=1,0x3442a9666e9f721d:0x8aefbd57ef6d5d45
919,Sasha Wu,5,9 個月前,"份量足可以吃的很飽，食材都很新鮮美味！  
平價火鍋的好選擇～很推薦辛味噌湯底  
一樓是固定份量的菜盤，二樓才是自助蔬菜吧，但劃位都在一樓蠻容易搞混建議向服務人員確認一下哦☺️

",2022-11-21,https://www.google.com.tw/maps/place/%E7%AF%89%E9%96%93%E5%B9%B8%E7%A6%8F%E9%8D%8B%E7%89%A9+%E5%8F%B0%E5%8C%97%E5%8D%97%E4%BA%AC%E4%B8%80%E5%BA%97/data=!4m7!3m6!1s0x3442a9666e9f721d:0x8aefbd57ef6d5d45!8m2!3d25.0518598!4d121.5273867!16s%2Fg%2F11b7cqtsy0!19sChIJHXKfbmapQjQRRV1t71e974o?authuser=0&hl=zh-TW&rclk=1,0x3442a9666e9f721d:0x8aefbd57ef6d5d45
920,T H,5,9 個月前,"我是鍋物控，築間絕對是心目中前三名，因為菜盤的料最豐富又新鮮、湯頭很美味，主食也很好吃，大推石頭鍋和粵式胡椒豬骨湯（跟這一鍋的老火湯一樣，胡椒有辣哦！）  
而且吃飽還有巧克力冰沙、明治冰淇淋可以吃！冰淇淋口味有8種可以選.  
真的很值得再回訪

",2022-11-21,https://www.google.com.tw/maps/place/%E7%AF%89%E9%96%93%E5%B9%B8%E7%A6%8F%E9%8D%8B%E7%89%A9+%E5%8F%B0%E5%8C%97%E5%8D%97%E4%BA%AC%E4%B8%80%E5%BA%97/data=!4m7!3m6!1s0x3442a9666e9f721d:0x8aefbd57ef6d5d45!8m2!3d25.0518598!4d121.5273867!16s%2Fg%2F11b7cqtsy0!19sChIJHXKfbmapQjQRRV1t71e974o?authuser=0&hl=zh-TW&rclk=1,0x3442a9666e9f721d:0x8aefbd57ef6d5d45
921,GH C,1,9 個月前,,2022-11-21,https://www.google.com.tw/maps/place/%E7%AF%89%E9%96%93%E5%B9%B8%E7%A6%8F%E9%8D%8B%E7%89%A9+%E5%8F%B0%E5%8C%97%E5%8D%97%E4%BA%AC%E4%B8%80%E5%BA%97/data=!4m7!3m6!1s0x3442a9666e9f721d:0x8aefbd57ef6d5d45!8m2!3d25.0518598!4d121.5273867!16s%2Fg%2F11b7cqtsy0!19sChIJHXKfbmapQjQRRV1t71e974o?authuser=0&hl=zh-TW&rclk=1,0x3442a9666e9f721d:0x8aefbd57ef6d5d45
922,陳蘊婷,5,10 個月前,"以後晚上宵夜首選 超好吃 超飽 超划算

",2022-11-21,https://www.google.com.tw/maps/place/%E7%AF%89%E9%96%93%E5%B9%B8%E7%A6%8F%E9%8D%8B%E7%89%A9+%E5%8F%B0%E5%8C%97%E5%8D%97%E4%BA%AC%E4%B8%80%E5%BA%97/data=!4m7!3m6!1s0x3442a9666e9f721d:0x8aefbd57ef6d5d45!8m2!3d25.0518598!4d121.5273867!16s%2Fg%2F11b7cqtsy0!19sChIJHXKfbmapQjQRRV1t71e974o?authuser=0&hl=zh-TW&rclk=1,0x3442a9666e9f721d:0x8aefbd57ef6d5d45
923,Steven Liu,3,10 個月前,,2022-11-21,https://www.google.com.tw/maps/place/%E7%AF%89%E9%96%93%E5%B9%B8%E7%A6%8F%E9%8D%8B%E7%89%A9+%E5%8F%B0%E5%8C%97%E5%8D%97%E4%BA%AC%E4%B8%80%E5%BA%97/data=!4m7!3m6!1s0x3442a9666e9f721d:0x8aefbd57ef6d5d45!8m2!3d25.0518598!4d121.5273867!16s%2Fg%2F11b7cqtsy0!19sChIJHXKfbmapQjQRRV1t71e974o?authuser=0&hl=zh-TW&rclk=1,0x3442a9666e9f721d:0x8aefbd57ef6d5d45
924,Alex Chen,3,10 個月前,"中規中矩！價格也還算合理！  
不需要特別排隊或專程來吃

",2022-11-21,https://www.google.com.tw/maps/place/%E7%AF%89%E9%96%93%E5%B9%B8%E7%A6%8F%E9%8D%8B%E7%89%A9+%E5%8F%B0%E5%8C%97%E5%8D%97%E4%BA%AC%E4%B8%80%E5%BA%97/data=!4m7!3m6!1s0x3442a9666e9f721d:0x8aefbd57ef6d5d45!8m2!3d25.0518598!4d121.5273867!16s%2Fg%2F11b7cqtsy0!19sChIJHXKfbmapQjQRRV1t71e974o?authuser=0&hl=zh-TW&rclk=1,0x3442a9666e9f721d:0x8aefbd57ef6d5d45
925,黃裕強,4,10 個月前,,2022-11-21,https://www.google.com.tw/maps/place/%E7%AF%89%E9%96%93%E5%B9%B8%E7%A6%8F%E9%8D%8B%E7%89%A9+%E5%8F%B0%E5%8C%97%E5%8D%97%E4%BA%AC%E4%B8%80%E5%BA%97/data=!4m7!3m6!1s0x3442a9666e9f721d:0x8aefbd57ef6d5d45!8m2!3d25.0518598!4d121.5273867!16s%2Fg%2F11b7cqtsy0!19sChIJHXKfbmapQjQRRV1t71e974o?authuser=0&hl=zh-TW&rclk=1,0x3442a9666e9f721d:0x8aefbd57ef6d5d45
926,朱晉賢,5,10 個月前,"價格實惠，尤其是素食鍋，鍋底用牛奶更香，讚！！

",2022-11-21,https://www.google.com.tw/maps/place/%E7%AF%89%E9%96%93%E5%B9%B8%E7%A6%8F%E9%8D%8B%E7%89%A9+%E5%8F%B0%E5%8C%97%E5%8D%97%E4%BA%AC%E4%B8%80%E5%BA%97/data=!4m7!3m6!1s0x3442a9666e9f721d:0x8aefbd57ef6d5d45!8m2!3d25.0518598!4d121.5273867!16s%2Fg%2F11b7cqtsy0!19sChIJHXKfbmapQjQRRV1t71e974o?authuser=0&hl=zh-TW&rclk=1,0x3442a9666e9f721d:0x8aefbd57ef6d5d45
927,廖珮均,4,10 個月前,,2022-11-21,https://www.google.com.tw/maps/place/%E7%AF%89%E9%96%93%E5%B9%B8%E7%A6%8F%E9%8D%8B%E7%89%A9+%E5%8F%B0%E5%8C%97%E5%8D%97%E4%BA%AC%E4%B8%80%E5%BA%97/data=!4m7!3m6!1s0x3442a9666e9f721d:0x8aefbd57ef6d5d45!8m2!3d25.0518598!4d121.5273867!16s%2Fg%2F11b7cqtsy0!19sChIJHXKfbmapQjQRRV1t71e974o?authuser=0&hl=zh-TW&rclk=1,0x3442a9666e9f721d:0x8aefbd57ef6d5d45
928,LC Lee,5,10 個月前,"櫃檯超級親切 用餐體驗100  
推推

",2022-11-21,https://www.google.com.tw/maps/place/%E7%AF%89%E9%96%93%E5%B9%B8%E7%A6%8F%E9%8D%8B%E7%89%A9+%E5%8F%B0%E5%8C%97%E5%8D%97%E4%BA%AC%E4%B8%80%E5%BA%97/data=!4m7!3m6!1s0x3442a9666e9f721d:0x8aefbd57ef6d5d45!8m2!3d25.0518598!4d121.5273867!16s%2Fg%2F11b7cqtsy0!19sChIJHXKfbmapQjQRRV1t71e974o?authuser=0&hl=zh-TW&rclk=1,0x3442a9666e9f721d:0x8aefbd57ef6d5d45
929,吳泰諺,5,10 個月前,"服務周到，味道也不錯。

",2022-11-21,https://www.google.com.tw/maps/place/%E7%AF%89%E9%96%93%E5%B9%B8%E7%A6%8F%E9%8D%8B%E7%89%A9+%E5%8F%B0%E5%8C%97%E5%8D%97%E4%BA%AC%E4%B8%80%E5%BA%97/data=!4m7!3m6!1s0x3442a9666e9f721d:0x8aefbd57ef6d5d45!8m2!3d25.0518598!4d121.5273867!16s%2Fg%2F11b7cqtsy0!19sChIJHXKfbmapQjQRRV1t71e974o?authuser=0&hl=zh-TW&rclk=1,0x3442a9666e9f721d:0x8aefbd57ef6d5d45
930,吳采芙,5,10 個月前,"愛死了 食材新鮮 服務人員態度很好

",2022-11-21,https://www.google.com.tw/maps/place/%E7%AF%89%E9%96%93%E5%B9%B8%E7%A6%8F%E9%8D%8B%E7%89%A9+%E5%8F%B0%E5%8C%97%E5%8D%97%E4%BA%AC%E4%B8%80%E5%BA%97/data=!4m7!3m6!1s0x3442a9666e9f721d:0x8aefbd57ef6d5d45!8m2!3d25.0518598!4d121.5273867!16s%2Fg%2F11b7cqtsy0!19sChIJHXKfbmapQjQRRV1t71e974o?authuser=0&hl=zh-TW&rclk=1,0x3442a9666e9f721d:0x8aefbd57ef6d5d45
931,sax5436先生,4,10 個月前,,2022-11-21,https://www.google.com.tw/maps/place/%E7%AF%89%E9%96%93%E5%B9%B8%E7%A6%8F%E9%8D%8B%E7%89%A9+%E5%8F%B0%E5%8C%97%E5%8D%97%E4%BA%AC%E4%B8%80%E5%BA%97/data=!4m7!3m6!1s0x3442a9666e9f721d:0x8aefbd57ef6d5d45!8m2!3d25.0518598!4d121.5273867!16s%2Fg%2F11b7cqtsy0!19sChIJHXKfbmapQjQRRV1t71e974o?authuser=0&hl=zh-TW&rclk=1,0x3442a9666e9f721d:0x8aefbd57ef6d5d45
932,一枚笨基,4,10 個月前,"普通

",2022-11-21,https://www.google.com.tw/maps/place/%E7%AF%89%E9%96%93%E5%B9%B8%E7%A6%8F%E9%8D%8B%E7%89%A9+%E5%8F%B0%E5%8C%97%E5%8D%97%E4%BA%AC%E4%B8%80%E5%BA%97/data=!4m7!3m6!1s0x3442a9666e9f721d:0x8aefbd57ef6d5d45!8m2!3d25.0518598!4d121.5273867!16s%2Fg%2F11b7cqtsy0!19sChIJHXKfbmapQjQRRV1t71e974o?authuser=0&hl=zh-TW&rclk=1,0x3442a9666e9f721d:0x8aefbd57ef6d5d45
933,蔡秉翰,5,10 個月前,"經濟實惠 好吃但要等比較久 建議先致電訂位問問看

",2022-11-21,https://www.google.com.tw/maps/place/%E7%AF%89%E9%96%93%E5%B9%B8%E7%A6%8F%E9%8D%8B%E7%89%A9+%E5%8F%B0%E5%8C%97%E5%8D%97%E4%BA%AC%E4%B8%80%E5%BA%97/data=!4m7!3m6!1s0x3442a9666e9f721d:0x8aefbd57ef6d5d45!8m2!3d25.0518598!4d121.5273867!16s%2Fg%2F11b7cqtsy0!19sChIJHXKfbmapQjQRRV1t71e974o?authuser=0&hl=zh-TW&rclk=1,0x3442a9666e9f721d:0x8aefbd57ef6d5d45
934,許馬克,4,10 個月前,"不建議點最便宜的牛肉

",2022-11-21,https://www.google.com.tw/maps/place/%E7%AF%89%E9%96%93%E5%B9%B8%E7%A6%8F%E9%8D%8B%E7%89%A9+%E5%8F%B0%E5%8C%97%E5%8D%97%E4%BA%AC%E4%B8%80%E5%BA%97/data=!4m7!3m6!1s0x3442a9666e9f721d:0x8aefbd57ef6d5d45!8m2!3d25.0518598!4d121.5273867!16s%2Fg%2F11b7cqtsy0!19sChIJHXKfbmapQjQRRV1t71e974o?authuser=0&hl=zh-TW&rclk=1,0x3442a9666e9f721d:0x8aefbd57ef6d5d45
935,顧芝瑜,4,10 個月前,"超好吃的小火鍋，還可以集點換肉盤~~

",2022-11-21,https://www.google.com.tw/maps/place/%E7%AF%89%E9%96%93%E5%B9%B8%E7%A6%8F%E9%8D%8B%E7%89%A9+%E5%8F%B0%E5%8C%97%E5%8D%97%E4%BA%AC%E4%B8%80%E5%BA%97/data=!4m7!3m6!1s0x3442a9666e9f721d:0x8aefbd57ef6d5d45!8m2!3d25.0518598!4d121.5273867!16s%2Fg%2F11b7cqtsy0!19sChIJHXKfbmapQjQRRV1t71e974o?authuser=0&hl=zh-TW&rclk=1,0x3442a9666e9f721d:0x8aefbd57ef6d5d45
936,Wang Thomas,5,10 個月前,,2022-11-21,https://www.google.com.tw/maps/place/%E7%AF%89%E9%96%93%E5%B9%B8%E7%A6%8F%E9%8D%8B%E7%89%A9+%E5%8F%B0%E5%8C%97%E5%8D%97%E4%BA%AC%E4%B8%80%E5%BA%97/data=!4m7!3m6!1s0x3442a9666e9f721d:0x8aefbd57ef6d5d45!8m2!3d25.0518598!4d121.5273867!16s%2Fg%2F11b7cqtsy0!19sChIJHXKfbmapQjQRRV1t71e974o?authuser=0&hl=zh-TW&rclk=1,0x3442a9666e9f721d:0x8aefbd57ef6d5d45
937,葉奎廷,5,10 個月前,,2022-11-21,https://www.google.com.tw/maps/place/%E7%AF%89%E9%96%93%E5%B9%B8%E7%A6%8F%E9%8D%8B%E7%89%A9+%E5%8F%B0%E5%8C%97%E5%8D%97%E4%BA%AC%E4%B8%80%E5%BA%97/data=!4m7!3m6!1s0x3442a9666e9f721d:0x8aefbd57ef6d5d45!8m2!3d25.0518598!4d121.5273867!16s%2Fg%2F11b7cqtsy0!19sChIJHXKfbmapQjQRRV1t71e974o?authuser=0&hl=zh-TW&rclk=1,0x3442a9666e9f721d:0x8aefbd57ef6d5d45
938,台灣加油台灣加油,1,10 個月前,"漲價很多

",2022-11-21,https://www.google.com.tw/maps/place/%E7%AF%89%E9%96%93%E5%B9%B8%E7%A6%8F%E9%8D%8B%E7%89%A9+%E5%8F%B0%E5%8C%97%E5%8D%97%E4%BA%AC%E4%B8%80%E5%BA%97/data=!4m7!3m6!1s0x3442a9666e9f721d:0x8aefbd57ef6d5d45!8m2!3d25.0518598!4d121.5273867!16s%2Fg%2F11b7cqtsy0!19sChIJHXKfbmapQjQRRV1t71e974o?authuser=0&hl=zh-TW&rclk=1,0x3442a9666e9f721d:0x8aefbd57ef6d5d45
939,Anix Huang,5,10 個月前,,2022-11-21,https://www.google.com.tw/maps/place/%E7%AF%89%E9%96%93%E5%B9%B8%E7%A6%8F%E9%8D%8B%E7%89%A9+%E5%8F%B0%E5%8C%97%E5%8D%97%E4%BA%AC%E4%B8%80%E5%BA%97/data=!4m7!3m6!1s0x3442a9666e9f721d:0x8aefbd57ef6d5d45!8m2!3d25.0518598!4d121.5273867!16s%2Fg%2F11b7cqtsy0!19sChIJHXKfbmapQjQRRV1t71e974o?authuser=0&hl=zh-TW&rclk=1,0x3442a9666e9f721d:0x8aefbd57ef6d5d45
940,Ruby L,5,10 個月前,"牛奶鍋必點！！！！  
非常濃郁好喝  
吃完都會加湯打包回家煮碗牛奶湯麵超讚  
  
築間食材新鮮  
肉跟海鮮品質都不錯  
冷熱飲料喝到飽  
冰淇淋霜淇淋吃到飽  
醬料種類多  
  
多元支付也很方便

",2022-11-21,https://www.google.com.tw/maps/place/%E7%AF%89%E9%96%93%E5%B9%B8%E7%A6%8F%E9%8D%8B%E7%89%A9+%E5%8F%B0%E5%8C%97%E5%8D%97%E4%BA%AC%E4%B8%80%E5%BA%97/data=!4m7!3m6!1s0x3442a9666e9f721d:0x8aefbd57ef6d5d45!8m2!3d25.0518598!4d121.5273867!16s%2Fg%2F11b7cqtsy0!19sChIJHXKfbmapQjQRRV1t71e974o?authuser=0&hl=zh-TW&rclk=1,0x3442a9666e9f721d:0x8aefbd57ef6d5d45
941,Hsuan瑄,4,10 個月前,"半夜或臨時想吃火鍋就會來吃  
累積點數又可以再換食物  
只是不懂那個鍋子加熱永遠超會噴出來  
然後店內不管四季冷氣都超冷

",2022-11-21,https://www.google.com.tw/maps/place/%E7%AF%89%E9%96%93%E5%B9%B8%E7%A6%8F%E9%8D%8B%E7%89%A9+%E5%8F%B0%E5%8C%97%E5%8D%97%E4%BA%AC%E4%B8%80%E5%BA%97/data=!4m7!3m6!1s0x3442a9666e9f721d:0x8aefbd57ef6d5d45!8m2!3d25.0518598!4d121.5273867!16s%2Fg%2F11b7cqtsy0!19sChIJHXKfbmapQjQRRV1t71e974o?authuser=0&hl=zh-TW&rclk=1,0x3442a9666e9f721d:0x8aefbd57ef6d5d45
942,Ben Ho,5,10 個月前,"不錯吃

",2022-11-21,https://www.google.com.tw/maps/place/%E7%AF%89%E9%96%93%E5%B9%B8%E7%A6%8F%E9%8D%8B%E7%89%A9+%E5%8F%B0%E5%8C%97%E5%8D%97%E4%BA%AC%E4%B8%80%E5%BA%97/data=!4m7!3m6!1s0x3442a9666e9f721d:0x8aefbd57ef6d5d45!8m2!3d25.0518598!4d121.5273867!16s%2Fg%2F11b7cqtsy0!19sChIJHXKfbmapQjQRRV1t71e974o?authuser=0&hl=zh-TW&rclk=1,0x3442a9666e9f721d:0x8aefbd57ef6d5d45
943,古子,5,10 個月前,,2022-11-21,https://www.google.com.tw/maps/place/%E7%AF%89%E9%96%93%E5%B9%B8%E7%A6%8F%E9%8D%8B%E7%89%A9+%E5%8F%B0%E5%8C%97%E5%8D%97%E4%BA%AC%E4%B8%80%E5%BA%97/data=!4m7!3m6!1s0x3442a9666e9f721d:0x8aefbd57ef6d5d45!8m2!3d25.0518598!4d121.5273867!16s%2Fg%2F11b7cqtsy0!19sChIJHXKfbmapQjQRRV1t71e974o?authuser=0&hl=zh-TW&rclk=1,0x3442a9666e9f721d:0x8aefbd57ef6d5d45
944,陳沅樺,5,10 個月前,"去吃阿姨的生日餐～～有夠好吃的啦～～而且用點數換購的豬肉竟然也超多！讚讚

",2022-11-21,https://www.google.com.tw/maps/place/%E7%AF%89%E9%96%93%E5%B9%B8%E7%A6%8F%E9%8D%8B%E7%89%A9+%E5%8F%B0%E5%8C%97%E5%8D%97%E4%BA%AC%E4%B8%80%E5%BA%97/data=!4m7!3m6!1s0x3442a9666e9f721d:0x8aefbd57ef6d5d45!8m2!3d25.0518598!4d121.5273867!16s%2Fg%2F11b7cqtsy0!19sChIJHXKfbmapQjQRRV1t71e974o?authuser=0&hl=zh-TW&rclk=1,0x3442a9666e9f721d:0x8aefbd57ef6d5d45
945,張季揚,1,11 個月前,"店員態度要加強

",2022-11-21,https://www.google.com.tw/maps/place/%E7%AF%89%E9%96%93%E5%B9%B8%E7%A6%8F%E9%8D%8B%E7%89%A9+%E5%8F%B0%E5%8C%97%E5%8D%97%E4%BA%AC%E4%B8%80%E5%BA%97/data=!4m7!3m6!1s0x3442a9666e9f721d:0x8aefbd57ef6d5d45!8m2!3d25.0518598!4d121.5273867!16s%2Fg%2F11b7cqtsy0!19sChIJHXKfbmapQjQRRV1t71e974o?authuser=0&hl=zh-TW&rclk=1,0x3442a9666e9f721d:0x8aefbd57ef6d5d45
946,四零,2,11 個月前,"兩顆星是給服務方面，不過這價位服務本來就要好，接下來才是重點  
  
二樓客桌區地板不知道是材質問題還是油油的，坐在椅子上都可以輕易滑動  
  
菜盤跟醬料區去使用時也很混亂  
  
最後.....菜洗乾淨是餐飲業的基本吧？  
  
第一次的光顧，應該也是最後一次了  
請該集團重視！而不是到處開分店而失去了應有的品質

",2022-11-21,https://www.google.com.tw/maps/place/%E7%AF%89%E9%96%93%E5%B9%B8%E7%A6%8F%E9%8D%8B%E7%89%A9+%E5%8F%B0%E5%8C%97%E5%8D%97%E4%BA%AC%E4%B8%80%E5%BA%97/data=!4m7!3m6!1s0x3442a9666e9f721d:0x8aefbd57ef6d5d45!8m2!3d25.0518598!4d121.5273867!16s%2Fg%2F11b7cqtsy0!19sChIJHXKfbmapQjQRRV1t71e974o?authuser=0&hl=zh-TW&rclk=1,0x3442a9666e9f721d:0x8aefbd57ef6d5d45
947,林亞儒,5,11 個月前,,2022-11-21,https://www.google.com.tw/maps/place/%E7%AF%89%E9%96%93%E5%B9%B8%E7%A6%8F%E9%8D%8B%E7%89%A9+%E5%8F%B0%E5%8C%97%E5%8D%97%E4%BA%AC%E4%B8%80%E5%BA%97/data=!4m7!3m6!1s0x3442a9666e9f721d:0x8aefbd57ef6d5d45!8m2!3d25.0518598!4d121.5273867!16s%2Fg%2F11b7cqtsy0!19sChIJHXKfbmapQjQRRV1t71e974o?authuser=0&hl=zh-TW&rclk=1,0x3442a9666e9f721d:0x8aefbd57ef6d5d45
948,Yu hsi ming,5,11 個月前,,2022-11-21,https://www.google.com.tw/maps/place/%E7%AF%89%E9%96%93%E5%B9%B8%E7%A6%8F%E9%8D%8B%E7%89%A9+%E5%8F%B0%E5%8C%97%E5%8D%97%E4%BA%AC%E4%B8%80%E5%BA%97/data=!4m7!3m6!1s0x3442a9666e9f721d:0x8aefbd57ef6d5d45!8m2!3d25.0518598!4d121.5273867!16s%2Fg%2F11b7cqtsy0!19sChIJHXKfbmapQjQRRV1t71e974o?authuser=0&hl=zh-TW&rclk=1,0x3442a9666e9f721d:0x8aefbd57ef6d5d45
949,kelly Chang,5,11 個月前,"湯頭好喝，食材新鮮，可惜用餐時間只有一個半小時

",2022-11-21,https://www.google.com.tw/maps/place/%E7%AF%89%E9%96%93%E5%B9%B8%E7%A6%8F%E9%8D%8B%E7%89%A9+%E5%8F%B0%E5%8C%97%E5%8D%97%E4%BA%AC%E4%B8%80%E5%BA%97/data=!4m7!3m6!1s0x3442a9666e9f721d:0x8aefbd57ef6d5d45!8m2!3d25.0518598!4d121.5273867!16s%2Fg%2F11b7cqtsy0!19sChIJHXKfbmapQjQRRV1t71e974o?authuser=0&hl=zh-TW&rclk=1,0x3442a9666e9f721d:0x8aefbd57ef6d5d45
950,張嘉紘,4,11 個月前,"好吃的火鍋  
自助區小菜自行夾取 而且好吃  
冰淇淋跟飲料也是自助  
服務人員有點少 希望能加強

",2022-11-21,https://www.google.com.tw/maps/place/%E7%AF%89%E9%96%93%E5%B9%B8%E7%A6%8F%E9%8D%8B%E7%89%A9+%E5%8F%B0%E5%8C%97%E5%8D%97%E4%BA%AC%E4%B8%80%E5%BA%97/data=!4m7!3m6!1s0x3442a9666e9f721d:0x8aefbd57ef6d5d45!8m2!3d25.0518598!4d121.5273867!16s%2Fg%2F11b7cqtsy0!19sChIJHXKfbmapQjQRRV1t71e974o?authuser=0&hl=zh-TW&rclk=1,0x3442a9666e9f721d:0x8aefbd57ef6d5d45
951,mama Ji,4,11 個月前,"少一顆星是因為地板太滑太危險了!  
食物和服務都一直是水準之上很不錯*\\(^o^)/*

",2022-11-21,https://www.google.com.tw/maps/place/%E7%AF%89%E9%96%93%E5%B9%B8%E7%A6%8F%E9%8D%8B%E7%89%A9+%E5%8F%B0%E5%8C%97%E5%8D%97%E4%BA%AC%E4%B8%80%E5%BA%97/data=!4m7!3m6!1s0x3442a9666e9f721d:0x8aefbd57ef6d5d45!8m2!3d25.0518598!4d121.5273867!16s%2Fg%2F11b7cqtsy0!19sChIJHXKfbmapQjQRRV1t71e974o?authuser=0&hl=zh-TW&rclk=1,0x3442a9666e9f721d:0x8aefbd57ef6d5d45
952,yuqun liu,5,11 個月前,"東西好吃，味道新鮮！

",2022-11-21,https://www.google.com.tw/maps/place/%E7%AF%89%E9%96%93%E5%B9%B8%E7%A6%8F%E9%8D%8B%E7%89%A9+%E5%8F%B0%E5%8C%97%E5%8D%97%E4%BA%AC%E4%B8%80%E5%BA%97/data=!4m7!3m6!1s0x3442a9666e9f721d:0x8aefbd57ef6d5d45!8m2!3d25.0518598!4d121.5273867!16s%2Fg%2F11b7cqtsy0!19sChIJHXKfbmapQjQRRV1t71e974o?authuser=0&hl=zh-TW&rclk=1,0x3442a9666e9f721d:0x8aefbd57ef6d5d45
953,喬伊斯,5,11 個月前,"不錯

",2022-11-21,https://www.google.com.tw/maps/place/%E7%AF%89%E9%96%93%E5%B9%B8%E7%A6%8F%E9%8D%8B%E7%89%A9+%E5%8F%B0%E5%8C%97%E5%8D%97%E4%BA%AC%E4%B8%80%E5%BA%97/data=!4m7!3m6!1s0x3442a9666e9f721d:0x8aefbd57ef6d5d45!8m2!3d25.0518598!4d121.5273867!16s%2Fg%2F11b7cqtsy0!19sChIJHXKfbmapQjQRRV1t71e974o?authuser=0&hl=zh-TW&rclk=1,0x3442a9666e9f721d:0x8aefbd57ef6d5d45
954,黃小月,2,11 個月前,"服務人員跑很勤，會一直幫忙注意要不要補湯，但是只給兩顆星的理由是“碗太髒了”，不論是桌上的碗，還是冰淇淋的碗，上面都黑黑一點一點的！  
有跟服務人員反應要在擦過，服務人員回答“好”，過了一陣子之後在去看，狀況依然沒改變！

",2022-11-21,https://www.google.com.tw/maps/place/%E7%AF%89%E9%96%93%E5%B9%B8%E7%A6%8F%E9%8D%8B%E7%89%A9+%E5%8F%B0%E5%8C%97%E5%8D%97%E4%BA%AC%E4%B8%80%E5%BA%97/data=!4m7!3m6!1s0x3442a9666e9f721d:0x8aefbd57ef6d5d45!8m2!3d25.0518598!4d121.5273867!16s%2Fg%2F11b7cqtsy0!19sChIJHXKfbmapQjQRRV1t71e974o?authuser=0&hl=zh-TW&rclk=1,0x3442a9666e9f721d:0x8aefbd57ef6d5d45
955,呂榗宸,2,11 個月前,,2022-11-21,https://www.google.com.tw/maps/place/%E7%AF%89%E9%96%93%E5%B9%B8%E7%A6%8F%E9%8D%8B%E7%89%A9+%E5%8F%B0%E5%8C%97%E5%8D%97%E4%BA%AC%E4%B8%80%E5%BA%97/data=!4m7!3m6!1s0x3442a9666e9f721d:0x8aefbd57ef6d5d45!8m2!3d25.0518598!4d121.5273867!16s%2Fg%2F11b7cqtsy0!19sChIJHXKfbmapQjQRRV1t71e974o?authuser=0&hl=zh-TW&rclk=1,0x3442a9666e9f721d:0x8aefbd57ef6d5d45
956,張彼德,5,11 個月前,"價位ok 菜盤項目吃到飽  
食材品質不錯  
胡椒豬骨湯底值得一試！

",2022-11-21,https://www.google.com.tw/maps/place/%E7%AF%89%E9%96%93%E5%B9%B8%E7%A6%8F%E9%8D%8B%E7%89%A9+%E5%8F%B0%E5%8C%97%E5%8D%97%E4%BA%AC%E4%B8%80%E5%BA%97/data=!4m7!3m6!1s0x3442a9666e9f721d:0x8aefbd57ef6d5d45!8m2!3d25.0518598!4d121.5273867!16s%2Fg%2F11b7cqtsy0!19sChIJHXKfbmapQjQRRV1t71e974o?authuser=0&hl=zh-TW&rclk=1,0x3442a9666e9f721d:0x8aefbd57ef6d5d45
957,艾碧斯,5,11 個月前,"好吃 菜可以選自己喜歡的夾

",2022-11-21,https://www.google.com.tw/maps/place/%E7%AF%89%E9%96%93%E5%B9%B8%E7%A6%8F%E9%8D%8B%E7%89%A9+%E5%8F%B0%E5%8C%97%E5%8D%97%E4%BA%AC%E4%B8%80%E5%BA%97/data=!4m7!3m6!1s0x3442a9666e9f721d:0x8aefbd57ef6d5d45!8m2!3d25.0518598!4d121.5273867!16s%2Fg%2F11b7cqtsy0!19sChIJHXKfbmapQjQRRV1t71e974o?authuser=0&hl=zh-TW&rclk=1,0x3442a9666e9f721d:0x8aefbd57ef6d5d45
958,陳秀鳳,4,11 個月前,"新鮮菜，自己夾，喜歡吃的菜都是新鮮美味唷

",2022-11-21,https://www.google.com.tw/maps/place/%E7%AF%89%E9%96%93%E5%B9%B8%E7%A6%8F%E9%8D%8B%E7%89%A9+%E5%8F%B0%E5%8C%97%E5%8D%97%E4%BA%AC%E4%B8%80%E5%BA%97/data=!4m7!3m6!1s0x3442a9666e9f721d:0x8aefbd57ef6d5d45!8m2!3d25.0518598!4d121.5273867!16s%2Fg%2F11b7cqtsy0!19sChIJHXKfbmapQjQRRV1t71e974o?authuser=0&hl=zh-TW&rclk=1,0x3442a9666e9f721d:0x8aefbd57ef6d5d45
959,田玉倫,5,11 個月前,"不錯 廁所很滑

",2022-11-21,https://www.google.com.tw/maps/place/%E7%AF%89%E9%96%93%E5%B9%B8%E7%A6%8F%E9%8D%8B%E7%89%A9+%E5%8F%B0%E5%8C%97%E5%8D%97%E4%BA%AC%E4%B8%80%E5%BA%97/data=!4m7!3m6!1s0x3442a9666e9f721d:0x8aefbd57ef6d5d45!8m2!3d25.0518598!4d121.5273867!16s%2Fg%2F11b7cqtsy0!19sChIJHXKfbmapQjQRRV1t71e974o?authuser=0&hl=zh-TW&rclk=1,0x3442a9666e9f721d:0x8aefbd57ef6d5d45
960,Jaing Chiang,3,11 個月前,,2022-11-21,https://www.google.com.tw/maps/place/%E7%AF%89%E9%96%93%E5%B9%B8%E7%A6%8F%E9%8D%8B%E7%89%A9+%E5%8F%B0%E5%8C%97%E5%8D%97%E4%BA%AC%E4%B8%80%E5%BA%97/data=!4m7!3m6!1s0x3442a9666e9f721d:0x8aefbd57ef6d5d45!8m2!3d25.0518598!4d121.5273867!16s%2Fg%2F11b7cqtsy0!19sChIJHXKfbmapQjQRRV1t71e974o?authuser=0&hl=zh-TW&rclk=1,0x3442a9666e9f721d:0x8aefbd57ef6d5d45
961,陳丕承,5,11 個月前,,2022-11-21,https://www.google.com.tw/maps/place/%E7%AF%89%E9%96%93%E5%B9%B8%E7%A6%8F%E9%8D%8B%E7%89%A9+%E5%8F%B0%E5%8C%97%E5%8D%97%E4%BA%AC%E4%B8%80%E5%BA%97/data=!4m7!3m6!1s0x3442a9666e9f721d:0x8aefbd57ef6d5d45!8m2!3d25.0518598!4d121.5273867!16s%2Fg%2F11b7cqtsy0!19sChIJHXKfbmapQjQRRV1t71e974o?authuser=0&hl=zh-TW&rclk=1,0x3442a9666e9f721d:0x8aefbd57ef6d5d45
962,Yiping,5,11 個月前,"份量很充足 吃的很飽  
冰淇淋超好吃  
只是限時 感覺吃的很趕…

",2022-11-21,https://www.google.com.tw/maps/place/%E7%AF%89%E9%96%93%E5%B9%B8%E7%A6%8F%E9%8D%8B%E7%89%A9+%E5%8F%B0%E5%8C%97%E5%8D%97%E4%BA%AC%E4%B8%80%E5%BA%97/data=!4m7!3m6!1s0x3442a9666e9f721d:0x8aefbd57ef6d5d45!8m2!3d25.0518598!4d121.5273867!16s%2Fg%2F11b7cqtsy0!19sChIJHXKfbmapQjQRRV1t71e974o?authuser=0&hl=zh-TW&rclk=1,0x3442a9666e9f721d:0x8aefbd57ef6d5d45
963,Derek Nien,5,11 個月前,,2022-11-21,https://www.google.com.tw/maps/place/%E7%AF%89%E9%96%93%E5%B9%B8%E7%A6%8F%E9%8D%8B%E7%89%A9+%E5%8F%B0%E5%8C%97%E5%8D%97%E4%BA%AC%E4%B8%80%E5%BA%97/data=!4m7!3m6!1s0x3442a9666e9f721d:0x8aefbd57ef6d5d45!8m2!3d25.0518598!4d121.5273867!16s%2Fg%2F11b7cqtsy0!19sChIJHXKfbmapQjQRRV1t71e974o?authuser=0&hl=zh-TW&rclk=1,0x3442a9666e9f721d:0x8aefbd57ef6d5d45
964,Cha ya,5,11 個月前,"來吃這麼多次，除了食材好吃之外，最喜歡的員工就是茗謙了，很勤勞很有禮貌，服務態度非常好

",2022-11-21,https://www.google.com.tw/maps/place/%E7%AF%89%E9%96%93%E5%B9%B8%E7%A6%8F%E9%8D%8B%E7%89%A9+%E5%8F%B0%E5%8C%97%E5%8D%97%E4%BA%AC%E4%B8%80%E5%BA%97/data=!4m7!3m6!1s0x3442a9666e9f721d:0x8aefbd57ef6d5d45!8m2!3d25.0518598!4d121.5273867!16s%2Fg%2F11b7cqtsy0!19sChIJHXKfbmapQjQRRV1t71e974o?authuser=0&hl=zh-TW&rclk=1,0x3442a9666e9f721d:0x8aefbd57ef6d5d45
965,Kazami Lucifer,1,11 個月前,,2022-11-21,https://www.google.com.tw/maps/place/%E7%AF%89%E9%96%93%E5%B9%B8%E7%A6%8F%E9%8D%8B%E7%89%A9+%E5%8F%B0%E5%8C%97%E5%8D%97%E4%BA%AC%E4%B8%80%E5%BA%97/data=!4m7!3m6!1s0x3442a9666e9f721d:0x8aefbd57ef6d5d45!8m2!3d25.0518598!4d121.5273867!16s%2Fg%2F11b7cqtsy0!19sChIJHXKfbmapQjQRRV1t71e974o?authuser=0&hl=zh-TW&rclk=1,0x3442a9666e9f721d:0x8aefbd57ef6d5d45
966,YO C (YO),5,11 個月前,"解鎖第一次吃築間的成就～  
粵式胡椒豬骨湯底大推！

",2022-11-21,https://www.google.com.tw/maps/place/%E7%AF%89%E9%96%93%E5%B9%B8%E7%A6%8F%E9%8D%8B%E7%89%A9+%E5%8F%B0%E5%8C%97%E5%8D%97%E4%BA%AC%E4%B8%80%E5%BA%97/data=!4m7!3m6!1s0x3442a9666e9f721d:0x8aefbd57ef6d5d45!8m2!3d25.0518598!4d121.5273867!16s%2Fg%2F11b7cqtsy0!19sChIJHXKfbmapQjQRRV1t71e974o?authuser=0&hl=zh-TW&rclk=1,0x3442a9666e9f721d:0x8aefbd57ef6d5d45
967,Peter Hsu,3,11 個月前,"位子很小...用餐時間很短 吃得很趕

",2022-11-21,https://www.google.com.tw/maps/place/%E7%AF%89%E9%96%93%E5%B9%B8%E7%A6%8F%E9%8D%8B%E7%89%A9+%E5%8F%B0%E5%8C%97%E5%8D%97%E4%BA%AC%E4%B8%80%E5%BA%97/data=!4m7!3m6!1s0x3442a9666e9f721d:0x8aefbd57ef6d5d45!8m2!3d25.0518598!4d121.5273867!16s%2Fg%2F11b7cqtsy0!19sChIJHXKfbmapQjQRRV1t71e974o?authuser=0&hl=zh-TW&rclk=1,0x3442a9666e9f721d:0x8aefbd57ef6d5d45
968,miu miu,4,11 個月前,"之前去吃都點麻辣湯頭都很辣 所以今天改點了胡椒豬骨 湯頭喝起來很香又很好喝 味噌湯頭還好一半而已  
不過今天點了菲力牛加大 肉很厚一片 建議煮半熟就好 熟了很難咬  
飲料跟冰淇淋都很豐富  
這家算價錢便宜 大家可以去吃看看

",2022-11-21,https://www.google.com.tw/maps/place/%E7%AF%89%E9%96%93%E5%B9%B8%E7%A6%8F%E9%8D%8B%E7%89%A9+%E5%8F%B0%E5%8C%97%E5%8D%97%E4%BA%AC%E4%B8%80%E5%BA%97/data=!4m7!3m6!1s0x3442a9666e9f721d:0x8aefbd57ef6d5d45!8m2!3d25.0518598!4d121.5273867!16s%2Fg%2F11b7cqtsy0!19sChIJHXKfbmapQjQRRV1t71e974o?authuser=0&hl=zh-TW&rclk=1,0x3442a9666e9f721d:0x8aefbd57ef6d5d45
969,林曉婷,5,11 個月前,,2022-11-21,https://www.google.com.tw/maps/place/%E7%AF%89%E9%96%93%E5%B9%B8%E7%A6%8F%E9%8D%8B%E7%89%A9+%E5%8F%B0%E5%8C%97%E5%8D%97%E4%BA%AC%E4%B8%80%E5%BA%97/data=!4m7!3m6!1s0x3442a9666e9f721d:0x8aefbd57ef6d5d45!8m2!3d25.0518598!4d121.5273867!16s%2Fg%2F11b7cqtsy0!19sChIJHXKfbmapQjQRRV1t71e974o?authuser=0&hl=zh-TW&rclk=1,0x3442a9666e9f721d:0x8aefbd57ef6d5d45
970,王妃儀,4,11 個月前,,2022-11-21,https://www.google.com.tw/maps/place/%E7%AF%89%E9%96%93%E5%B9%B8%E7%A6%8F%E9%8D%8B%E7%89%A9+%E5%8F%B0%E5%8C%97%E5%8D%97%E4%BA%AC%E4%B8%80%E5%BA%97/data=!4m7!3m6!1s0x3442a9666e9f721d:0x8aefbd57ef6d5d45!8m2!3d25.0518598!4d121.5273867!16s%2Fg%2F11b7cqtsy0!19sChIJHXKfbmapQjQRRV1t71e974o?authuser=0&hl=zh-TW&rclk=1,0x3442a9666e9f721d:0x8aefbd57ef6d5d45
971,覃基豪,4,11 個月前,"CP值不高，賣到很晚是優點  
每種湯都很好喝很用心，除了升級版的石頭湯有點無感  
二樓有青菜吃到飽很貼心，如果自助吧有豆腐類的東西就好了  
服務人員都很客氣，環境有點擁擠但這就是台北市  
想追求完美的用餐環境請搬去台中

",2022-11-21,https://www.google.com.tw/maps/place/%E7%AF%89%E9%96%93%E5%B9%B8%E7%A6%8F%E9%8D%8B%E7%89%A9+%E5%8F%B0%E5%8C%97%E5%8D%97%E4%BA%AC%E4%B8%80%E5%BA%97/data=!4m7!3m6!1s0x3442a9666e9f721d:0x8aefbd57ef6d5d45!8m2!3d25.0518598!4d121.5273867!16s%2Fg%2F11b7cqtsy0!19sChIJHXKfbmapQjQRRV1t71e974o?authuser=0&hl=zh-TW&rclk=1,0x3442a9666e9f721d:0x8aefbd57ef6d5d45
972,johnny john,1,11 個月前,"電話怎麼打就是不通，要不要直接廢除電話

",2022-11-21,https://www.google.com.tw/maps/place/%E7%AF%89%E9%96%93%E5%B9%B8%E7%A6%8F%E9%8D%8B%E7%89%A9+%E5%8F%B0%E5%8C%97%E5%8D%97%E4%BA%AC%E4%B8%80%E5%BA%97/data=!4m7!3m6!1s0x3442a9666e9f721d:0x8aefbd57ef6d5d45!8m2!3d25.0518598!4d121.5273867!16s%2Fg%2F11b7cqtsy0!19sChIJHXKfbmapQjQRRV1t71e974o?authuser=0&hl=zh-TW&rclk=1,0x3442a9666e9f721d:0x8aefbd57ef6d5d45
973,陳大國,5,11 個月前,"服務熱心！

",2022-11-21,https://www.google.com.tw/maps/place/%E7%AF%89%E9%96%93%E5%B9%B8%E7%A6%8F%E9%8D%8B%E7%89%A9+%E5%8F%B0%E5%8C%97%E5%8D%97%E4%BA%AC%E4%B8%80%E5%BA%97/data=!4m7!3m6!1s0x3442a9666e9f721d:0x8aefbd57ef6d5d45!8m2!3d25.0518598!4d121.5273867!16s%2Fg%2F11b7cqtsy0!19sChIJHXKfbmapQjQRRV1t71e974o?authuser=0&hl=zh-TW&rclk=1,0x3442a9666e9f721d:0x8aefbd57ef6d5d45
974,呂芳蘭,4,11 個月前,,2022-11-21,https://www.google.com.tw/maps/place/%E7%AF%89%E9%96%93%E5%B9%B8%E7%A6%8F%E9%8D%8B%E7%89%A9+%E5%8F%B0%E5%8C%97%E5%8D%97%E4%BA%AC%E4%B8%80%E5%BA%97/data=!4m7!3m6!1s0x3442a9666e9f721d:0x8aefbd57ef6d5d45!8m2!3d25.0518598!4d121.5273867!16s%2Fg%2F11b7cqtsy0!19sChIJHXKfbmapQjQRRV1t71e974o?authuser=0&hl=zh-TW&rclk=1,0x3442a9666e9f721d:0x8aefbd57ef6d5d45
975,xu.6,5,11 個月前,"好吃

",2022-11-21,https://www.google.com.tw/maps/place/%E7%AF%89%E9%96%93%E5%B9%B8%E7%A6%8F%E9%8D%8B%E7%89%A9+%E5%8F%B0%E5%8C%97%E5%8D%97%E4%BA%AC%E4%B8%80%E5%BA%97/data=!4m7!3m6!1s0x3442a9666e9f721d:0x8aefbd57ef6d5d45!8m2!3d25.0518598!4d121.5273867!16s%2Fg%2F11b7cqtsy0!19sChIJHXKfbmapQjQRRV1t71e974o?authuser=0&hl=zh-TW&rclk=1,0x3442a9666e9f721d:0x8aefbd57ef6d5d45
976,林婉華,5,11 個月前,,2022-11-21,https://www.google.com.tw/maps/place/%E7%AF%89%E9%96%93%E5%B9%B8%E7%A6%8F%E9%8D%8B%E7%89%A9+%E5%8F%B0%E5%8C%97%E5%8D%97%E4%BA%AC%E4%B8%80%E5%BA%97/data=!4m7!3m6!1s0x3442a9666e9f721d:0x8aefbd57ef6d5d45!8m2!3d25.0518598!4d121.5273867!16s%2Fg%2F11b7cqtsy0!19sChIJHXKfbmapQjQRRV1t71e974o?authuser=0&hl=zh-TW&rclk=1,0x3442a9666e9f721d:0x8aefbd57ef6d5d45
977,邱銘輝,4,11 個月前,,2022-11-21,https://www.google.com.tw/maps/place/%E7%AF%89%E9%96%93%E5%B9%B8%E7%A6%8F%E9%8D%8B%E7%89%A9+%E5%8F%B0%E5%8C%97%E5%8D%97%E4%BA%AC%E4%B8%80%E5%BA%97/data=!4m7!3m6!1s0x3442a9666e9f721d:0x8aefbd57ef6d5d45!8m2!3d25.0518598!4d121.5273867!16s%2Fg%2F11b7cqtsy0!19sChIJHXKfbmapQjQRRV1t71e974o?authuser=0&hl=zh-TW&rclk=1,0x3442a9666e9f721d:0x8aefbd57ef6d5d45
978,洪小哲,3,11 個月前,"吃這麼久的築間！2樓裝修後的第一次在2樓用餐！吃完只有一個字可以形容(淡)  
非常的淡就連冰淇淋也很淡！居然沒有1樓的好吃！個人覺得滿奇怪的明明都是築間為何1樓跟2樓會差這麼多！？！回家後兩人立馬拉肚子！吃完真的很空虛….

",2022-11-21,https://www.google.com.tw/maps/place/%E7%AF%89%E9%96%93%E5%B9%B8%E7%A6%8F%E9%8D%8B%E7%89%A9+%E5%8F%B0%E5%8C%97%E5%8D%97%E4%BA%AC%E4%B8%80%E5%BA%97/data=!4m7!3m6!1s0x3442a9666e9f721d:0x8aefbd57ef6d5d45!8m2!3d25.0518598!4d121.5273867!16s%2Fg%2F11b7cqtsy0!19sChIJHXKfbmapQjQRRV1t71e974o?authuser=0&hl=zh-TW&rclk=1,0x3442a9666e9f721d:0x8aefbd57ef6d5d45
979,Yu-Hao Wu,5,11 個月前,,2022-11-21,https://www.google.com.tw/maps/place/%E7%AF%89%E9%96%93%E5%B9%B8%E7%A6%8F%E9%8D%8B%E7%89%A9+%E5%8F%B0%E5%8C%97%E5%8D%97%E4%BA%AC%E4%B8%80%E5%BA%97/data=!4m7!3m6!1s0x3442a9666e9f721d:0x8aefbd57ef6d5d45!8m2!3d25.0518598!4d121.5273867!16s%2Fg%2F11b7cqtsy0!19sChIJHXKfbmapQjQRRV1t71e974o?authuser=0&hl=zh-TW&rclk=1,0x3442a9666e9f721d:0x8aefbd57ef6d5d45
980,王安順,4,11 個月前,,2022-11-21,https://www.google.com.tw/maps/place/%E7%AF%89%E9%96%93%E5%B9%B8%E7%A6%8F%E9%8D%8B%E7%89%A9+%E5%8F%B0%E5%8C%97%E5%8D%97%E4%BA%AC%E4%B8%80%E5%BA%97/data=!4m7!3m6!1s0x3442a9666e9f721d:0x8aefbd57ef6d5d45!8m2!3d25.0518598!4d121.5273867!16s%2Fg%2F11b7cqtsy0!19sChIJHXKfbmapQjQRRV1t71e974o?authuser=0&hl=zh-TW&rclk=1,0x3442a9666e9f721d:0x8aefbd57ef6d5d45
981,Doris Chen,1,11 個月前,"桌上未清潔乾淨就給下位客人使用，還有留下前桌殘留的食物在桌面，使用的碗也沒洗乾淨，湯不行自行加要請服務員加，已經叫了兩次說好但一直還是沒來，連續兩次都快見底了加湯都要等很久。

",2022-11-21,https://www.google.com.tw/maps/place/%E7%AF%89%E9%96%93%E5%B9%B8%E7%A6%8F%E9%8D%8B%E7%89%A9+%E5%8F%B0%E5%8C%97%E5%8D%97%E4%BA%AC%E4%B8%80%E5%BA%97/data=!4m7!3m6!1s0x3442a9666e9f721d:0x8aefbd57ef6d5d45!8m2!3d25.0518598!4d121.5273867!16s%2Fg%2F11b7cqtsy0!19sChIJHXKfbmapQjQRRV1t71e974o?authuser=0&hl=zh-TW&rclk=1,0x3442a9666e9f721d:0x8aefbd57ef6d5d45
982,ㄙㄟˋㄙㄟˋ,5,11 個月前,"生意很好，下午或半夜打電話才訂地到位  
二樓二店有自助吧，食材新鮮，集點可以送肉  
Hershey's 冰沙好喝₍₍ ◝( ﾟ∀ ﾟ )◟ ⁾⁾  
  
店員服務態度也很好，我們用餐時，店員不小心掉碗盤在朋友位子附近，雖然沒什麼被潑到只是小小嚇到，但店員收拾之後很快就過來關心並給了紙巾~

",2022-11-21,https://www.google.com.tw/maps/place/%E7%AF%89%E9%96%93%E5%B9%B8%E7%A6%8F%E9%8D%8B%E7%89%A9+%E5%8F%B0%E5%8C%97%E5%8D%97%E4%BA%AC%E4%B8%80%E5%BA%97/data=!4m7!3m6!1s0x3442a9666e9f721d:0x8aefbd57ef6d5d45!8m2!3d25.0518598!4d121.5273867!16s%2Fg%2F11b7cqtsy0!19sChIJHXKfbmapQjQRRV1t71e974o?authuser=0&hl=zh-TW&rclk=1,0x3442a9666e9f721d:0x8aefbd57ef6d5d45
983,Wolf Chris,3,11 個月前,"下午4點到此用餐，三顆星是給櫃檯小姐！  
一個人要接電話要帶位要候位要加湯還要幫忙收桌，根本是一個人包整個外場非常辛苦！  
醬油沒了告知以後櫃檯小姐也是分身乏術，事後還親自到位子上告知已補好，服務真的非常棒，希望貴公司能補足一下人力別讓這麼優秀的員工累壞了！

",2022-11-21,https://www.google.com.tw/maps/place/%E7%AF%89%E9%96%93%E5%B9%B8%E7%A6%8F%E9%8D%8B%E7%89%A9+%E5%8F%B0%E5%8C%97%E5%8D%97%E4%BA%AC%E4%B8%80%E5%BA%97/data=!4m7!3m6!1s0x3442a9666e9f721d:0x8aefbd57ef6d5d45!8m2!3d25.0518598!4d121.5273867!16s%2Fg%2F11b7cqtsy0!19sChIJHXKfbmapQjQRRV1t71e974o?authuser=0&hl=zh-TW&rclk=1,0x3442a9666e9f721d:0x8aefbd57ef6d5d45
984,po ny,4,11 個月前,,2022-11-21,https://www.google.com.tw/maps/place/%E7%AF%89%E9%96%93%E5%B9%B8%E7%A6%8F%E9%8D%8B%E7%89%A9+%E5%8F%B0%E5%8C%97%E5%8D%97%E4%BA%AC%E4%B8%80%E5%BA%97/data=!4m7!3m6!1s0x3442a9666e9f721d:0x8aefbd57ef6d5d45!8m2!3d25.0518598!4d121.5273867!16s%2Fg%2F11b7cqtsy0!19sChIJHXKfbmapQjQRRV1t71e974o?authuser=0&hl=zh-TW&rclk=1,0x3442a9666e9f721d:0x8aefbd57ef6d5d45
985,Kou Mukami,1,11 個月前,"電話都打不進去  
説可以外帶先打電話  
結果打快一小時根本都不接  
棒棒~~

",2022-11-21,https://www.google.com.tw/maps/place/%E7%AF%89%E9%96%93%E5%B9%B8%E7%A6%8F%E9%8D%8B%E7%89%A9+%E5%8F%B0%E5%8C%97%E5%8D%97%E4%BA%AC%E4%B8%80%E5%BA%97/data=!4m7!3m6!1s0x3442a9666e9f721d:0x8aefbd57ef6d5d45!8m2!3d25.0518598!4d121.5273867!16s%2Fg%2F11b7cqtsy0!19sChIJHXKfbmapQjQRRV1t71e974o?authuser=0&hl=zh-TW&rclk=1,0x3442a9666e9f721d:0x8aefbd57ef6d5d45
986,唐CK,4,11 個月前,"需要預約不然你會等很久

",2022-11-21,https://www.google.com.tw/maps/place/%E7%AF%89%E9%96%93%E5%B9%B8%E7%A6%8F%E9%8D%8B%E7%89%A9+%E5%8F%B0%E5%8C%97%E5%8D%97%E4%BA%AC%E4%B8%80%E5%BA%97/data=!4m7!3m6!1s0x3442a9666e9f721d:0x8aefbd57ef6d5d45!8m2!3d25.0518598!4d121.5273867!16s%2Fg%2F11b7cqtsy0!19sChIJHXKfbmapQjQRRV1t71e974o?authuser=0&hl=zh-TW&rclk=1,0x3442a9666e9f721d:0x8aefbd57ef6d5d45
987,林明子,3,1 年前,,2022-11-21,https://www.google.com.tw/maps/place/%E7%AF%89%E9%96%93%E5%B9%B8%E7%A6%8F%E9%8D%8B%E7%89%A9+%E5%8F%B0%E5%8C%97%E5%8D%97%E4%BA%AC%E4%B8%80%E5%BA%97/data=!4m7!3m6!1s0x3442a9666e9f721d:0x8aefbd57ef6d5d45!8m2!3d25.0518598!4d121.5273867!16s%2Fg%2F11b7cqtsy0!19sChIJHXKfbmapQjQRRV1t71e974o?authuser=0&hl=zh-TW&rclk=1,0x3442a9666e9f721d:0x8aefbd57ef6d5d45
988,Tenik Pan,5,1 年前,"離峰時刻拜訪，店員稍微不足，但是仍很有耐心的處理完所有有客人的服務，餐點新鮮好吃，可以再訪的火鍋店

",2022-11-21,https://www.google.com.tw/maps/place/%E7%AF%89%E9%96%93%E5%B9%B8%E7%A6%8F%E9%8D%8B%E7%89%A9+%E5%8F%B0%E5%8C%97%E5%8D%97%E4%BA%AC%E4%B8%80%E5%BA%97/data=!4m7!3m6!1s0x3442a9666e9f721d:0x8aefbd57ef6d5d45!8m2!3d25.0518598!4d121.5273867!16s%2Fg%2F11b7cqtsy0!19sChIJHXKfbmapQjQRRV1t71e974o?authuser=0&hl=zh-TW&rclk=1,0x3442a9666e9f721d:0x8aefbd57ef6d5d45
989,Alice Huang,5,1 年前,"cp值高，是一家一而再 再而三 回吃的店

",2022-11-21,https://www.google.com.tw/maps/place/%E7%AF%89%E9%96%93%E5%B9%B8%E7%A6%8F%E9%8D%8B%E7%89%A9+%E5%8F%B0%E5%8C%97%E5%8D%97%E4%BA%AC%E4%B8%80%E5%BA%97/data=!4m7!3m6!1s0x3442a9666e9f721d:0x8aefbd57ef6d5d45!8m2!3d25.0518598!4d121.5273867!16s%2Fg%2F11b7cqtsy0!19sChIJHXKfbmapQjQRRV1t71e974o?authuser=0&hl=zh-TW&rclk=1,0x3442a9666e9f721d:0x8aefbd57ef6d5d45
990,Timi Timii,5,1 年前,"加價50元的海鮮干貝湯底很棒很好喝  
烏骨雞鍋有附蛤蠣跟魚片二選一，很不錯很划算  
烏骨雞肉質不錯，很新鮮  
壽星當月還可以免費送10點兌換火鍋料  
我生日換一盤蝦給的好大氣啊10隻讓我吃個過癮  
唯獨會員點數期效時間太短只有兩個月  
希望可以延長至半年比較優惠點  
消費滿100元就送一點的門檻很容易達到  
所以每次去都用點數換蝦子或蛤蠣，飽到不要不要的很超值，是貴品牌很會做行銷的優點  
重點是湯頭也很棒，豬骨湯頭也很好喝  
菜盤也很新鮮，玉米有甜度，對於篩選食材的品管不錯  
醬料區也弄的很乾淨，上次去南崁店吃，醬料區有點亂，佐料很多見底了也沒補，比如蔥，辣椒，還是我上前去提醒店員補  
Buffet區的明治冰淇淋很好吃，巧克力牛奶冰沙也好喝  
就是烏梅汁味道沒有很濃，有一點淡，扣一顆星  
桌子不大，菜盤跟主餐的食材ㄧ來就快放不下  
用餐的雙手很怕去撞翻打翻食材  
店內不大但燈光明亮，缺點就是桌子不大一點點影響用餐的空間

",2022-11-21,https://www.google.com.tw/maps/place/%E7%AF%89%E9%96%93%E5%B9%B8%E7%A6%8F%E9%8D%8B%E7%89%A9+%E5%8F%B0%E5%8C%97%E5%8D%97%E4%BA%AC%E4%B8%80%E5%BA%97/data=!4m7!3m6!1s0x3442a9666e9f721d:0x8aefbd57ef6d5d45!8m2!3d25.0518598!4d121.5273867!16s%2Fg%2F11b7cqtsy0!19sChIJHXKfbmapQjQRRV1t71e974o?authuser=0&hl=zh-TW&rclk=1,0x3442a9666e9f721d:0x8aefbd57ef6d5d45
991,Ning,1,1 年前,"特地從中壢上去吃  
用餐前幾天打電話訂位22:00平日兩人的位置  
結果還要跟不認識的併桌  
問號❓  
為了併桌放的隔板整個擋到電磁爐一半火鍋都沒辦法完全加熱  
跟店員反應還說沒辦法換位置  
欺負人是不是？？？？  
中壢吃好幾次從沒遇過要併桌的狀況  
拜託桌子不夠多設幾個不要委屈客人好嗎==  
跟不認識的面對面吃火鍋放一個爛隔板  
我還是訂位的耶傻眼⋯⋯  
不會再去你們這間店了謝謝！！！！！！！

",2022-11-21,https://www.google.com.tw/maps/place/%E7%AF%89%E9%96%93%E5%B9%B8%E7%A6%8F%E9%8D%8B%E7%89%A9+%E5%8F%B0%E5%8C%97%E5%8D%97%E4%BA%AC%E4%B8%80%E5%BA%97/data=!4m7!3m6!1s0x3442a9666e9f721d:0x8aefbd57ef6d5d45!8m2!3d25.0518598!4d121.5273867!16s%2Fg%2F11b7cqtsy0!19sChIJHXKfbmapQjQRRV1t71e974o?authuser=0&hl=zh-TW&rclk=1,0x3442a9666e9f721d:0x8aefbd57ef6d5d45
992,李哲宇,3,1 年前,,2022-11-21,https://www.google.com.tw/maps/place/%E7%AF%89%E9%96%93%E5%B9%B8%E7%A6%8F%E9%8D%8B%E7%89%A9+%E5%8F%B0%E5%8C%97%E5%8D%97%E4%BA%AC%E4%B8%80%E5%BA%97/data=!4m7!3m6!1s0x3442a9666e9f721d:0x8aefbd57ef6d5d45!8m2!3d25.0518598!4d121.5273867!16s%2Fg%2F11b7cqtsy0!19sChIJHXKfbmapQjQRRV1t71e974o?authuser=0&hl=zh-TW&rclk=1,0x3442a9666e9f721d:0x8aefbd57ef6d5d45
993,Albert Liu,4,1 年前,"肉的品質還不錯，海鮮也蠻新鮮的，但用餐時間有限制，冰淇淋的甜筒也有點軟爛

",2022-11-21,https://www.google.com.tw/maps/place/%E7%AF%89%E9%96%93%E5%B9%B8%E7%A6%8F%E9%8D%8B%E7%89%A9+%E5%8F%B0%E5%8C%97%E5%8D%97%E4%BA%AC%E4%B8%80%E5%BA%97/data=!4m7!3m6!1s0x3442a9666e9f721d:0x8aefbd57ef6d5d45!8m2!3d25.0518598!4d121.5273867!16s%2Fg%2F11b7cqtsy0!19sChIJHXKfbmapQjQRRV1t71e974o?authuser=0&hl=zh-TW&rclk=1,0x3442a9666e9f721d:0x8aefbd57ef6d5d45
994,廖偉如,1,1 年前,"肉很慢才上  
可以理解尖峰時段用餐  
員工人手不夠 大家都很忙  
但已經催過一兩次  
店員都說稍等一下  
就跑去送別桌的餐  
最後來我們這桌說餐都到齊了  
才發現少送我的肉  
但也沒有給任何補償或加時  
只說用餐時間剩20分鐘  
火鍋很好吃但希望服務的部分能改進

",2022-11-21,https://www.google.com.tw/maps/place/%E7%AF%89%E9%96%93%E5%B9%B8%E7%A6%8F%E9%8D%8B%E7%89%A9+%E5%8F%B0%E5%8C%97%E5%8D%97%E4%BA%AC%E4%B8%80%E5%BA%97/data=!4m7!3m6!1s0x3442a9666e9f721d:0x8aefbd57ef6d5d45!8m2!3d25.0518598!4d121.5273867!16s%2Fg%2F11b7cqtsy0!19sChIJHXKfbmapQjQRRV1t71e974o?authuser=0&hl=zh-TW&rclk=1,0x3442a9666e9f721d:0x8aefbd57ef6d5d45
995,DD Yang,5,1 年前,,2022-11-21,https://www.google.com.tw/maps/place/%E7%AF%89%E9%96%93%E5%B9%B8%E7%A6%8F%E9%8D%8B%E7%89%A9+%E5%8F%B0%E5%8C%97%E5%8D%97%E4%BA%AC%E4%B8%80%E5%BA%97/data=!4m7!3m6!1s0x3442a9666e9f721d:0x8aefbd57ef6d5d45!8m2!3d25.0518598!4d121.5273867!16s%2Fg%2F11b7cqtsy0!19sChIJHXKfbmapQjQRRV1t71e974o?authuser=0&hl=zh-TW&rclk=1,0x3442a9666e9f721d:0x8aefbd57ef6d5d45
996,Yu Lin,5,1 年前,"如果你問我  
台北市最好吃的火鍋店  
我真的會說  
築間真的超厲害  
當你不知道要吃什麼的時候  
只要附近有築間  
走進去一定不踩雷  
現在不是只有台北才有  
北中南都有  
真的是實在划算又好吃  
沒吃過一定要來吃

",2022-11-21,https://www.google.com.tw/maps/place/%E7%AF%89%E9%96%93%E5%B9%B8%E7%A6%8F%E9%8D%8B%E7%89%A9+%E5%8F%B0%E5%8C%97%E5%8D%97%E4%BA%AC%E4%B8%80%E5%BA%97/data=!4m7!3m6!1s0x3442a9666e9f721d:0x8aefbd57ef6d5d45!8m2!3d25.0518598!4d121.5273867!16s%2Fg%2F11b7cqtsy0!19sChIJHXKfbmapQjQRRV1t71e974o?authuser=0&hl=zh-TW&rclk=1,0x3442a9666e9f721d:0x8aefbd57ef6d5d45
997,吳季儒,1,1 年前,"1.麻辣鍋沒給鴨血（忘記給？廣告不實？  
2.明治冰淇淋根本是融化狀態，還有冰快感的部分參雜其中（反覆退冰冷凍？  
3.店員態度不佳，量體溫也只是做做樣子，店員隨手量完（並沒有沒確實對准額頭）後全沒有看溫度⋯  
這家分店超不優。

",2022-11-21,https://www.google.com.tw/maps/place/%E7%AF%89%E9%96%93%E5%B9%B8%E7%A6%8F%E9%8D%8B%E7%89%A9+%E5%8F%B0%E5%8C%97%E5%8D%97%E4%BA%AC%E4%B8%80%E5%BA%97/data=!4m7!3m6!1s0x3442a9666e9f721d:0x8aefbd57ef6d5d45!8m2!3d25.0518598!4d121.5273867!16s%2Fg%2F11b7cqtsy0!19sChIJHXKfbmapQjQRRV1t71e974o?authuser=0&hl=zh-TW&rclk=1,0x3442a9666e9f721d:0x8aefbd57ef6d5d45
998,JE LIU,5,1 年前,"晚班店員服務態度很好

",2022-11-21,https://www.google.com.tw/maps/place/%E7%AF%89%E9%96%93%E5%B9%B8%E7%A6%8F%E9%8D%8B%E7%89%A9+%E5%8F%B0%E5%8C%97%E5%8D%97%E4%BA%AC%E4%B8%80%E5%BA%97/data=!4m7!3m6!1s0x3442a9666e9f721d:0x8aefbd57ef6d5d45!8m2!3d25.0518598!4d121.5273867!16s%2Fg%2F11b7cqtsy0!19sChIJHXKfbmapQjQRRV1t71e974o?authuser=0&hl=zh-TW&rclk=1,0x3442a9666e9f721d:0x8aefbd57ef6d5d45
999,yu-hong Huang,4,1 年前,"沒有自助蔬菜吧很可惜  
應該ㄧ二店都要一樣的  
不然等現場位要分開等

",2022-11-21,https://www.google.com.tw/maps/place/%E7%AF%89%E9%96%93%E5%B9%B8%E7%A6%8F%E9%8D%8B%E7%89%A9+%E5%8F%B0%E5%8C%97%E5%8D%97%E4%BA%AC%E4%B8%80%E5%BA%97/data=!4m7!3m6!1s0x3442a9666e9f721d:0x8aefbd57ef6d5d45!8m2!3d25.0518598!4d121.5273867!16s%2Fg%2F11b7cqtsy0!19sChIJHXKfbmapQjQRRV1t71e974o?authuser=0&hl=zh-TW&rclk=1,0x3442a9666e9f721d:0x8aefbd57ef6d5d45
1000,于程,5,1 年前,"好吃 超好吃

",2022-11-21,https://www.google.com.tw/maps/place/%E7%AF%89%E9%96%93%E5%B9%B8%E7%A6%8F%E9%8D%8B%E7%89%A9+%E5%8F%B0%E5%8C%97%E5%8D%97%E4%BA%AC%E4%B8%80%E5%BA%97/data=!4m7!3m6!1s0x3442a9666e9f721d:0x8aefbd57ef6d5d45!8m2!3d25.0518598!4d121.5273867!16s%2Fg%2F11b7cqtsy0!19sChIJHXKfbmapQjQRRV1t71e974o?authuser=0&hl=zh-TW&rclk=1,0x3442a9666e9f721d:0x8aefbd57ef6d5d45
1001,賴一忠,4,1 年前,,2022-11-21,https://www.google.com.tw/maps/place/%E7%AF%89%E9%96%93%E5%B9%B8%E7%A6%8F%E9%8D%8B%E7%89%A9+%E5%8F%B0%E5%8C%97%E5%8D%97%E4%BA%AC%E4%B8%80%E5%BA%97/data=!4m7!3m6!1s0x3442a9666e9f721d:0x8aefbd57ef6d5d45!8m2!3d25.0518598!4d121.5273867!16s%2Fg%2F11b7cqtsy0!19sChIJHXKfbmapQjQRRV1t71e974o?authuser=0&hl=zh-TW&rclk=1,0x3442a9666e9f721d:0x8aefbd57ef6d5d45
1002,何金香,4,1 年前,"突然發現築間鍋物也有吃到飽的蔬食壩！整個食神附體…可可冰沙！冰淇淋！也隨便你吃…超推！

",2022-11-21,https://www.google.com.tw/maps/place/%E7%AF%89%E9%96%93%E5%B9%B8%E7%A6%8F%E9%8D%8B%E7%89%A9+%E5%8F%B0%E5%8C%97%E5%8D%97%E4%BA%AC%E4%B8%80%E5%BA%97/data=!4m7!3m6!1s0x3442a9666e9f721d:0x8aefbd57ef6d5d45!8m2!3d25.0518598!4d121.5273867!16s%2Fg%2F11b7cqtsy0!19sChIJHXKfbmapQjQRRV1t71e974o?authuser=0&hl=zh-TW&rclk=1,0x3442a9666e9f721d:0x8aefbd57ef6d5d45
1003,Ying Yi,5,1 年前,"20211024  
換了菜單有漲價，以前點的板腱牛肉鍋，現在點是熟成紐澳低脂牛肉鍋，肉吃起來低脂牛肉鍋肉比較薄一點點，但是肉也比較軟，之前350元現在380元，漲價了漲價了漲價了…….  
  
今天母親節因為臨時才安排要吃火鍋，所以預定的時間是下午4:20，抵達的時候沒有等待很久就可以入座了，可能因為是用餐的離峰時間吧。  
由於用餐人數多分成兩桌的座位，但是其實就是在旁邊而已，店內好像有重新整理過，感覺用餐環境很舒適，而且冷氣開的很涼，在這種不是很冷的天氣吃火鍋冷氣真的是必須的啊⋯⋯  
今天都是點石頭湯底，是在廚房先爆炒過後才端上桌的，這點蠻好的不會搞的油煙味滿臉，鯛魚、豬肉、板腱、菜盤都蠻新鮮的，要特別說一下芋頭煮起來真的好軟很綿很好吃
。  
另外還用點數更換了一份鯛魚、蛤蜊、蝦、高麗菜真的長得很飽很飽。這家店還有一個很棒的地方就是飲料種類多很多，算起來有一二十種，汽水可樂烏梅汁可爾必思綠茶果菜汁通通都有，還有可可冰沙咖啡冰沙、咖啡機、霜淇淋機，最後再來點明治冰淇淋就是很開心的一次用餐。

",2022-11-21,https://www.google.com.tw/maps/place/%E7%AF%89%E9%96%93%E5%B9%B8%E7%A6%8F%E9%8D%8B%E7%89%A9+%E5%8F%B0%E5%8C%97%E5%8D%97%E4%BA%AC%E4%B8%80%E5%BA%97/data=!4m7!3m6!1s0x3442a9666e9f721d:0x8aefbd57ef6d5d45!8m2!3d25.0518598!4d121.5273867!16s%2Fg%2F11b7cqtsy0!19sChIJHXKfbmapQjQRRV1t71e974o?authuser=0&hl=zh-TW&rclk=1,0x3442a9666e9f721d:0x8aefbd57ef6d5d45
1004,J Kuo,5,1 年前,"好吃

",2022-11-21,https://www.google.com.tw/maps/place/%E7%AF%89%E9%96%93%E5%B9%B8%E7%A6%8F%E9%8D%8B%E7%89%A9+%E5%8F%B0%E5%8C%97%E5%8D%97%E4%BA%AC%E4%B8%80%E5%BA%97/data=!4m7!3m6!1s0x3442a9666e9f721d:0x8aefbd57ef6d5d45!8m2!3d25.0518598!4d121.5273867!16s%2Fg%2F11b7cqtsy0!19sChIJHXKfbmapQjQRRV1t71e974o?authuser=0&hl=zh-TW&rclk=1,0x3442a9666e9f721d:0x8aefbd57ef6d5d45
1005,林仔魚,5,1 年前,,2022-11-21,https://www.google.com.tw/maps/place/%E7%AF%89%E9%96%93%E5%B9%B8%E7%A6%8F%E9%8D%8B%E7%89%A9+%E5%8F%B0%E5%8C%97%E5%8D%97%E4%BA%AC%E4%B8%80%E5%BA%97/data=!4m7!3m6!1s0x3442a9666e9f721d:0x8aefbd57ef6d5d45!8m2!3d25.0518598!4d121.5273867!16s%2Fg%2F11b7cqtsy0!19sChIJHXKfbmapQjQRRV1t71e974o?authuser=0&hl=zh-TW&rclk=1,0x3442a9666e9f721d:0x8aefbd57ef6d5d45
1006,Ike Hsieh,3,1 年前,"東西好吃  
但是  
空間好小好擠  
桌子放不下餐點  
用餐體驗不好

",2022-11-21,https://www.google.com.tw/maps/place/%E7%AF%89%E9%96%93%E5%B9%B8%E7%A6%8F%E9%8D%8B%E7%89%A9+%E5%8F%B0%E5%8C%97%E5%8D%97%E4%BA%AC%E4%B8%80%E5%BA%97/data=!4m7!3m6!1s0x3442a9666e9f721d:0x8aefbd57ef6d5d45!8m2!3d25.0518598!4d121.5273867!16s%2Fg%2F11b7cqtsy0!19sChIJHXKfbmapQjQRRV1t71e974o?authuser=0&hl=zh-TW&rclk=1,0x3442a9666e9f721d:0x8aefbd57ef6d5d45
1007,Apple Apple,2,1 年前,,2022-11-21,https://www.google.com.tw/maps/place/%E7%AF%89%E9%96%93%E5%B9%B8%E7%A6%8F%E9%8D%8B%E7%89%A9+%E5%8F%B0%E5%8C%97%E5%8D%97%E4%BA%AC%E4%B8%80%E5%BA%97/data=!4m7!3m6!1s0x3442a9666e9f721d:0x8aefbd57ef6d5d45!8m2!3d25.0518598!4d121.5273867!16s%2Fg%2F11b7cqtsy0!19sChIJHXKfbmapQjQRRV1t71e974o?authuser=0&hl=zh-TW&rclk=1,0x3442a9666e9f721d:0x8aefbd57ef6d5d45
1008,PingZheng Wang,1,1 年前,"10/25下午1點半的服務人員，知道我要全素，還細心的問我要不要素藥膳和素沙茶，可以配我點的冬粉。  
  
素藥膳好吃！  
配菜兩盤很豐富，  
但菇類可以再豐富一點、芋頭少一點。  
  
但另一位女服務人員（聲音很嗲）看到我的湯沒了，也不詢問，就讓我見鍋底的湯煮高麗菜。  
  
原本想給五顆星，最後這個女服務生讓我只能給一顆⋯

",2022-11-21,https://www.google.com.tw/maps/place/%E7%AF%89%E9%96%93%E5%B9%B8%E7%A6%8F%E9%8D%8B%E7%89%A9+%E5%8F%B0%E5%8C%97%E5%8D%97%E4%BA%AC%E4%B8%80%E5%BA%97/data=!4m7!3m6!1s0x3442a9666e9f721d:0x8aefbd57ef6d5d45!8m2!3d25.0518598!4d121.5273867!16s%2Fg%2F11b7cqtsy0!19sChIJHXKfbmapQjQRRV1t71e974o?authuser=0&hl=zh-TW&rclk=1,0x3442a9666e9f721d:0x8aefbd57ef6d5d45
1009,璟MoniCK,4,1 年前,"鮮菇奶香湯底， 順口滑嫩清爽。  
飲料比一般火鍋店多樣選擇， 例如咖啡就有5種選擇， 而且還有熱奶茶 ， 冰品有咖啡奶茶綜合式 而且有多層次質感， 所用的杯子具有保溫保冷效果。
另外蔥蒜蘿等調味料也非常特殊口感， 令人胃口大開， CP值很高， 生意非常好，當天8點離開，電話還聽到定位要等到12點。

",2022-11-21,https://www.google.com.tw/maps/place/%E7%AF%89%E9%96%93%E5%B9%B8%E7%A6%8F%E9%8D%8B%E7%89%A9+%E5%8F%B0%E5%8C%97%E5%8D%97%E4%BA%AC%E4%B8%80%E5%BA%97/data=!4m7!3m6!1s0x3442a9666e9f721d:0x8aefbd57ef6d5d45!8m2!3d25.0518598!4d121.5273867!16s%2Fg%2F11b7cqtsy0!19sChIJHXKfbmapQjQRRV1t71e974o?authuser=0&hl=zh-TW&rclk=1,0x3442a9666e9f721d:0x8aefbd57ef6d5d45
1010,HSIAO秝洋,5,1 年前,,2022-11-21,https://www.google.com.tw/maps/place/%E7%AF%89%E9%96%93%E5%B9%B8%E7%A6%8F%E9%8D%8B%E7%89%A9+%E5%8F%B0%E5%8C%97%E5%8D%97%E4%BA%AC%E4%B8%80%E5%BA%97/data=!4m7!3m6!1s0x3442a9666e9f721d:0x8aefbd57ef6d5d45!8m2!3d25.0518598!4d121.5273867!16s%2Fg%2F11b7cqtsy0!19sChIJHXKfbmapQjQRRV1t71e974o?authuser=0&hl=zh-TW&rclk=1,0x3442a9666e9f721d:0x8aefbd57ef6d5d45
1011,小bao,5,1 年前,"桌子太小了，單點的東西放在中間，一下子就掉下去了，東西都很好吃，還有希望上餐的速度可以快一點。

",2022-11-21,https://www.google.com.tw/maps/place/%E7%AF%89%E9%96%93%E5%B9%B8%E7%A6%8F%E9%8D%8B%E7%89%A9+%E5%8F%B0%E5%8C%97%E5%8D%97%E4%BA%AC%E4%B8%80%E5%BA%97/data=!4m7!3m6!1s0x3442a9666e9f721d:0x8aefbd57ef6d5d45!8m2!3d25.0518598!4d121.5273867!16s%2Fg%2F11b7cqtsy0!19sChIJHXKfbmapQjQRRV1t71e974o?authuser=0&hl=zh-TW&rclk=1,0x3442a9666e9f721d:0x8aefbd57ef6d5d45
1012,Wen Kevin,5,1 年前,"食材及服務都不錯

",2022-11-21,https://www.google.com.tw/maps/place/%E7%AF%89%E9%96%93%E5%B9%B8%E7%A6%8F%E9%8D%8B%E7%89%A9+%E5%8F%B0%E5%8C%97%E5%8D%97%E4%BA%AC%E4%B8%80%E5%BA%97/data=!4m7!3m6!1s0x3442a9666e9f721d:0x8aefbd57ef6d5d45!8m2!3d25.0518598!4d121.5273867!16s%2Fg%2F11b7cqtsy0!19sChIJHXKfbmapQjQRRV1t71e974o?authuser=0&hl=zh-TW&rclk=1,0x3442a9666e9f721d:0x8aefbd57ef6d5d45
1013,黃竹筍,4,1 年前,"正常的逐漸

",2022-11-21,https://www.google.com.tw/maps/place/%E7%AF%89%E9%96%93%E5%B9%B8%E7%A6%8F%E9%8D%8B%E7%89%A9+%E5%8F%B0%E5%8C%97%E5%8D%97%E4%BA%AC%E4%B8%80%E5%BA%97/data=!4m7!3m6!1s0x3442a9666e9f721d:0x8aefbd57ef6d5d45!8m2!3d25.0518598!4d121.5273867!16s%2Fg%2F11b7cqtsy0!19sChIJHXKfbmapQjQRRV1t71e974o?authuser=0&hl=zh-TW&rclk=1,0x3442a9666e9f721d:0x8aefbd57ef6d5d45
1014,TH L,4,1 年前,"可以 深夜吃火鍋的好地方

",2022-11-21,https://www.google.com.tw/maps/place/%E7%AF%89%E9%96%93%E5%B9%B8%E7%A6%8F%E9%8D%8B%E7%89%A9+%E5%8F%B0%E5%8C%97%E5%8D%97%E4%BA%AC%E4%B8%80%E5%BA%97/data=!4m7!3m6!1s0x3442a9666e9f721d:0x8aefbd57ef6d5d45!8m2!3d25.0518598!4d121.5273867!16s%2Fg%2F11b7cqtsy0!19sChIJHXKfbmapQjQRRV1t71e974o?authuser=0&hl=zh-TW&rclk=1,0x3442a9666e9f721d:0x8aefbd57ef6d5d45
1015,米琪蔡,5,1 年前,,2022-11-21,https://www.google.com.tw/maps/place/%E7%AF%89%E9%96%93%E5%B9%B8%E7%A6%8F%E9%8D%8B%E7%89%A9+%E5%8F%B0%E5%8C%97%E5%8D%97%E4%BA%AC%E4%B8%80%E5%BA%97/data=!4m7!3m6!1s0x3442a9666e9f721d:0x8aefbd57ef6d5d45!8m2!3d25.0518598!4d121.5273867!16s%2Fg%2F11b7cqtsy0!19sChIJHXKfbmapQjQRRV1t71e974o?authuser=0&hl=zh-TW&rclk=1,0x3442a9666e9f721d:0x8aefbd57ef6d5d45
1016,李惠茹,2,1 年前,"老人家不懂手機掃實名制意思口氣也不用這麼差，就算不是對我，但我聽到還是覺得不舒服。

",2022-11-21,https://www.google.com.tw/maps/place/%E7%AF%89%E9%96%93%E5%B9%B8%E7%A6%8F%E9%8D%8B%E7%89%A9+%E5%8F%B0%E5%8C%97%E5%8D%97%E4%BA%AC%E4%B8%80%E5%BA%97/data=!4m7!3m6!1s0x3442a9666e9f721d:0x8aefbd57ef6d5d45!8m2!3d25.0518598!4d121.5273867!16s%2Fg%2F11b7cqtsy0!19sChIJHXKfbmapQjQRRV1t71e974o?authuser=0&hl=zh-TW&rclk=1,0x3442a9666e9f721d:0x8aefbd57ef6d5d45
1017,JL Lee,4,1 年前,"第一次吃築間， 服務人員在點餐時說明的蠻詳細的， 湯頭也很不錯， 份量剛剛好， 假日下午4點居然還要候位，生意真的很不錯

",2022-11-21,https://www.google.com.tw/maps/place/%E7%AF%89%E9%96%93%E5%B9%B8%E7%A6%8F%E9%8D%8B%E7%89%A9+%E5%8F%B0%E5%8C%97%E5%8D%97%E4%BA%AC%E4%B8%80%E5%BA%97/data=!4m7!3m6!1s0x3442a9666e9f721d:0x8aefbd57ef6d5d45!8m2!3d25.0518598!4d121.5273867!16s%2Fg%2F11b7cqtsy0!19sChIJHXKfbmapQjQRRV1t71e974o?authuser=0&hl=zh-TW&rclk=1,0x3442a9666e9f721d:0x8aefbd57ef6d5d45
1018,Leo Chang,4,1 年前,"吃飯空間小、很有壓迫感...  
備菜與儲物區雜亂...觀感不佳...  
廁所垃圾桶爆滿也不清理 嗯...  
僅推薦吃飯快速且不拘小節的人來吃

",2022-11-21,https://www.google.com.tw/maps/place/%E7%AF%89%E9%96%93%E5%B9%B8%E7%A6%8F%E9%8D%8B%E7%89%A9+%E5%8F%B0%E5%8C%97%E5%8D%97%E4%BA%AC%E4%B8%80%E5%BA%97/data=!4m7!3m6!1s0x3442a9666e9f721d:0x8aefbd57ef6d5d45!8m2!3d25.0518598!4d121.5273867!16s%2Fg%2F11b7cqtsy0!19sChIJHXKfbmapQjQRRV1t71e974o?authuser=0&hl=zh-TW&rclk=1,0x3442a9666e9f721d:0x8aefbd57ef6d5d45
1019,被偷走的那一年,5,1 年前,"服務人員態度十分親切  
有在關心客人需要什麼  
台北吃過很多家築間  
我覺得這家服務最好

",2022-11-21,https://www.google.com.tw/maps/place/%E7%AF%89%E9%96%93%E5%B9%B8%E7%A6%8F%E9%8D%8B%E7%89%A9+%E5%8F%B0%E5%8C%97%E5%8D%97%E4%BA%AC%E4%B8%80%E5%BA%97/data=!4m7!3m6!1s0x3442a9666e9f721d:0x8aefbd57ef6d5d45!8m2!3d25.0518598!4d121.5273867!16s%2Fg%2F11b7cqtsy0!19sChIJHXKfbmapQjQRRV1t71e974o?authuser=0&hl=zh-TW&rclk=1,0x3442a9666e9f721d:0x8aefbd57ef6d5d45
1020,henry,1,1 年前,"非常好吃，但是服務態度極差，差到不行，差到令人生氣，請店員(阿姨)幫忙打包，服務人員竟然翻白眼，東西用丟的，如果你不想打包，還是你退我服務費，我自己打包?  
我第一次遇到那麼誇張的情況，好像要吵架一樣，真的是超級誇張！

",2022-11-21,https://www.google.com.tw/maps/place/%E7%AF%89%E9%96%93%E5%B9%B8%E7%A6%8F%E9%8D%8B%E7%89%A9+%E5%8F%B0%E5%8C%97%E5%8D%97%E4%BA%AC%E4%B8%80%E5%BA%97/data=!4m7!3m6!1s0x3442a9666e9f721d:0x8aefbd57ef6d5d45!8m2!3d25.0518598!4d121.5273867!16s%2Fg%2F11b7cqtsy0!19sChIJHXKfbmapQjQRRV1t71e974o?authuser=0&hl=zh-TW&rclk=1,0x3442a9666e9f721d:0x8aefbd57ef6d5d45
1021,Weichi Lin,3,1 年前,"一般

",2022-11-21,https://www.google.com.tw/maps/place/%E7%AF%89%E9%96%93%E5%B9%B8%E7%A6%8F%E9%8D%8B%E7%89%A9+%E5%8F%B0%E5%8C%97%E5%8D%97%E4%BA%AC%E4%B8%80%E5%BA%97/data=!4m7!3m6!1s0x3442a9666e9f721d:0x8aefbd57ef6d5d45!8m2!3d25.0518598!4d121.5273867!16s%2Fg%2F11b7cqtsy0!19sChIJHXKfbmapQjQRRV1t71e974o?authuser=0&hl=zh-TW&rclk=1,0x3442a9666e9f721d:0x8aefbd57ef6d5d45
1022,MG,1,1 年前,"服務態度不好，菜盤有頭髮，收隔壁桌搶客人還隔板打我們身上，結帳只顧接電話，可以把事情做好嗎？

",2022-11-21,https://www.google.com.tw/maps/place/%E7%AF%89%E9%96%93%E5%B9%B8%E7%A6%8F%E9%8D%8B%E7%89%A9+%E5%8F%B0%E5%8C%97%E5%8D%97%E4%BA%AC%E4%B8%80%E5%BA%97/data=!4m7!3m6!1s0x3442a9666e9f721d:0x8aefbd57ef6d5d45!8m2!3d25.0518598!4d121.5273867!16s%2Fg%2F11b7cqtsy0!19sChIJHXKfbmapQjQRRV1t71e974o?authuser=0&hl=zh-TW&rclk=1,0x3442a9666e9f721d:0x8aefbd57ef6d5d45
1023,洪秉樣,5,1 年前,"跟當初在基隆2樓差很多，裝潢變好，品項變多，自助區變豐富，當然價格也相對高了許多。

",2022-11-21,https://www.google.com.tw/maps/place/%E7%AF%89%E9%96%93%E5%B9%B8%E7%A6%8F%E9%8D%8B%E7%89%A9+%E5%8F%B0%E5%8C%97%E5%8D%97%E4%BA%AC%E4%B8%80%E5%BA%97/data=!4m7!3m6!1s0x3442a9666e9f721d:0x8aefbd57ef6d5d45!8m2!3d25.0518598!4d121.5273867!16s%2Fg%2F11b7cqtsy0!19sChIJHXKfbmapQjQRRV1t71e974o?authuser=0&hl=zh-TW&rclk=1,0x3442a9666e9f721d:0x8aefbd57ef6d5d45
1024,유용,5,1 年前,,2022-11-21,https://www.google.com.tw/maps/place/%E7%AF%89%E9%96%93%E5%B9%B8%E7%A6%8F%E9%8D%8B%E7%89%A9+%E5%8F%B0%E5%8C%97%E5%8D%97%E4%BA%AC%E4%B8%80%E5%BA%97/data=!4m7!3m6!1s0x3442a9666e9f721d:0x8aefbd57ef6d5d45!8m2!3d25.0518598!4d121.5273867!16s%2Fg%2F11b7cqtsy0!19sChIJHXKfbmapQjQRRV1t71e974o?authuser=0&hl=zh-TW&rclk=1,0x3442a9666e9f721d:0x8aefbd57ef6d5d45
1025,王麗鶯,5,1 年前,,2022-11-21,https://www.google.com.tw/maps/place/%E7%AF%89%E9%96%93%E5%B9%B8%E7%A6%8F%E9%8D%8B%E7%89%A9+%E5%8F%B0%E5%8C%97%E5%8D%97%E4%BA%AC%E4%B8%80%E5%BA%97/data=!4m7!3m6!1s0x3442a9666e9f721d:0x8aefbd57ef6d5d45!8m2!3d25.0518598!4d121.5273867!16s%2Fg%2F11b7cqtsy0!19sChIJHXKfbmapQjQRRV1t71e974o?authuser=0&hl=zh-TW&rclk=1,0x3442a9666e9f721d:0x8aefbd57ef6d5d45
1026,Bryan Shih,3,1 年前,,2022-11-21,https://www.google.com.tw/maps/place/%E7%AF%89%E9%96%93%E5%B9%B8%E7%A6%8F%E9%8D%8B%E7%89%A9+%E5%8F%B0%E5%8C%97%E5%8D%97%E4%BA%AC%E4%B8%80%E5%BA%97/data=!4m7!3m6!1s0x3442a9666e9f721d:0x8aefbd57ef6d5d45!8m2!3d25.0518598!4d121.5273867!16s%2Fg%2F11b7cqtsy0!19sChIJHXKfbmapQjQRRV1t71e974o?authuser=0&hl=zh-TW&rclk=1,0x3442a9666e9f721d:0x8aefbd57ef6d5d45
1027,Tina Wang,5,1 年前,"肉品品質好，服務態度佳，麻辣湯底香味很濃郁但味道稍覺不足，牛奶湯底意外好喝，將兩種湯底混合也很好喝喔！

",2022-11-21,https://www.google.com.tw/maps/place/%E7%AF%89%E9%96%93%E5%B9%B8%E7%A6%8F%E9%8D%8B%E7%89%A9+%E5%8F%B0%E5%8C%97%E5%8D%97%E4%BA%AC%E4%B8%80%E5%BA%97/data=!4m7!3m6!1s0x3442a9666e9f721d:0x8aefbd57ef6d5d45!8m2!3d25.0518598!4d121.5273867!16s%2Fg%2F11b7cqtsy0!19sChIJHXKfbmapQjQRRV1t71e974o?authuser=0&hl=zh-TW&rclk=1,0x3442a9666e9f721d:0x8aefbd57ef6d5d45
1028,鄭啟川,4,1 年前,"吃火鍋的好地方…

",2022-11-21,https://www.google.com.tw/maps/place/%E7%AF%89%E9%96%93%E5%B9%B8%E7%A6%8F%E9%8D%8B%E7%89%A9+%E5%8F%B0%E5%8C%97%E5%8D%97%E4%BA%AC%E4%B8%80%E5%BA%97/data=!4m7!3m6!1s0x3442a9666e9f721d:0x8aefbd57ef6d5d45!8m2!3d25.0518598!4d121.5273867!16s%2Fg%2F11b7cqtsy0!19sChIJHXKfbmapQjQRRV1t71e974o?authuser=0&hl=zh-TW&rclk=1,0x3442a9666e9f721d:0x8aefbd57ef6d5d45
1029,Yun Chu,1,1 年前,"服務態度很差  
電話預約也沒有告知會跟陌生人併桌（正對面）明明還有空座位  
好多次叫服務生 明明都有聽到 都直接走掉

",2022-11-21,https://www.google.com.tw/maps/place/%E7%AF%89%E9%96%93%E5%B9%B8%E7%A6%8F%E9%8D%8B%E7%89%A9+%E5%8F%B0%E5%8C%97%E5%8D%97%E4%BA%AC%E4%B8%80%E5%BA%97/data=!4m7!3m6!1s0x3442a9666e9f721d:0x8aefbd57ef6d5d45!8m2!3d25.0518598!4d121.5273867!16s%2Fg%2F11b7cqtsy0!19sChIJHXKfbmapQjQRRV1t71e974o?authuser=0&hl=zh-TW&rclk=1,0x3442a9666e9f721d:0x8aefbd57ef6d5d45
1030,Kelly Chen,1,1 年前,"飲料杯全部都很髒，向店員反應就回答是機器洗的，每一個裡面都屑屑是要怎麼喝  
-  
官網公布可以使用臺灣pay，結果臺灣pay機台壞掉也沒辦法刷，那要好食券幹嘛，最後還是自掏腰包來付，本日用餐體驗極差，再也不會吃了

",2022-11-21,https://www.google.com.tw/maps/place/%E7%AF%89%E9%96%93%E5%B9%B8%E7%A6%8F%E9%8D%8B%E7%89%A9+%E5%8F%B0%E5%8C%97%E5%8D%97%E4%BA%AC%E4%B8%80%E5%BA%97/data=!4m7!3m6!1s0x3442a9666e9f721d:0x8aefbd57ef6d5d45!8m2!3d25.0518598!4d121.5273867!16s%2Fg%2F11b7cqtsy0!19sChIJHXKfbmapQjQRRV1t71e974o?authuser=0&hl=zh-TW&rclk=1,0x3442a9666e9f721d:0x8aefbd57ef6d5d45
1031,劉晉安,1,1 年前,"超不專業

",2022-11-21,https://www.google.com.tw/maps/place/%E7%AF%89%E9%96%93%E5%B9%B8%E7%A6%8F%E9%8D%8B%E7%89%A9+%E5%8F%B0%E5%8C%97%E5%8D%97%E4%BA%AC%E4%B8%80%E5%BA%97/data=!4m7!3m6!1s0x3442a9666e9f721d:0x8aefbd57ef6d5d45!8m2!3d25.0518598!4d121.5273867!16s%2Fg%2F11b7cqtsy0!19sChIJHXKfbmapQjQRRV1t71e974o?authuser=0&hl=zh-TW&rclk=1,0x3442a9666e9f721d:0x8aefbd57ef6d5d45
1032,陳世禎,4,1 年前,"便宜好吃，推推

",2022-11-21,https://www.google.com.tw/maps/place/%E7%AF%89%E9%96%93%E5%B9%B8%E7%A6%8F%E9%8D%8B%E7%89%A9+%E5%8F%B0%E5%8C%97%E5%8D%97%E4%BA%AC%E4%B8%80%E5%BA%97/data=!4m7!3m6!1s0x3442a9666e9f721d:0x8aefbd57ef6d5d45!8m2!3d25.0518598!4d121.5273867!16s%2Fg%2F11b7cqtsy0!19sChIJHXKfbmapQjQRRV1t71e974o?authuser=0&hl=zh-TW&rclk=1,0x3442a9666e9f721d:0x8aefbd57ef6d5d45
1033,林楷翔,5,1 年前,,2022-11-21,https://www.google.com.tw/maps/place/%E7%AF%89%E9%96%93%E5%B9%B8%E7%A6%8F%E9%8D%8B%E7%89%A9+%E5%8F%B0%E5%8C%97%E5%8D%97%E4%BA%AC%E4%B8%80%E5%BA%97/data=!4m7!3m6!1s0x3442a9666e9f721d:0x8aefbd57ef6d5d45!8m2!3d25.0518598!4d121.5273867!16s%2Fg%2F11b7cqtsy0!19sChIJHXKfbmapQjQRRV1t71e974o?authuser=0&hl=zh-TW&rclk=1,0x3442a9666e9f721d:0x8aefbd57ef6d5d45
1034,林孝鴻,3,1 年前,"真不懂為何早在一星期前，訂昨晚下午五點鐘來用餐，還要跟人共桌，要共桌怎不先詢問，至少可以選擇不要消費，隔壁也是兩個人呀，明明桌就很多，聊個事都無法，只能一直聽對方位聊天，真的很無言，打三顆星是給食材的

",2022-11-21,https://www.google.com.tw/maps/place/%E7%AF%89%E9%96%93%E5%B9%B8%E7%A6%8F%E9%8D%8B%E7%89%A9+%E5%8F%B0%E5%8C%97%E5%8D%97%E4%BA%AC%E4%B8%80%E5%BA%97/data=!4m7!3m6!1s0x3442a9666e9f721d:0x8aefbd57ef6d5d45!8m2!3d25.0518598!4d121.5273867!16s%2Fg%2F11b7cqtsy0!19sChIJHXKfbmapQjQRRV1t71e974o?authuser=0&hl=zh-TW&rclk=1,0x3442a9666e9f721d:0x8aefbd57ef6d5d45
1035,藍螞蟻,1,1 年前,"喝湯到一半發現有蟲然後跟服務員說，結果換了一鍋新的給我們後一樣有蟲？！請問換的意義是？（圖為第二鍋剛送來時）

",2022-11-21,https://www.google.com.tw/maps/place/%E7%AF%89%E9%96%93%E5%B9%B8%E7%A6%8F%E9%8D%8B%E7%89%A9+%E5%8F%B0%E5%8C%97%E5%8D%97%E4%BA%AC%E4%B8%80%E5%BA%97/data=!4m7!3m6!1s0x3442a9666e9f721d:0x8aefbd57ef6d5d45!8m2!3d25.0518598!4d121.5273867!16s%2Fg%2F11b7cqtsy0!19sChIJHXKfbmapQjQRRV1t71e974o?authuser=0&hl=zh-TW&rclk=1,0x3442a9666e9f721d:0x8aefbd57ef6d5d45
1036,張阿米,4,1 年前,,2022-11-21,https://www.google.com.tw/maps/place/%E7%AF%89%E9%96%93%E5%B9%B8%E7%A6%8F%E9%8D%8B%E7%89%A9+%E5%8F%B0%E5%8C%97%E5%8D%97%E4%BA%AC%E4%B8%80%E5%BA%97/data=!4m7!3m6!1s0x3442a9666e9f721d:0x8aefbd57ef6d5d45!8m2!3d25.0518598!4d121.5273867!16s%2Fg%2F11b7cqtsy0!19sChIJHXKfbmapQjQRRV1t71e974o?authuser=0&hl=zh-TW&rclk=1,0x3442a9666e9f721d:0x8aefbd57ef6d5d45
1037,D調ㄟ富,5,1 年前,,2022-11-21,https://www.google.com.tw/maps/place/%E7%AF%89%E9%96%93%E5%B9%B8%E7%A6%8F%E9%8D%8B%E7%89%A9+%E5%8F%B0%E5%8C%97%E5%8D%97%E4%BA%AC%E4%B8%80%E5%BA%97/data=!4m7!3m6!1s0x3442a9666e9f721d:0x8aefbd57ef6d5d45!8m2!3d25.0518598!4d121.5273867!16s%2Fg%2F11b7cqtsy0!19sChIJHXKfbmapQjQRRV1t71e974o?authuser=0&hl=zh-TW&rclk=1,0x3442a9666e9f721d:0x8aefbd57ef6d5d45
1038,黃泳翎,5,1 年前,,2022-11-21,https://www.google.com.tw/maps/place/%E7%AF%89%E9%96%93%E5%B9%B8%E7%A6%8F%E9%8D%8B%E7%89%A9+%E5%8F%B0%E5%8C%97%E5%8D%97%E4%BA%AC%E4%B8%80%E5%BA%97/data=!4m7!3m6!1s0x3442a9666e9f721d:0x8aefbd57ef6d5d45!8m2!3d25.0518598!4d121.5273867!16s%2Fg%2F11b7cqtsy0!19sChIJHXKfbmapQjQRRV1t71e974o?authuser=0&hl=zh-TW&rclk=1,0x3442a9666e9f721d:0x8aefbd57ef6d5d45
1039,yen ian,5,1 年前,"應該是目前台北最棒的築間  
第二名是農安

",2022-11-21,https://www.google.com.tw/maps/place/%E7%AF%89%E9%96%93%E5%B9%B8%E7%A6%8F%E9%8D%8B%E7%89%A9+%E5%8F%B0%E5%8C%97%E5%8D%97%E4%BA%AC%E4%B8%80%E5%BA%97/data=!4m7!3m6!1s0x3442a9666e9f721d:0x8aefbd57ef6d5d45!8m2!3d25.0518598!4d121.5273867!16s%2Fg%2F11b7cqtsy0!19sChIJHXKfbmapQjQRRV1t71e974o?authuser=0&hl=zh-TW&rclk=1,0x3442a9666e9f721d:0x8aefbd57ef6d5d45
1040,Effie Lai,5,1 年前,,2022-11-21,https://www.google.com.tw/maps/place/%E7%AF%89%E9%96%93%E5%B9%B8%E7%A6%8F%E9%8D%8B%E7%89%A9+%E5%8F%B0%E5%8C%97%E5%8D%97%E4%BA%AC%E4%B8%80%E5%BA%97/data=!4m7!3m6!1s0x3442a9666e9f721d:0x8aefbd57ef6d5d45!8m2!3d25.0518598!4d121.5273867!16s%2Fg%2F11b7cqtsy0!19sChIJHXKfbmapQjQRRV1t71e974o?authuser=0&hl=zh-TW&rclk=1,0x3442a9666e9f721d:0x8aefbd57ef6d5d45
1041,四郎,5,1 年前,,2022-11-21,https://www.google.com.tw/maps/place/%E7%AF%89%E9%96%93%E5%B9%B8%E7%A6%8F%E9%8D%8B%E7%89%A9+%E5%8F%B0%E5%8C%97%E5%8D%97%E4%BA%AC%E4%B8%80%E5%BA%97/data=!4m7!3m6!1s0x3442a9666e9f721d:0x8aefbd57ef6d5d45!8m2!3d25.0518598!4d121.5273867!16s%2Fg%2F11b7cqtsy0!19sChIJHXKfbmapQjQRRV1t71e974o?authuser=0&hl=zh-TW&rclk=1,0x3442a9666e9f721d:0x8aefbd57ef6d5d45
1042,Pei Pei,5,1 年前,"全台北最好吃的火鍋店！大推藥膳湯底

",2022-11-21,https://www.google.com.tw/maps/place/%E7%AF%89%E9%96%93%E5%B9%B8%E7%A6%8F%E9%8D%8B%E7%89%A9+%E5%8F%B0%E5%8C%97%E5%8D%97%E4%BA%AC%E4%B8%80%E5%BA%97/data=!4m7!3m6!1s0x3442a9666e9f721d:0x8aefbd57ef6d5d45!8m2!3d25.0518598!4d121.5273867!16s%2Fg%2F11b7cqtsy0!19sChIJHXKfbmapQjQRRV1t71e974o?authuser=0&hl=zh-TW&rclk=1,0x3442a9666e9f721d:0x8aefbd57ef6d5d45
1043,得意門生,5,1 年前,"泡菜鍋好吃，牛肉跟泡菜超搭

",2022-11-21,https://www.google.com.tw/maps/place/%E7%AF%89%E9%96%93%E5%B9%B8%E7%A6%8F%E9%8D%8B%E7%89%A9+%E5%8F%B0%E5%8C%97%E5%8D%97%E4%BA%AC%E4%B8%80%E5%BA%97/data=!4m7!3m6!1s0x3442a9666e9f721d:0x8aefbd57ef6d5d45!8m2!3d25.0518598!4d121.5273867!16s%2Fg%2F11b7cqtsy0!19sChIJHXKfbmapQjQRRV1t71e974o?authuser=0&hl=zh-TW&rclk=1,0x3442a9666e9f721d:0x8aefbd57ef6d5d45
1044,chtomea rex,4,1 年前,,2022-11-21,https://www.google.com.tw/maps/place/%E7%AF%89%E9%96%93%E5%B9%B8%E7%A6%8F%E9%8D%8B%E7%89%A9+%E5%8F%B0%E5%8C%97%E5%8D%97%E4%BA%AC%E4%B8%80%E5%BA%97/data=!4m7!3m6!1s0x3442a9666e9f721d:0x8aefbd57ef6d5d45!8m2!3d25.0518598!4d121.5273867!16s%2Fg%2F11b7cqtsy0!19sChIJHXKfbmapQjQRRV1t71e974o?authuser=0&hl=zh-TW&rclk=1,0x3442a9666e9f721d:0x8aefbd57ef6d5d45
1045,Nick,5,1 年前,"晚間6點-7點的一位女服務人員態度很好，讓我們有好的用餐體驗，晚上辛苦了！！

",2022-11-21,https://www.google.com.tw/maps/place/%E7%AF%89%E9%96%93%E5%B9%B8%E7%A6%8F%E9%8D%8B%E7%89%A9+%E5%8F%B0%E5%8C%97%E5%8D%97%E4%BA%AC%E4%B8%80%E5%BA%97/data=!4m7!3m6!1s0x3442a9666e9f721d:0x8aefbd57ef6d5d45!8m2!3d25.0518598!4d121.5273867!16s%2Fg%2F11b7cqtsy0!19sChIJHXKfbmapQjQRRV1t71e974o?authuser=0&hl=zh-TW&rclk=1,0x3442a9666e9f721d:0x8aefbd57ef6d5d45
1046,S,5,1 年前,"好吃

",2022-11-21,https://www.google.com.tw/maps/place/%E7%AF%89%E9%96%93%E5%B9%B8%E7%A6%8F%E9%8D%8B%E7%89%A9+%E5%8F%B0%E5%8C%97%E5%8D%97%E4%BA%AC%E4%B8%80%E5%BA%97/data=!4m7!3m6!1s0x3442a9666e9f721d:0x8aefbd57ef6d5d45!8m2!3d25.0518598!4d121.5273867!16s%2Fg%2F11b7cqtsy0!19sChIJHXKfbmapQjQRRV1t71e974o?authuser=0&hl=zh-TW&rclk=1,0x3442a9666e9f721d:0x8aefbd57ef6d5d45
1047,Judy Weng,5,1 年前,"真正落實防疫規定的餐廳  
集點制很棒，餐點也好吃，  
重新裝潢以後氣氛更好，  
飲料區也很豐富！！！  
而且營業時間很適合夜貓族，  
是晚餐宵夜的好去處

",2022-11-21,https://www.google.com.tw/maps/place/%E7%AF%89%E9%96%93%E5%B9%B8%E7%A6%8F%E9%8D%8B%E7%89%A9+%E5%8F%B0%E5%8C%97%E5%8D%97%E4%BA%AC%E4%B8%80%E5%BA%97/data=!4m7!3m6!1s0x3442a9666e9f721d:0x8aefbd57ef6d5d45!8m2!3d25.0518598!4d121.5273867!16s%2Fg%2F11b7cqtsy0!19sChIJHXKfbmapQjQRRV1t71e974o?authuser=0&hl=zh-TW&rclk=1,0x3442a9666e9f721d:0x8aefbd57ef6d5d45
1048,張克生,5,1 年前,"服務很好

",2022-11-21,https://www.google.com.tw/maps/place/%E7%AF%89%E9%96%93%E5%B9%B8%E7%A6%8F%E9%8D%8B%E7%89%A9+%E5%8F%B0%E5%8C%97%E5%8D%97%E4%BA%AC%E4%B8%80%E5%BA%97/data=!4m7!3m6!1s0x3442a9666e9f721d:0x8aefbd57ef6d5d45!8m2!3d25.0518598!4d121.5273867!16s%2Fg%2F11b7cqtsy0!19sChIJHXKfbmapQjQRRV1t71e974o?authuser=0&hl=zh-TW&rclk=1,0x3442a9666e9f721d:0x8aefbd57ef6d5d45
1049,趙佐鳴,1,1 年前,"女櫃檯店員態度差到極點 進來吃飯好像欠他錢一樣 建議貴店加強員工教育訓練

",2022-11-21,https://www.google.com.tw/maps/place/%E7%AF%89%E9%96%93%E5%B9%B8%E7%A6%8F%E9%8D%8B%E7%89%A9+%E5%8F%B0%E5%8C%97%E5%8D%97%E4%BA%AC%E4%B8%80%E5%BA%97/data=!4m7!3m6!1s0x3442a9666e9f721d:0x8aefbd57ef6d5d45!8m2!3d25.0518598!4d121.5273867!16s%2Fg%2F11b7cqtsy0!19sChIJHXKfbmapQjQRRV1t71e974o?authuser=0&hl=zh-TW&rclk=1,0x3442a9666e9f721d:0x8aefbd57ef6d5d45
1050,施筱燕Alisa,3,1 年前,,2022-11-21,https://www.google.com.tw/maps/place/%E7%AF%89%E9%96%93%E5%B9%B8%E7%A6%8F%E9%8D%8B%E7%89%A9+%E5%8F%B0%E5%8C%97%E5%8D%97%E4%BA%AC%E4%B8%80%E5%BA%97/data=!4m7!3m6!1s0x3442a9666e9f721d:0x8aefbd57ef6d5d45!8m2!3d25.0518598!4d121.5273867!16s%2Fg%2F11b7cqtsy0!19sChIJHXKfbmapQjQRRV1t71e974o?authuser=0&hl=zh-TW&rclk=1,0x3442a9666e9f721d:0x8aefbd57ef6d5d45
1051,張思思,5,1 年前,"少數疫情期間還能正常聚餐的火鍋店！與朋友兩人去，坐四人桌梅花座。有提供一次性手套取醬料、飲料、冰淇淋時可以用。另外防疫套餐僅限外帶，內用就按照菜單上的點餐。最後，極度推薦+60元換奶香菇菇鍋，湯頭真的真的有夠好喝！每次都先喝很多湯，再吃料。CP值高的店家，大推薦

",2022-11-21,https://www.google.com.tw/maps/place/%E7%AF%89%E9%96%93%E5%B9%B8%E7%A6%8F%E9%8D%8B%E7%89%A9+%E5%8F%B0%E5%8C%97%E5%8D%97%E4%BA%AC%E4%B8%80%E5%BA%97/data=!4m7!3m6!1s0x3442a9666e9f721d:0x8aefbd57ef6d5d45!8m2!3d25.0518598!4d121.5273867!16s%2Fg%2F11b7cqtsy0!19sChIJHXKfbmapQjQRRV1t71e974o?authuser=0&hl=zh-TW&rclk=1,0x3442a9666e9f721d:0x8aefbd57ef6d5d45
1052,鹿老,4,1 年前,,2022-11-21,https://www.google.com.tw/maps/place/%E7%AF%89%E9%96%93%E5%B9%B8%E7%A6%8F%E9%8D%8B%E7%89%A9+%E5%8F%B0%E5%8C%97%E5%8D%97%E4%BA%AC%E4%B8%80%E5%BA%97/data=!4m7!3m6!1s0x3442a9666e9f721d:0x8aefbd57ef6d5d45!8m2!3d25.0518598!4d121.5273867!16s%2Fg%2F11b7cqtsy0!19sChIJHXKfbmapQjQRRV1t71e974o?authuser=0&hl=zh-TW&rclk=1,0x3442a9666e9f721d:0x8aefbd57ef6d5d45
1053,魏莉芸,1,1 年前,"服務態度差到讓人食不下嚥就算了，我可以包回家吃，但是湯給多一點這幾個字很難理解嗎？（有告知服務人員，服務人員還跟我說''好''）  
  
貴公司真的要好好用心加強員工訓練謝謝。

",2022-11-21,https://www.google.com.tw/maps/place/%E7%AF%89%E9%96%93%E5%B9%B8%E7%A6%8F%E9%8D%8B%E7%89%A9+%E5%8F%B0%E5%8C%97%E5%8D%97%E4%BA%AC%E4%B8%80%E5%BA%97/data=!4m7!3m6!1s0x3442a9666e9f721d:0x8aefbd57ef6d5d45!8m2!3d25.0518598!4d121.5273867!16s%2Fg%2F11b7cqtsy0!19sChIJHXKfbmapQjQRRV1t71e974o?authuser=0&hl=zh-TW&rclk=1,0x3442a9666e9f721d:0x8aefbd57ef6d5d45
1054,Hannah Chen (Hannah),4,1 年前,,2022-11-21,https://www.google.com.tw/maps/place/%E7%AF%89%E9%96%93%E5%B9%B8%E7%A6%8F%E9%8D%8B%E7%89%A9+%E5%8F%B0%E5%8C%97%E5%8D%97%E4%BA%AC%E4%B8%80%E5%BA%97/data=!4m7!3m6!1s0x3442a9666e9f721d:0x8aefbd57ef6d5d45!8m2!3d25.0518598!4d121.5273867!16s%2Fg%2F11b7cqtsy0!19sChIJHXKfbmapQjQRRV1t71e974o?authuser=0&hl=zh-TW&rclk=1,0x3442a9666e9f721d:0x8aefbd57ef6d5d45
1055,JIA JIA,5,1 年前,"肉的品質還不錯，而且不會因為不是吃到飽，肉的份量就打折扣，吃完有滿滿的飽足感。  
  
湯底最愛胡椒豬骨跟鮮菇奶香兩種，加湯不會只加高湯，所以吃到最後還是可以享受到湯底的味道。  
  
因為疫情的關係，客人拿沾醬跟飲料冰品須戴上口罩及商家提供的一次性手套。

",2022-11-21,https://www.google.com.tw/maps/place/%E7%AF%89%E9%96%93%E5%B9%B8%E7%A6%8F%E9%8D%8B%E7%89%A9+%E5%8F%B0%E5%8C%97%E5%8D%97%E4%BA%AC%E4%B8%80%E5%BA%97/data=!4m7!3m6!1s0x3442a9666e9f721d:0x8aefbd57ef6d5d45!8m2!3d25.0518598!4d121.5273867!16s%2Fg%2F11b7cqtsy0!19sChIJHXKfbmapQjQRRV1t71e974o?authuser=0&hl=zh-TW&rclk=1,0x3442a9666e9f721d:0x8aefbd57ef6d5d45
1056,TzuTing Huang,5,1 年前,"有確實使用隔板，並提供一次性手套讓客人拿醬料及冰淇淋時可戴，很不錯！

",2022-11-21,https://www.google.com.tw/maps/place/%E7%AF%89%E9%96%93%E5%B9%B8%E7%A6%8F%E9%8D%8B%E7%89%A9+%E5%8F%B0%E5%8C%97%E5%8D%97%E4%BA%AC%E4%B8%80%E5%BA%97/data=!4m7!3m6!1s0x3442a9666e9f721d:0x8aefbd57ef6d5d45!8m2!3d25.0518598!4d121.5273867!16s%2Fg%2F11b7cqtsy0!19sChIJHXKfbmapQjQRRV1t71e974o?authuser=0&hl=zh-TW&rclk=1,0x3442a9666e9f721d:0x8aefbd57ef6d5d45
1057,LilRay,5,1 年前,"築間就是讚

",2022-11-21,https://www.google.com.tw/maps/place/%E7%AF%89%E9%96%93%E5%B9%B8%E7%A6%8F%E9%8D%8B%E7%89%A9+%E5%8F%B0%E5%8C%97%E5%8D%97%E4%BA%AC%E4%B8%80%E5%BA%97/data=!4m7!3m6!1s0x3442a9666e9f721d:0x8aefbd57ef6d5d45!8m2!3d25.0518598!4d121.5273867!16s%2Fg%2F11b7cqtsy0!19sChIJHXKfbmapQjQRRV1t71e974o?authuser=0&hl=zh-TW&rclk=1,0x3442a9666e9f721d:0x8aefbd57ef6d5d45
1058,劉威宇,5,1 年前,"食材很新鮮！ 裝潢也很舒服  
用餐環境很好

",2022-11-21,https://www.google.com.tw/maps/place/%E7%AF%89%E9%96%93%E5%B9%B8%E7%A6%8F%E9%8D%8B%E7%89%A9+%E5%8F%B0%E5%8C%97%E5%8D%97%E4%BA%AC%E4%B8%80%E5%BA%97/data=!4m7!3m6!1s0x3442a9666e9f721d:0x8aefbd57ef6d5d45!8m2!3d25.0518598!4d121.5273867!16s%2Fg%2F11b7cqtsy0!19sChIJHXKfbmapQjQRRV1t71e974o?authuser=0&hl=zh-TW&rclk=1,0x3442a9666e9f721d:0x8aefbd57ef6d5d45
1059,黃裕庭,3,1 年前,"本身是這家築間常客 也是築間品牌愛好者  
甚至在疫情前常常推薦親友  
今天跟家人為降級後第一次到外面內用，就選擇久違的築間火鍋，點了prime牛小排  
不知道是不是因為疫情的關係要省成本  
今天吃到的牛小排每一片都好碎 生肉夾起就是斷碎  
  
我也知道正常一片牛小排就是會對半成兩條  
但今天對半後根本不是條狀啊，整個就是肉被分了好幾片  
超級沒口感可言欸

",2022-11-21,https://www.google.com.tw/maps/place/%E7%AF%89%E9%96%93%E5%B9%B8%E7%A6%8F%E9%8D%8B%E7%89%A9+%E5%8F%B0%E5%8C%97%E5%8D%97%E4%BA%AC%E4%B8%80%E5%BA%97/data=!4m7!3m6!1s0x3442a9666e9f721d:0x8aefbd57ef6d5d45!8m2!3d25.0518598!4d121.5273867!16s%2Fg%2F11b7cqtsy0!19sChIJHXKfbmapQjQRRV1t71e974o?authuser=0&hl=zh-TW&rclk=1,0x3442a9666e9f721d:0x8aefbd57ef6d5d45
1060,wmouse,5,1 年前,"石頭鍋湯頭很讚 柴魚湯底加香菇跟洋蔥  
料多味美 飲料有巧克力冰沙 果汁 甜點有明治冰淇淋~

",2022-11-21,https://www.google.com.tw/maps/place/%E7%AF%89%E9%96%93%E5%B9%B8%E7%A6%8F%E9%8D%8B%E7%89%A9+%E5%8F%B0%E5%8C%97%E5%8D%97%E4%BA%AC%E4%B8%80%E5%BA%97/data=!4m7!3m6!1s0x3442a9666e9f721d:0x8aefbd57ef6d5d45!8m2!3d25.0518598!4d121.5273867!16s%2Fg%2F11b7cqtsy0!19sChIJHXKfbmapQjQRRV1t71e974o?authuser=0&hl=zh-TW&rclk=1,0x3442a9666e9f721d:0x8aefbd57ef6d5d45
1061,CY W,4,1 年前,,2022-11-21,https://www.google.com.tw/maps/place/%E7%AF%89%E9%96%93%E5%B9%B8%E7%A6%8F%E9%8D%8B%E7%89%A9+%E5%8F%B0%E5%8C%97%E5%8D%97%E4%BA%AC%E4%B8%80%E5%BA%97/data=!4m7!3m6!1s0x3442a9666e9f721d:0x8aefbd57ef6d5d45!8m2!3d25.0518598!4d121.5273867!16s%2Fg%2F11b7cqtsy0!19sChIJHXKfbmapQjQRRV1t71e974o?authuser=0&hl=zh-TW&rclk=1,0x3442a9666e9f721d:0x8aefbd57ef6d5d45
1062,Echo Zhang,5,1 年前,,2022-11-21,https://www.google.com.tw/maps/place/%E7%AF%89%E9%96%93%E5%B9%B8%E7%A6%8F%E9%8D%8B%E7%89%A9+%E5%8F%B0%E5%8C%97%E5%8D%97%E4%BA%AC%E4%B8%80%E5%BA%97/data=!4m7!3m6!1s0x3442a9666e9f721d:0x8aefbd57ef6d5d45!8m2!3d25.0518598!4d121.5273867!16s%2Fg%2F11b7cqtsy0!19sChIJHXKfbmapQjQRRV1t71e974o?authuser=0&hl=zh-TW&rclk=1,0x3442a9666e9f721d:0x8aefbd57ef6d5d45
1063,Alice,1,1 年前,"今天晚上想要到貴店詢問現場等候需等候多久時間，一進門看到一位戴面罩的女服務員正在帶位，此時電話聲剛好響了，而女服務員也有看到我，但是她給人的感覺好像是比較急著想接電話，因為我詢問完她只是很冷漠的回應：「要3小時」，然後就開始講電話了，完全沒有想理人的感覺，真的讓人感覺很差，來貴店用餐也蠻多次了，第一次遇到這麼沒禮貌態度冷漠的人！

",2022-11-21,https://www.google.com.tw/maps/place/%E7%AF%89%E9%96%93%E5%B9%B8%E7%A6%8F%E9%8D%8B%E7%89%A9+%E5%8F%B0%E5%8C%97%E5%8D%97%E4%BA%AC%E4%B8%80%E5%BA%97/data=!4m7!3m6!1s0x3442a9666e9f721d:0x8aefbd57ef6d5d45!8m2!3d25.0518598!4d121.5273867!16s%2Fg%2F11b7cqtsy0!19sChIJHXKfbmapQjQRRV1t71e974o?authuser=0&hl=zh-TW&rclk=1,0x3442a9666e9f721d:0x8aefbd57ef6d5d45
1064,Wen,1,1 年前,"致電到店裡詢問隔天是否有位子 但店員說幫我看一下說聲稍後之後
直接消失10分鐘.....電話裡確實有聽到有三位員工的對話聲，也不知道是要繼續等候還是直接掛電話？覺得對於消費者實在不禮貌...滿傻眼的，可以直接說現場有點忙碌請稍後再打而不是讓我們白白一直等10分鐘以上吧，有無位子需要看那麼久嗎....

",2022-11-21,https://www.google.com.tw/maps/place/%E7%AF%89%E9%96%93%E5%B9%B8%E7%A6%8F%E9%8D%8B%E7%89%A9+%E5%8F%B0%E5%8C%97%E5%8D%97%E4%BA%AC%E4%B8%80%E5%BA%97/data=!4m7!3m6!1s0x3442a9666e9f721d:0x8aefbd57ef6d5d45!8m2!3d25.0518598!4d121.5273867!16s%2Fg%2F11b7cqtsy0!19sChIJHXKfbmapQjQRRV1t71e974o?authuser=0&hl=zh-TW&rclk=1,0x3442a9666e9f721d:0x8aefbd57ef6d5d45
1065,Cleo Zhu,5,1 年前,"裝潢後空間變更大了  
而且食物一樣新鮮好吃  
朋友聚會的好地點～

",2022-11-21,https://www.google.com.tw/maps/place/%E7%AF%89%E9%96%93%E5%B9%B8%E7%A6%8F%E9%8D%8B%E7%89%A9+%E5%8F%B0%E5%8C%97%E5%8D%97%E4%BA%AC%E4%B8%80%E5%BA%97/data=!4m7!3m6!1s0x3442a9666e9f721d:0x8aefbd57ef6d5d45!8m2!3d25.0518598!4d121.5273867!16s%2Fg%2F11b7cqtsy0!19sChIJHXKfbmapQjQRRV1t71e974o?authuser=0&hl=zh-TW&rclk=1,0x3442a9666e9f721d:0x8aefbd57ef6d5d45
1066,實實在在,3,1 年前,"服務人員很少可以理解  
沒有事先告知有用餐時間限制  
然後出餐速度都包含在限時的吃飯時間內  
這樣真的不能點太多因為根本吃不完還要被趕的感覺不開心  
其他食材肉品都還算可以～  
奉勸大家要來吃不要點太多  
不然成為美中不足的一餐

",2022-11-21,https://www.google.com.tw/maps/place/%E7%AF%89%E9%96%93%E5%B9%B8%E7%A6%8F%E9%8D%8B%E7%89%A9+%E5%8F%B0%E5%8C%97%E5%8D%97%E4%BA%AC%E4%B8%80%E5%BA%97/data=!4m7!3m6!1s0x3442a9666e9f721d:0x8aefbd57ef6d5d45!8m2!3d25.0518598!4d121.5273867!16s%2Fg%2F11b7cqtsy0!19sChIJHXKfbmapQjQRRV1t71e974o?authuser=0&hl=zh-TW&rclk=1,0x3442a9666e9f721d:0x8aefbd57ef6d5d45
1067,Vickie Wu,2,1 年前,"點了外送熟食鍋，奶香湯頭不錯，但魚片有腥味且過半數蝦子顏色異常，其他看起來正常的也不太新鮮，品管有待加強。

",2022-11-21,https://www.google.com.tw/maps/place/%E7%AF%89%E9%96%93%E5%B9%B8%E7%A6%8F%E9%8D%8B%E7%89%A9+%E5%8F%B0%E5%8C%97%E5%8D%97%E4%BA%AC%E4%B8%80%E5%BA%97/data=!4m7!3m6!1s0x3442a9666e9f721d:0x8aefbd57ef6d5d45!8m2!3d25.0518598!4d121.5273867!16s%2Fg%2F11b7cqtsy0!19sChIJHXKfbmapQjQRRV1t71e974o?authuser=0&hl=zh-TW&rclk=1,0x3442a9666e9f721d:0x8aefbd57ef6d5d45
1068,Joyce Lin,1,1 年前,,2022-11-21,https://www.google.com.tw/maps/place/%E7%AF%89%E9%96%93%E5%B9%B8%E7%A6%8F%E9%8D%8B%E7%89%A9+%E5%8F%B0%E5%8C%97%E5%8D%97%E4%BA%AC%E4%B8%80%E5%BA%97/data=!4m7!3m6!1s0x3442a9666e9f721d:0x8aefbd57ef6d5d45!8m2!3d25.0518598!4d121.5273867!16s%2Fg%2F11b7cqtsy0!19sChIJHXKfbmapQjQRRV1t71e974o?authuser=0&hl=zh-TW&rclk=1,0x3442a9666e9f721d:0x8aefbd57ef6d5d45
1069,黃姿娟,4,1 年前,"CP質滿高的，近期推出的優惠真的棒~

",2022-11-21,https://www.google.com.tw/maps/place/%E7%AF%89%E9%96%93%E5%B9%B8%E7%A6%8F%E9%8D%8B%E7%89%A9+%E5%8F%B0%E5%8C%97%E5%8D%97%E4%BA%AC%E4%B8%80%E5%BA%97/data=!4m7!3m6!1s0x3442a9666e9f721d:0x8aefbd57ef6d5d45!8m2!3d25.0518598!4d121.5273867!16s%2Fg%2F11b7cqtsy0!19sChIJHXKfbmapQjQRRV1t71e974o?authuser=0&hl=zh-TW&rclk=1,0x3442a9666e9f721d:0x8aefbd57ef6d5d45
1070,藍明玉,5,1 年前,,2022-11-21,https://www.google.com.tw/maps/place/%E7%AF%89%E9%96%93%E5%B9%B8%E7%A6%8F%E9%8D%8B%E7%89%A9+%E5%8F%B0%E5%8C%97%E5%8D%97%E4%BA%AC%E4%B8%80%E5%BA%97/data=!4m7!3m6!1s0x3442a9666e9f721d:0x8aefbd57ef6d5d45!8m2!3d25.0518598!4d121.5273867!16s%2Fg%2F11b7cqtsy0!19sChIJHXKfbmapQjQRRV1t71e974o?authuser=0&hl=zh-TW&rclk=1,0x3442a9666e9f721d:0x8aefbd57ef6d5d45
1071,林麗莉,5,1 年前,,2022-11-21,https://www.google.com.tw/maps/place/%E7%AF%89%E9%96%93%E5%B9%B8%E7%A6%8F%E9%8D%8B%E7%89%A9+%E5%8F%B0%E5%8C%97%E5%8D%97%E4%BA%AC%E4%B8%80%E5%BA%97/data=!4m7!3m6!1s0x3442a9666e9f721d:0x8aefbd57ef6d5d45!8m2!3d25.0518598!4d121.5273867!16s%2Fg%2F11b7cqtsy0!19sChIJHXKfbmapQjQRRV1t71e974o?authuser=0&hl=zh-TW&rclk=1,0x3442a9666e9f721d:0x8aefbd57ef6d5d45
1072,Kim Tseng,5,1 年前,"DM上沒寫：換石頭湯底+12，加肉為100g(原套餐肉110g)。石頭湯底很甜，海鮮很新鮮，建議先打電話預訂，現場等需要大概15到20分鐘。份量足夠。

",2022-11-21,https://www.google.com.tw/maps/place/%E7%AF%89%E9%96%93%E5%B9%B8%E7%A6%8F%E9%8D%8B%E7%89%A9+%E5%8F%B0%E5%8C%97%E5%8D%97%E4%BA%AC%E4%B8%80%E5%BA%97/data=!4m7!3m6!1s0x3442a9666e9f721d:0x8aefbd57ef6d5d45!8m2!3d25.0518598!4d121.5273867!16s%2Fg%2F11b7cqtsy0!19sChIJHXKfbmapQjQRRV1t71e974o?authuser=0&hl=zh-TW&rclk=1,0x3442a9666e9f721d:0x8aefbd57ef6d5d45
1073,楊閔鈞,5,1 年前,,2022-11-21,https://www.google.com.tw/maps/place/%E7%AF%89%E9%96%93%E5%B9%B8%E7%A6%8F%E9%8D%8B%E7%89%A9+%E5%8F%B0%E5%8C%97%E5%8D%97%E4%BA%AC%E4%B8%80%E5%BA%97/data=!4m7!3m6!1s0x3442a9666e9f721d:0x8aefbd57ef6d5d45!8m2!3d25.0518598!4d121.5273867!16s%2Fg%2F11b7cqtsy0!19sChIJHXKfbmapQjQRRV1t71e974o?authuser=0&hl=zh-TW&rclk=1,0x3442a9666e9f721d:0x8aefbd57ef6d5d45
1074,歐桑小中,5,1 年前,,2022-11-21,https://www.google.com.tw/maps/place/%E7%AF%89%E9%96%93%E5%B9%B8%E7%A6%8F%E9%8D%8B%E7%89%A9+%E5%8F%B0%E5%8C%97%E5%8D%97%E4%BA%AC%E4%B8%80%E5%BA%97/data=!4m7!3m6!1s0x3442a9666e9f721d:0x8aefbd57ef6d5d45!8m2!3d25.0518598!4d121.5273867!16s%2Fg%2F11b7cqtsy0!19sChIJHXKfbmapQjQRRV1t71e974o?authuser=0&hl=zh-TW&rclk=1,0x3442a9666e9f721d:0x8aefbd57ef6d5d45
1075,Ivy Lin,4,1 年前,"多種湯底選擇，除了昆布基本湯底免費，其餘湯底有對應價格，可無限續湯底，推薦牛骨湯底。築間海鮮蠻新鮮，推薦海鮮套餐系列，加入會員還有免費肉片可兌換，消費也可集點兌換食材。冰品為明治冰淇淋，冰凍的溫度剛好，非常好取用，另外，還有冰沙也很推薦。

",2022-11-21,https://www.google.com.tw/maps/place/%E7%AF%89%E9%96%93%E5%B9%B8%E7%A6%8F%E9%8D%8B%E7%89%A9+%E5%8F%B0%E5%8C%97%E5%8D%97%E4%BA%AC%E4%B8%80%E5%BA%97/data=!4m7!3m6!1s0x3442a9666e9f721d:0x8aefbd57ef6d5d45!8m2!3d25.0518598!4d121.5273867!16s%2Fg%2F11b7cqtsy0!19sChIJHXKfbmapQjQRRV1t71e974o?authuser=0&hl=zh-TW&rclk=1,0x3442a9666e9f721d:0x8aefbd57ef6d5d45
1076,Aloha Queen,2,1 年前,"店員服務需要再加強！

",2022-11-21,https://www.google.com.tw/maps/place/%E7%AF%89%E9%96%93%E5%B9%B8%E7%A6%8F%E9%8D%8B%E7%89%A9+%E5%8F%B0%E5%8C%97%E5%8D%97%E4%BA%AC%E4%B8%80%E5%BA%97/data=!4m7!3m6!1s0x3442a9666e9f721d:0x8aefbd57ef6d5d45!8m2!3d25.0518598!4d121.5273867!16s%2Fg%2F11b7cqtsy0!19sChIJHXKfbmapQjQRRV1t71e974o?authuser=0&hl=zh-TW&rclk=1,0x3442a9666e9f721d:0x8aefbd57ef6d5d45
1077,PWM Huang,5,1 年前,"即使是外帶，水準依舊！

",2022-11-21,https://www.google.com.tw/maps/place/%E7%AF%89%E9%96%93%E5%B9%B8%E7%A6%8F%E9%8D%8B%E7%89%A9+%E5%8F%B0%E5%8C%97%E5%8D%97%E4%BA%AC%E4%B8%80%E5%BA%97/data=!4m7!3m6!1s0x3442a9666e9f721d:0x8aefbd57ef6d5d45!8m2!3d25.0518598!4d121.5273867!16s%2Fg%2F11b7cqtsy0!19sChIJHXKfbmapQjQRRV1t71e974o?authuser=0&hl=zh-TW&rclk=1,0x3442a9666e9f721d:0x8aefbd57ef6d5d45
1078,Cassina C,5,1 年前,"昨晚去外帶小孩最愛的奶香鍋，外帶包裝整潔美觀，服務人員忙著處理大量訂單，態度親切服務讚！  
等候時，看到有些人不耐久候…在發脾氣，店員們真是辛苦了。

",2022-11-21,https://www.google.com.tw/maps/place/%E7%AF%89%E9%96%93%E5%B9%B8%E7%A6%8F%E9%8D%8B%E7%89%A9+%E5%8F%B0%E5%8C%97%E5%8D%97%E4%BA%AC%E4%B8%80%E5%BA%97/data=!4m7!3m6!1s0x3442a9666e9f721d:0x8aefbd57ef6d5d45!8m2!3d25.0518598!4d121.5273867!16s%2Fg%2F11b7cqtsy0!19sChIJHXKfbmapQjQRRV1t71e974o?authuser=0&hl=zh-TW&rclk=1,0x3442a9666e9f721d:0x8aefbd57ef6d5d45
1079,張庭瑄 Tracy Chang,1,1 年前,"Uber
eats上面的訂單被莫名取消也沒有電話通知，打電話過去店裡的電話線是被拔掉或是拒接的，都沒有人可以處理這些事情！已經等了快半個小時，肚子非常餓！對於取消訂單的後續處理很不滿意！！

",2022-11-21,https://www.google.com.tw/maps/place/%E7%AF%89%E9%96%93%E5%B9%B8%E7%A6%8F%E9%8D%8B%E7%89%A9+%E5%8F%B0%E5%8C%97%E5%8D%97%E4%BA%AC%E4%B8%80%E5%BA%97/data=!4m7!3m6!1s0x3442a9666e9f721d:0x8aefbd57ef6d5d45!8m2!3d25.0518598!4d121.5273867!16s%2Fg%2F11b7cqtsy0!19sChIJHXKfbmapQjQRRV1t71e974o?authuser=0&hl=zh-TW&rclk=1,0x3442a9666e9f721d:0x8aefbd57ef6d5d45
1080,徐小草（徐小草）,1,1 年前,"防疫外帶電話訂購  
詢問十選一券可以先選嗎  
店員表示要現場確認 臉書分享按讚留言  
到了現場表示要十選一  
店員表示要跟現場等的一樣重等？  
問題是我的取餐時間已經到了  
跟店員表示說中午電話訂購時店員告知要現場確認後才能點  
才立刻補了肉給我  
離開後又發現醬料沒放進去  
我可以體諒店員很忙  
但是回家後一翻開第一片高麗菜後  
下面都是邊邊發黃的高麗菜  
才決定來評論  
訂餐方式來不及統一可以理解  
醬料忙中有錯我也體諒了  
希望食材品質可以加油

",2022-11-21,https://www.google.com.tw/maps/place/%E7%AF%89%E9%96%93%E5%B9%B8%E7%A6%8F%E9%8D%8B%E7%89%A9+%E5%8F%B0%E5%8C%97%E5%8D%97%E4%BA%AC%E4%B8%80%E5%BA%97/data=!4m7!3m6!1s0x3442a9666e9f721d:0x8aefbd57ef6d5d45!8m2!3d25.0518598!4d121.5273867!16s%2Fg%2F11b7cqtsy0!19sChIJHXKfbmapQjQRRV1t71e974o?authuser=0&hl=zh-TW&rclk=1,0x3442a9666e9f721d:0x8aefbd57ef6d5d45
1081,趙阿哈,1,1 年前,"上週來吃，菜盤送上來發現菜沒洗乾淨，有黑黑的泥土，請服務生幫忙換，本來想說只有一片，幫我換一片就好，接著連香菇都一整片黑黑的泥土，只好請服務生幫忙換整盤，服務生來態度極差，收走後過一會又還直接說幫你換整鍋，還沒反應過來就直接拿走了，還跟其他服務生講悄悄話後，直接一起瞪向我們這，請問是怎樣？很明目張膽的說客人壞話還直接偷瞪人，還被我們發現，基本的禮貌都沒有，吃過好幾間分店真沒看過這麼爛的服務員，要不是要留言，連一顆星都不想給。  
每桌都會加湯，我們快燒底了都沒還有理我們，這是甚麼報復心態嗎？

",2022-11-21,https://www.google.com.tw/maps/place/%E7%AF%89%E9%96%93%E5%B9%B8%E7%A6%8F%E9%8D%8B%E7%89%A9+%E5%8F%B0%E5%8C%97%E5%8D%97%E4%BA%AC%E4%B8%80%E5%BA%97/data=!4m7!3m6!1s0x3442a9666e9f721d:0x8aefbd57ef6d5d45!8m2!3d25.0518598!4d121.5273867!16s%2Fg%2F11b7cqtsy0!19sChIJHXKfbmapQjQRRV1t71e974o?authuser=0&hl=zh-TW&rclk=1,0x3442a9666e9f721d:0x8aefbd57ef6d5d45
1082,Shining LI,5,1 年前,"飲料有巧克力 我愛巧克力

",2022-11-21,https://www.google.com.tw/maps/place/%E7%AF%89%E9%96%93%E5%B9%B8%E7%A6%8F%E9%8D%8B%E7%89%A9+%E5%8F%B0%E5%8C%97%E5%8D%97%E4%BA%AC%E4%B8%80%E5%BA%97/data=!4m7!3m6!1s0x3442a9666e9f721d:0x8aefbd57ef6d5d45!8m2!3d25.0518598!4d121.5273867!16s%2Fg%2F11b7cqtsy0!19sChIJHXKfbmapQjQRRV1t71e974o?authuser=0&hl=zh-TW&rclk=1,0x3442a9666e9f721d:0x8aefbd57ef6d5d45
1083,林佳民,5,1 年前,,2022-11-21,https://www.google.com.tw/maps/place/%E7%AF%89%E9%96%93%E5%B9%B8%E7%A6%8F%E9%8D%8B%E7%89%A9+%E5%8F%B0%E5%8C%97%E5%8D%97%E4%BA%AC%E4%B8%80%E5%BA%97/data=!4m7!3m6!1s0x3442a9666e9f721d:0x8aefbd57ef6d5d45!8m2!3d25.0518598!4d121.5273867!16s%2Fg%2F11b7cqtsy0!19sChIJHXKfbmapQjQRRV1t71e974o?authuser=0&hl=zh-TW&rclk=1,0x3442a9666e9f721d:0x8aefbd57ef6d5d45
1084,湯守文,5,1 年前,"良好的用餐體驗，環境舒適，湯頭、食材可口。

",2022-11-21,https://www.google.com.tw/maps/place/%E7%AF%89%E9%96%93%E5%B9%B8%E7%A6%8F%E9%8D%8B%E7%89%A9+%E5%8F%B0%E5%8C%97%E5%8D%97%E4%BA%AC%E4%B8%80%E5%BA%97/data=!4m7!3m6!1s0x3442a9666e9f721d:0x8aefbd57ef6d5d45!8m2!3d25.0518598!4d121.5273867!16s%2Fg%2F11b7cqtsy0!19sChIJHXKfbmapQjQRRV1t71e974o?authuser=0&hl=zh-TW&rclk=1,0x3442a9666e9f721d:0x8aefbd57ef6d5d45
1085,聯揚SUN,5,1 年前,"好吃

",2022-11-21,https://www.google.com.tw/maps/place/%E7%AF%89%E9%96%93%E5%B9%B8%E7%A6%8F%E9%8D%8B%E7%89%A9+%E5%8F%B0%E5%8C%97%E5%8D%97%E4%BA%AC%E4%B8%80%E5%BA%97/data=!4m7!3m6!1s0x3442a9666e9f721d:0x8aefbd57ef6d5d45!8m2!3d25.0518598!4d121.5273867!16s%2Fg%2F11b7cqtsy0!19sChIJHXKfbmapQjQRRV1t71e974o?authuser=0&hl=zh-TW&rclk=1,0x3442a9666e9f721d:0x8aefbd57ef6d5d45
1086,林佑慈,5,1 年前,"服務態度很好

",2022-11-21,https://www.google.com.tw/maps/place/%E7%AF%89%E9%96%93%E5%B9%B8%E7%A6%8F%E9%8D%8B%E7%89%A9+%E5%8F%B0%E5%8C%97%E5%8D%97%E4%BA%AC%E4%B8%80%E5%BA%97/data=!4m7!3m6!1s0x3442a9666e9f721d:0x8aefbd57ef6d5d45!8m2!3d25.0518598!4d121.5273867!16s%2Fg%2F11b7cqtsy0!19sChIJHXKfbmapQjQRRV1t71e974o?authuser=0&hl=zh-TW&rclk=1,0x3442a9666e9f721d:0x8aefbd57ef6d5d45
1087,許紫琳,5,1 年前,"服務態度很好

",2022-11-21,https://www.google.com.tw/maps/place/%E7%AF%89%E9%96%93%E5%B9%B8%E7%A6%8F%E9%8D%8B%E7%89%A9+%E5%8F%B0%E5%8C%97%E5%8D%97%E4%BA%AC%E4%B8%80%E5%BA%97/data=!4m7!3m6!1s0x3442a9666e9f721d:0x8aefbd57ef6d5d45!8m2!3d25.0518598!4d121.5273867!16s%2Fg%2F11b7cqtsy0!19sChIJHXKfbmapQjQRRV1t71e974o?authuser=0&hl=zh-TW&rclk=1,0x3442a9666e9f721d:0x8aefbd57ef6d5d45
1088,Shooting,5,1 年前,"店員很和善

",2022-11-21,https://www.google.com.tw/maps/place/%E7%AF%89%E9%96%93%E5%B9%B8%E7%A6%8F%E9%8D%8B%E7%89%A9+%E5%8F%B0%E5%8C%97%E5%8D%97%E4%BA%AC%E4%B8%80%E5%BA%97/data=!4m7!3m6!1s0x3442a9666e9f721d:0x8aefbd57ef6d5d45!8m2!3d25.0518598!4d121.5273867!16s%2Fg%2F11b7cqtsy0!19sChIJHXKfbmapQjQRRV1t71e974o?authuser=0&hl=zh-TW&rclk=1,0x3442a9666e9f721d:0x8aefbd57ef6d5d45
1089,許沛慈,5,1 年前,,2022-11-21,https://www.google.com.tw/maps/place/%E7%AF%89%E9%96%93%E5%B9%B8%E7%A6%8F%E9%8D%8B%E7%89%A9+%E5%8F%B0%E5%8C%97%E5%8D%97%E4%BA%AC%E4%B8%80%E5%BA%97/data=!4m7!3m6!1s0x3442a9666e9f721d:0x8aefbd57ef6d5d45!8m2!3d25.0518598!4d121.5273867!16s%2Fg%2F11b7cqtsy0!19sChIJHXKfbmapQjQRRV1t71e974o?authuser=0&hl=zh-TW&rclk=1,0x3442a9666e9f721d:0x8aefbd57ef6d5d45
1090,Liao HTL,5,1 年前,"許久沒來（可能半年甚至近一年沒來）漂亮的女服務生依然記得我（揪感心 ）食材新鮮、份量超多⋯⋯環境整潔 乾淨

",2022-11-21,https://www.google.com.tw/maps/place/%E7%AF%89%E9%96%93%E5%B9%B8%E7%A6%8F%E9%8D%8B%E7%89%A9+%E5%8F%B0%E5%8C%97%E5%8D%97%E4%BA%AC%E4%B8%80%E5%BA%97/data=!4m7!3m6!1s0x3442a9666e9f721d:0x8aefbd57ef6d5d45!8m2!3d25.0518598!4d121.5273867!16s%2Fg%2F11b7cqtsy0!19sChIJHXKfbmapQjQRRV1t71e974o?authuser=0&hl=zh-TW&rclk=1,0x3442a9666e9f721d:0x8aefbd57ef6d5d45
1091,王慧,4,1 年前,"適合三五好友小聚的火鍋店。冰淇淋好吃之外，還有抹茶霜淇淋，咖啡、冰飲任君選擇，讓火鍋不再一成不變。

",2022-11-21,https://www.google.com.tw/maps/place/%E7%AF%89%E9%96%93%E5%B9%B8%E7%A6%8F%E9%8D%8B%E7%89%A9+%E5%8F%B0%E5%8C%97%E5%8D%97%E4%BA%AC%E4%B8%80%E5%BA%97/data=!4m7!3m6!1s0x3442a9666e9f721d:0x8aefbd57ef6d5d45!8m2!3d25.0518598!4d121.5273867!16s%2Fg%2F11b7cqtsy0!19sChIJHXKfbmapQjQRRV1t71e974o?authuser=0&hl=zh-TW&rclk=1,0x3442a9666e9f721d:0x8aefbd57ef6d5d45
1092,SUPER SONICO (supersonicooooo),5,1 年前,,2022-11-21,https://www.google.com.tw/maps/place/%E7%AF%89%E9%96%93%E5%B9%B8%E7%A6%8F%E9%8D%8B%E7%89%A9+%E5%8F%B0%E5%8C%97%E5%8D%97%E4%BA%AC%E4%B8%80%E5%BA%97/data=!4m7!3m6!1s0x3442a9666e9f721d:0x8aefbd57ef6d5d45!8m2!3d25.0518598!4d121.5273867!16s%2Fg%2F11b7cqtsy0!19sChIJHXKfbmapQjQRRV1t71e974o?authuser=0&hl=zh-TW&rclk=1,0x3442a9666e9f721d:0x8aefbd57ef6d5d45
1093,jennifer tsao,5,1 年前,"服務態度很讚

",2022-11-21,https://www.google.com.tw/maps/place/%E7%AF%89%E9%96%93%E5%B9%B8%E7%A6%8F%E9%8D%8B%E7%89%A9+%E5%8F%B0%E5%8C%97%E5%8D%97%E4%BA%AC%E4%B8%80%E5%BA%97/data=!4m7!3m6!1s0x3442a9666e9f721d:0x8aefbd57ef6d5d45!8m2!3d25.0518598!4d121.5273867!16s%2Fg%2F11b7cqtsy0!19sChIJHXKfbmapQjQRRV1t71e974o?authuser=0&hl=zh-TW&rclk=1,0x3442a9666e9f721d:0x8aefbd57ef6d5d45
1094,林少緯,5,1 年前,"食材新鮮好吃  
而且店長很可愛

",2022-11-21,https://www.google.com.tw/maps/place/%E7%AF%89%E9%96%93%E5%B9%B8%E7%A6%8F%E9%8D%8B%E7%89%A9+%E5%8F%B0%E5%8C%97%E5%8D%97%E4%BA%AC%E4%B8%80%E5%BA%97/data=!4m7!3m6!1s0x3442a9666e9f721d:0x8aefbd57ef6d5d45!8m2!3d25.0518598!4d121.5273867!16s%2Fg%2F11b7cqtsy0!19sChIJHXKfbmapQjQRRV1t71e974o?authuser=0&hl=zh-TW&rclk=1,0x3442a9666e9f721d:0x8aefbd57ef6d5d45
1095,迷筱兔,1,1 年前,"收了服務費 卻沒有服務的感覺，等湯等到鍋底都燒乾了 服務人員看到了還裝沒看到 繼續裝忙裝筷子？ 讓人滿頭問號的服務費  
豆皮煮不爛很像石頭 怎麼煮怎麼硬～

",2022-11-21,https://www.google.com.tw/maps/place/%E7%AF%89%E9%96%93%E5%B9%B8%E7%A6%8F%E9%8D%8B%E7%89%A9+%E5%8F%B0%E5%8C%97%E5%8D%97%E4%BA%AC%E4%B8%80%E5%BA%97/data=!4m7!3m6!1s0x3442a9666e9f721d:0x8aefbd57ef6d5d45!8m2!3d25.0518598!4d121.5273867!16s%2Fg%2F11b7cqtsy0!19sChIJHXKfbmapQjQRRV1t71e974o?authuser=0&hl=zh-TW&rclk=1,0x3442a9666e9f721d:0x8aefbd57ef6d5d45
1096,阮碩彥,5,1 年前,"服務人員有耐心、服務態度很好，好像叫慧余的樣子

",2022-11-21,https://www.google.com.tw/maps/place/%E7%AF%89%E9%96%93%E5%B9%B8%E7%A6%8F%E9%8D%8B%E7%89%A9+%E5%8F%B0%E5%8C%97%E5%8D%97%E4%BA%AC%E4%B8%80%E5%BA%97/data=!4m7!3m6!1s0x3442a9666e9f721d:0x8aefbd57ef6d5d45!8m2!3d25.0518598!4d121.5273867!16s%2Fg%2F11b7cqtsy0!19sChIJHXKfbmapQjQRRV1t71e974o?authuser=0&hl=zh-TW&rclk=1,0x3442a9666e9f721d:0x8aefbd57ef6d5d45
1097,高翊庭,5,1 年前,,2022-11-21,https://www.google.com.tw/maps/place/%E7%AF%89%E9%96%93%E5%B9%B8%E7%A6%8F%E9%8D%8B%E7%89%A9+%E5%8F%B0%E5%8C%97%E5%8D%97%E4%BA%AC%E4%B8%80%E5%BA%97/data=!4m7!3m6!1s0x3442a9666e9f721d:0x8aefbd57ef6d5d45!8m2!3d25.0518598!4d121.5273867!16s%2Fg%2F11b7cqtsy0!19sChIJHXKfbmapQjQRRV1t71e974o?authuser=0&hl=zh-TW&rclk=1,0x3442a9666e9f721d:0x8aefbd57ef6d5d45
1098,楊凡槿,5,1 年前,"好吃

",2022-11-21,https://www.google.com.tw/maps/place/%E7%AF%89%E9%96%93%E5%B9%B8%E7%A6%8F%E9%8D%8B%E7%89%A9+%E5%8F%B0%E5%8C%97%E5%8D%97%E4%BA%AC%E4%B8%80%E5%BA%97/data=!4m7!3m6!1s0x3442a9666e9f721d:0x8aefbd57ef6d5d45!8m2!3d25.0518598!4d121.5273867!16s%2Fg%2F11b7cqtsy0!19sChIJHXKfbmapQjQRRV1t71e974o?authuser=0&hl=zh-TW&rclk=1,0x3442a9666e9f721d:0x8aefbd57ef6d5d45
1099,Cirong Jiang,5,1 年前,"肉類跟海鮮都很好吃，鮮菇奶香鍋底讚  
Echo服務態度超棒，一直掛著笑容，覺得很貼心

",2022-11-21,https://www.google.com.tw/maps/place/%E7%AF%89%E9%96%93%E5%B9%B8%E7%A6%8F%E9%8D%8B%E7%89%A9+%E5%8F%B0%E5%8C%97%E5%8D%97%E4%BA%AC%E4%B8%80%E5%BA%97/data=!4m7!3m6!1s0x3442a9666e9f721d:0x8aefbd57ef6d5d45!8m2!3d25.0518598!4d121.5273867!16s%2Fg%2F11b7cqtsy0!19sChIJHXKfbmapQjQRRV1t71e974o?authuser=0&hl=zh-TW&rclk=1,0x3442a9666e9f721d:0x8aefbd57ef6d5d45
1100,Barry,5,1 年前,"海鮮很新鮮

",2022-11-21,https://www.google.com.tw/maps/place/%E7%AF%89%E9%96%93%E5%B9%B8%E7%A6%8F%E9%8D%8B%E7%89%A9+%E5%8F%B0%E5%8C%97%E5%8D%97%E4%BA%AC%E4%B8%80%E5%BA%97/data=!4m7!3m6!1s0x3442a9666e9f721d:0x8aefbd57ef6d5d45!8m2!3d25.0518598!4d121.5273867!16s%2Fg%2F11b7cqtsy0!19sChIJHXKfbmapQjQRRV1t71e974o?authuser=0&hl=zh-TW&rclk=1,0x3442a9666e9f721d:0x8aefbd57ef6d5d45
1101,郝永文,5,1 年前,,2022-11-21,https://www.google.com.tw/maps/place/%E7%AF%89%E9%96%93%E5%B9%B8%E7%A6%8F%E9%8D%8B%E7%89%A9+%E5%8F%B0%E5%8C%97%E5%8D%97%E4%BA%AC%E4%B8%80%E5%BA%97/data=!4m7!3m6!1s0x3442a9666e9f721d:0x8aefbd57ef6d5d45!8m2!3d25.0518598!4d121.5273867!16s%2Fg%2F11b7cqtsy0!19sChIJHXKfbmapQjQRRV1t71e974o?authuser=0&hl=zh-TW&rclk=1,0x3442a9666e9f721d:0x8aefbd57ef6d5d45
1102,Daniel Shen,4,1 年前,,2022-11-21,https://www.google.com.tw/maps/place/%E7%AF%89%E9%96%93%E5%B9%B8%E7%A6%8F%E9%8D%8B%E7%89%A9+%E5%8F%B0%E5%8C%97%E5%8D%97%E4%BA%AC%E4%B8%80%E5%BA%97/data=!4m7!3m6!1s0x3442a9666e9f721d:0x8aefbd57ef6d5d45!8m2!3d25.0518598!4d121.5273867!16s%2Fg%2F11b7cqtsy0!19sChIJHXKfbmapQjQRRV1t71e974o?authuser=0&hl=zh-TW&rclk=1,0x3442a9666e9f721d:0x8aefbd57ef6d5d45
1103,孫琮凱,5,1 年前,"環境很好，食物好吃

",2022-11-21,https://www.google.com.tw/maps/place/%E7%AF%89%E9%96%93%E5%B9%B8%E7%A6%8F%E9%8D%8B%E7%89%A9+%E5%8F%B0%E5%8C%97%E5%8D%97%E4%BA%AC%E4%B8%80%E5%BA%97/data=!4m7!3m6!1s0x3442a9666e9f721d:0x8aefbd57ef6d5d45!8m2!3d25.0518598!4d121.5273867!16s%2Fg%2F11b7cqtsy0!19sChIJHXKfbmapQjQRRV1t71e974o?authuser=0&hl=zh-TW&rclk=1,0x3442a9666e9f721d:0x8aefbd57ef6d5d45
1104,雅,5,1 年前,,2022-11-21,https://www.google.com.tw/maps/place/%E7%AF%89%E9%96%93%E5%B9%B8%E7%A6%8F%E9%8D%8B%E7%89%A9+%E5%8F%B0%E5%8C%97%E5%8D%97%E4%BA%AC%E4%B8%80%E5%BA%97/data=!4m7!3m6!1s0x3442a9666e9f721d:0x8aefbd57ef6d5d45!8m2!3d25.0518598!4d121.5273867!16s%2Fg%2F11b7cqtsy0!19sChIJHXKfbmapQjQRRV1t71e974o?authuser=0&hl=zh-TW&rclk=1,0x3442a9666e9f721d:0x8aefbd57ef6d5d45
1105,黃浚硯,5,1 年前,"內場哥哥好帥，我好喜翻

",2022-11-21,https://www.google.com.tw/maps/place/%E7%AF%89%E9%96%93%E5%B9%B8%E7%A6%8F%E9%8D%8B%E7%89%A9+%E5%8F%B0%E5%8C%97%E5%8D%97%E4%BA%AC%E4%B8%80%E5%BA%97/data=!4m7!3m6!1s0x3442a9666e9f721d:0x8aefbd57ef6d5d45!8m2!3d25.0518598!4d121.5273867!16s%2Fg%2F11b7cqtsy0!19sChIJHXKfbmapQjQRRV1t71e974o?authuser=0&hl=zh-TW&rclk=1,0x3442a9666e9f721d:0x8aefbd57ef6d5d45
1106,Jacob,5,1 年前,"好吃yummy

",2022-11-21,https://www.google.com.tw/maps/place/%E7%AF%89%E9%96%93%E5%B9%B8%E7%A6%8F%E9%8D%8B%E7%89%A9+%E5%8F%B0%E5%8C%97%E5%8D%97%E4%BA%AC%E4%B8%80%E5%BA%97/data=!4m7!3m6!1s0x3442a9666e9f721d:0x8aefbd57ef6d5d45!8m2!3d25.0518598!4d121.5273867!16s%2Fg%2F11b7cqtsy0!19sChIJHXKfbmapQjQRRV1t71e974o?authuser=0&hl=zh-TW&rclk=1,0x3442a9666e9f721d:0x8aefbd57ef6d5d45
1107,Jason Chang,4,1 年前,,2022-11-21,https://www.google.com.tw/maps/place/%E7%AF%89%E9%96%93%E5%B9%B8%E7%A6%8F%E9%8D%8B%E7%89%A9+%E5%8F%B0%E5%8C%97%E5%8D%97%E4%BA%AC%E4%B8%80%E5%BA%97/data=!4m7!3m6!1s0x3442a9666e9f721d:0x8aefbd57ef6d5d45!8m2!3d25.0518598!4d121.5273867!16s%2Fg%2F11b7cqtsy0!19sChIJHXKfbmapQjQRRV1t71e974o?authuser=0&hl=zh-TW&rclk=1,0x3442a9666e9f721d:0x8aefbd57ef6d5d45
1108,張錫德,4,1 年前,"好吃，值得推薦

",2022-11-21,https://www.google.com.tw/maps/place/%E7%AF%89%E9%96%93%E5%B9%B8%E7%A6%8F%E9%8D%8B%E7%89%A9+%E5%8F%B0%E5%8C%97%E5%8D%97%E4%BA%AC%E4%B8%80%E5%BA%97/data=!4m7!3m6!1s0x3442a9666e9f721d:0x8aefbd57ef6d5d45!8m2!3d25.0518598!4d121.5273867!16s%2Fg%2F11b7cqtsy0!19sChIJHXKfbmapQjQRRV1t71e974o?authuser=0&hl=zh-TW&rclk=1,0x3442a9666e9f721d:0x8aefbd57ef6d5d45
1109,賴品蓁,5,1 年前,,2022-11-21,https://www.google.com.tw/maps/place/%E7%AF%89%E9%96%93%E5%B9%B8%E7%A6%8F%E9%8D%8B%E7%89%A9+%E5%8F%B0%E5%8C%97%E5%8D%97%E4%BA%AC%E4%B8%80%E5%BA%97/data=!4m7!3m6!1s0x3442a9666e9f721d:0x8aefbd57ef6d5d45!8m2!3d25.0518598!4d121.5273867!16s%2Fg%2F11b7cqtsy0!19sChIJHXKfbmapQjQRRV1t71e974o?authuser=0&hl=zh-TW&rclk=1,0x3442a9666e9f721d:0x8aefbd57ef6d5d45
1110,陳憶慈,5,1 年前,,2022-11-21,https://www.google.com.tw/maps/place/%E7%AF%89%E9%96%93%E5%B9%B8%E7%A6%8F%E9%8D%8B%E7%89%A9+%E5%8F%B0%E5%8C%97%E5%8D%97%E4%BA%AC%E4%B8%80%E5%BA%97/data=!4m7!3m6!1s0x3442a9666e9f721d:0x8aefbd57ef6d5d45!8m2!3d25.0518598!4d121.5273867!16s%2Fg%2F11b7cqtsy0!19sChIJHXKfbmapQjQRRV1t71e974o?authuser=0&hl=zh-TW&rclk=1,0x3442a9666e9f721d:0x8aefbd57ef6d5d45
1111,Robin Lee,1,1 年前,"服務態度非常非常有問題  
現場候位好像欠那個女的錢一樣  
全部吃過4間竹間  
態度最差最爛的  
  
補充  
每次打電話問說現場候位要多久  
都說一個非常誇張的什麼兩個小時  
結果留完電話40分鐘就打來  
我就看你們店員是多偷懶？  
現場去看空桌一堆  
故意把時間講超久  
然後根本就沒人預定  
根本是在偷懶嗎？？？

",2022-11-21,https://www.google.com.tw/maps/place/%E7%AF%89%E9%96%93%E5%B9%B8%E7%A6%8F%E9%8D%8B%E7%89%A9+%E5%8F%B0%E5%8C%97%E5%8D%97%E4%BA%AC%E4%B8%80%E5%BA%97/data=!4m7!3m6!1s0x3442a9666e9f721d:0x8aefbd57ef6d5d45!8m2!3d25.0518598!4d121.5273867!16s%2Fg%2F11b7cqtsy0!19sChIJHXKfbmapQjQRRV1t71e974o?authuser=0&hl=zh-TW&rclk=1,0x3442a9666e9f721d:0x8aefbd57ef6d5d45
1112,CHI AKA,5,1 年前,,2022-11-21,https://www.google.com.tw/maps/place/%E7%AF%89%E9%96%93%E5%B9%B8%E7%A6%8F%E9%8D%8B%E7%89%A9+%E5%8F%B0%E5%8C%97%E5%8D%97%E4%BA%AC%E4%B8%80%E5%BA%97/data=!4m7!3m6!1s0x3442a9666e9f721d:0x8aefbd57ef6d5d45!8m2!3d25.0518598!4d121.5273867!16s%2Fg%2F11b7cqtsy0!19sChIJHXKfbmapQjQRRV1t71e974o?authuser=0&hl=zh-TW&rclk=1,0x3442a9666e9f721d:0x8aefbd57ef6d5d45
1113,Doris,5,1 年前,"俞俞超讚

",2022-11-21,https://www.google.com.tw/maps/place/%E7%AF%89%E9%96%93%E5%B9%B8%E7%A6%8F%E9%8D%8B%E7%89%A9+%E5%8F%B0%E5%8C%97%E5%8D%97%E4%BA%AC%E4%B8%80%E5%BA%97/data=!4m7!3m6!1s0x3442a9666e9f721d:0x8aefbd57ef6d5d45!8m2!3d25.0518598!4d121.5273867!16s%2Fg%2F11b7cqtsy0!19sChIJHXKfbmapQjQRRV1t71e974o?authuser=0&hl=zh-TW&rclk=1,0x3442a9666e9f721d:0x8aefbd57ef6d5d45
1114,森森鈴蘭的麥克風,5,1 年前,,2022-11-21,https://www.google.com.tw/maps/place/%E7%AF%89%E9%96%93%E5%B9%B8%E7%A6%8F%E9%8D%8B%E7%89%A9+%E5%8F%B0%E5%8C%97%E5%8D%97%E4%BA%AC%E4%B8%80%E5%BA%97/data=!4m7!3m6!1s0x3442a9666e9f721d:0x8aefbd57ef6d5d45!8m2!3d25.0518598!4d121.5273867!16s%2Fg%2F11b7cqtsy0!19sChIJHXKfbmapQjQRRV1t71e974o?authuser=0&hl=zh-TW&rclk=1,0x3442a9666e9f721d:0x8aefbd57ef6d5d45
1115,書豪范,5,1 年前,,2022-11-21,https://www.google.com.tw/maps/place/%E7%AF%89%E9%96%93%E5%B9%B8%E7%A6%8F%E9%8D%8B%E7%89%A9+%E5%8F%B0%E5%8C%97%E5%8D%97%E4%BA%AC%E4%B8%80%E5%BA%97/data=!4m7!3m6!1s0x3442a9666e9f721d:0x8aefbd57ef6d5d45!8m2!3d25.0518598!4d121.5273867!16s%2Fg%2F11b7cqtsy0!19sChIJHXKfbmapQjQRRV1t71e974o?authuser=0&hl=zh-TW&rclk=1,0x3442a9666e9f721d:0x8aefbd57ef6d5d45
1116,丁彥凱,4,1 年前,,2022-11-21,https://www.google.com.tw/maps/place/%E7%AF%89%E9%96%93%E5%B9%B8%E7%A6%8F%E9%8D%8B%E7%89%A9+%E5%8F%B0%E5%8C%97%E5%8D%97%E4%BA%AC%E4%B8%80%E5%BA%97/data=!4m7!3m6!1s0x3442a9666e9f721d:0x8aefbd57ef6d5d45!8m2!3d25.0518598!4d121.5273867!16s%2Fg%2F11b7cqtsy0!19sChIJHXKfbmapQjQRRV1t71e974o?authuser=0&hl=zh-TW&rclk=1,0x3442a9666e9f721d:0x8aefbd57ef6d5d45
1117,SoGo Mi,5,1 年前,,2022-11-21,https://www.google.com.tw/maps/place/%E7%AF%89%E9%96%93%E5%B9%B8%E7%A6%8F%E9%8D%8B%E7%89%A9+%E5%8F%B0%E5%8C%97%E5%8D%97%E4%BA%AC%E4%B8%80%E5%BA%97/data=!4m7!3m6!1s0x3442a9666e9f721d:0x8aefbd57ef6d5d45!8m2!3d25.0518598!4d121.5273867!16s%2Fg%2F11b7cqtsy0!19sChIJHXKfbmapQjQRRV1t71e974o?authuser=0&hl=zh-TW&rclk=1,0x3442a9666e9f721d:0x8aefbd57ef6d5d45
1118,陳建國,4,1 年前,"現在的築間的沾醬口味和食材上都有下降的趨勢， 這家店比我常吃的三重店多了霜淇淋 南京東路這家分店座位沒有很多!服務上還不錯，加油了!

",2022-11-21,https://www.google.com.tw/maps/place/%E7%AF%89%E9%96%93%E5%B9%B8%E7%A6%8F%E9%8D%8B%E7%89%A9+%E5%8F%B0%E5%8C%97%E5%8D%97%E4%BA%AC%E4%B8%80%E5%BA%97/data=!4m7!3m6!1s0x3442a9666e9f721d:0x8aefbd57ef6d5d45!8m2!3d25.0518598!4d121.5273867!16s%2Fg%2F11b7cqtsy0!19sChIJHXKfbmapQjQRRV1t71e974o?authuser=0&hl=zh-TW&rclk=1,0x3442a9666e9f721d:0x8aefbd57ef6d5d45
1119,KEVIN TESLA,5,1 年前,"服務很好讚啦～

",2022-11-21,https://www.google.com.tw/maps/place/%E7%AF%89%E9%96%93%E5%B9%B8%E7%A6%8F%E9%8D%8B%E7%89%A9+%E5%8F%B0%E5%8C%97%E5%8D%97%E4%BA%AC%E4%B8%80%E5%BA%97/data=!4m7!3m6!1s0x3442a9666e9f721d:0x8aefbd57ef6d5d45!8m2!3d25.0518598!4d121.5273867!16s%2Fg%2F11b7cqtsy0!19sChIJHXKfbmapQjQRRV1t71e974o?authuser=0&hl=zh-TW&rclk=1,0x3442a9666e9f721d:0x8aefbd57ef6d5d45
1120,Hsueh-Han Lin,5,1 年前,"好吃～ 而且今天的服務人員 俞俞 萱萱 岑珈 冠鋐 服務超棒

",2022-11-21,https://www.google.com.tw/maps/place/%E7%AF%89%E9%96%93%E5%B9%B8%E7%A6%8F%E9%8D%8B%E7%89%A9+%E5%8F%B0%E5%8C%97%E5%8D%97%E4%BA%AC%E4%B8%80%E5%BA%97/data=!4m7!3m6!1s0x3442a9666e9f721d:0x8aefbd57ef6d5d45!8m2!3d25.0518598!4d121.5273867!16s%2Fg%2F11b7cqtsy0!19sChIJHXKfbmapQjQRRV1t71e974o?authuser=0&hl=zh-TW&rclk=1,0x3442a9666e9f721d:0x8aefbd57ef6d5d45
1121,hunag casper,5,1 年前,"食材豐盛好吃

",2022-11-21,https://www.google.com.tw/maps/place/%E7%AF%89%E9%96%93%E5%B9%B8%E7%A6%8F%E9%8D%8B%E7%89%A9+%E5%8F%B0%E5%8C%97%E5%8D%97%E4%BA%AC%E4%B8%80%E5%BA%97/data=!4m7!3m6!1s0x3442a9666e9f721d:0x8aefbd57ef6d5d45!8m2!3d25.0518598!4d121.5273867!16s%2Fg%2F11b7cqtsy0!19sChIJHXKfbmapQjQRRV1t71e974o?authuser=0&hl=zh-TW&rclk=1,0x3442a9666e9f721d:0x8aefbd57ef6d5d45
1122,VICKERS W,5,1 年前,"很優的火鍋店  
沒有什麼好挑惕的  
唯一要挑剔的就是生意太好  
尖峰時刻臨時想進去吃至少要等一個小時  
不然就是選在下午4、5點或者宵夜時段  
就不需要等

",2022-11-21,https://www.google.com.tw/maps/place/%E7%AF%89%E9%96%93%E5%B9%B8%E7%A6%8F%E9%8D%8B%E7%89%A9+%E5%8F%B0%E5%8C%97%E5%8D%97%E4%BA%AC%E4%B8%80%E5%BA%97/data=!4m7!3m6!1s0x3442a9666e9f721d:0x8aefbd57ef6d5d45!8m2!3d25.0518598!4d121.5273867!16s%2Fg%2F11b7cqtsy0!19sChIJHXKfbmapQjQRRV1t71e974o?authuser=0&hl=zh-TW&rclk=1,0x3442a9666e9f721d:0x8aefbd57ef6d5d45
1123,劉芷妤,5,1 年前,,2022-11-21,https://www.google.com.tw/maps/place/%E7%AF%89%E9%96%93%E5%B9%B8%E7%A6%8F%E9%8D%8B%E7%89%A9+%E5%8F%B0%E5%8C%97%E5%8D%97%E4%BA%AC%E4%B8%80%E5%BA%97/data=!4m7!3m6!1s0x3442a9666e9f721d:0x8aefbd57ef6d5d45!8m2!3d25.0518598!4d121.5273867!16s%2Fg%2F11b7cqtsy0!19sChIJHXKfbmapQjQRRV1t71e974o?authuser=0&hl=zh-TW&rclk=1,0x3442a9666e9f721d:0x8aefbd57ef6d5d45
1124,王文迪,1,1 年前,"讓客人在外面滑一個多小時的手機完全沒有有空位的通知 最後詢問說還要等半小時

",2022-11-21,https://www.google.com.tw/maps/place/%E7%AF%89%E9%96%93%E5%B9%B8%E7%A6%8F%E9%8D%8B%E7%89%A9+%E5%8F%B0%E5%8C%97%E5%8D%97%E4%BA%AC%E4%B8%80%E5%BA%97/data=!4m7!3m6!1s0x3442a9666e9f721d:0x8aefbd57ef6d5d45!8m2!3d25.0518598!4d121.5273867!16s%2Fg%2F11b7cqtsy0!19sChIJHXKfbmapQjQRRV1t71e974o?authuser=0&hl=zh-TW&rclk=1,0x3442a9666e9f721d:0x8aefbd57ef6d5d45
1125,ddy E,1,1 年前,"超差的用餐體驗

",2022-11-21,https://www.google.com.tw/maps/place/%E7%AF%89%E9%96%93%E5%B9%B8%E7%A6%8F%E9%8D%8B%E7%89%A9+%E5%8F%B0%E5%8C%97%E5%8D%97%E4%BA%AC%E4%B8%80%E5%BA%97/data=!4m7!3m6!1s0x3442a9666e9f721d:0x8aefbd57ef6d5d45!8m2!3d25.0518598!4d121.5273867!16s%2Fg%2F11b7cqtsy0!19sChIJHXKfbmapQjQRRV1t71e974o?authuser=0&hl=zh-TW&rclk=1,0x3442a9666e9f721d:0x8aefbd57ef6d5d45
1126,YOUMING LIN,1,1 年前,"時間都要結束了 然後叫我們等也不貼心

",2022-11-21,https://www.google.com.tw/maps/place/%E7%AF%89%E9%96%93%E5%B9%B8%E7%A6%8F%E9%8D%8B%E7%89%A9+%E5%8F%B0%E5%8C%97%E5%8D%97%E4%BA%AC%E4%B8%80%E5%BA%97/data=!4m7!3m6!1s0x3442a9666e9f721d:0x8aefbd57ef6d5d45!8m2!3d25.0518598!4d121.5273867!16s%2Fg%2F11b7cqtsy0!19sChIJHXKfbmapQjQRRV1t71e974o?authuser=0&hl=zh-TW&rclk=1,0x3442a9666e9f721d:0x8aefbd57ef6d5d45
1127,xzg72489,1,1 年前,"要求先留資料等一小時後通知，也不提前說用餐時間到什麼時候，讓人白白浪費了一小時，回頭親自問才告知到12:50，不會再來的店家。

",2022-11-21,https://www.google.com.tw/maps/place/%E7%AF%89%E9%96%93%E5%B9%B8%E7%A6%8F%E9%8D%8B%E7%89%A9+%E5%8F%B0%E5%8C%97%E5%8D%97%E4%BA%AC%E4%B8%80%E5%BA%97/data=!4m7!3m6!1s0x3442a9666e9f721d:0x8aefbd57ef6d5d45!8m2!3d25.0518598!4d121.5273867!16s%2Fg%2F11b7cqtsy0!19sChIJHXKfbmapQjQRRV1t71e974o?authuser=0&hl=zh-TW&rclk=1,0x3442a9666e9f721d:0x8aefbd57ef6d5d45
1128,伍支煙,1,1 年前,"MD浪費人家時間排隊候位， 會沒時間用餐是不會先講？ 營業時間到4點， 結果用餐時間只到12點50是在ㄍㄋㄋㄐㄅ

",2022-11-21,https://www.google.com.tw/maps/place/%E7%AF%89%E9%96%93%E5%B9%B8%E7%A6%8F%E9%8D%8B%E7%89%A9+%E5%8F%B0%E5%8C%97%E5%8D%97%E4%BA%AC%E4%B8%80%E5%BA%97/data=!4m7!3m6!1s0x3442a9666e9f721d:0x8aefbd57ef6d5d45!8m2!3d25.0518598!4d121.5273867!16s%2Fg%2F11b7cqtsy0!19sChIJHXKfbmapQjQRRV1t71e974o?authuser=0&hl=zh-TW&rclk=1,0x3442a9666e9f721d:0x8aefbd57ef6d5d45
1129,Dave HU,5,1 年前,,2022-11-21,https://www.google.com.tw/maps/place/%E7%AF%89%E9%96%93%E5%B9%B8%E7%A6%8F%E9%8D%8B%E7%89%A9+%E5%8F%B0%E5%8C%97%E5%8D%97%E4%BA%AC%E4%B8%80%E5%BA%97/data=!4m7!3m6!1s0x3442a9666e9f721d:0x8aefbd57ef6d5d45!8m2!3d25.0518598!4d121.5273867!16s%2Fg%2F11b7cqtsy0!19sChIJHXKfbmapQjQRRV1t71e974o?authuser=0&hl=zh-TW&rclk=1,0x3442a9666e9f721d:0x8aefbd57ef6d5d45
1130,神玄,3,1 年前,,2022-11-21,https://www.google.com.tw/maps/place/%E7%AF%89%E9%96%93%E5%B9%B8%E7%A6%8F%E9%8D%8B%E7%89%A9+%E5%8F%B0%E5%8C%97%E5%8D%97%E4%BA%AC%E4%B8%80%E5%BA%97/data=!4m7!3m6!1s0x3442a9666e9f721d:0x8aefbd57ef6d5d45!8m2!3d25.0518598!4d121.5273867!16s%2Fg%2F11b7cqtsy0!19sChIJHXKfbmapQjQRRV1t71e974o?authuser=0&hl=zh-TW&rclk=1,0x3442a9666e9f721d:0x8aefbd57ef6d5d45
1131,Sammi Chen,5,1 年前,"每個月都會報到一次的心頭好火鍋店  
這次刻意選擇沒來過的南京店  
多了好多飲料的選擇及霜淇淋  
餐點CP值高服務品質好

",2022-11-21,https://www.google.com.tw/maps/place/%E7%AF%89%E9%96%93%E5%B9%B8%E7%A6%8F%E9%8D%8B%E7%89%A9+%E5%8F%B0%E5%8C%97%E5%8D%97%E4%BA%AC%E4%B8%80%E5%BA%97/data=!4m7!3m6!1s0x3442a9666e9f721d:0x8aefbd57ef6d5d45!8m2!3d25.0518598!4d121.5273867!16s%2Fg%2F11b7cqtsy0!19sChIJHXKfbmapQjQRRV1t71e974o?authuser=0&hl=zh-TW&rclk=1,0x3442a9666e9f721d:0x8aefbd57ef6d5d45
1132,Paggie,1,1 年前,"店內員工自己寫錯電話怪客人電話打不通？？

",2022-11-21,https://www.google.com.tw/maps/place/%E7%AF%89%E9%96%93%E5%B9%B8%E7%A6%8F%E9%8D%8B%E7%89%A9+%E5%8F%B0%E5%8C%97%E5%8D%97%E4%BA%AC%E4%B8%80%E5%BA%97/data=!4m7!3m6!1s0x3442a9666e9f721d:0x8aefbd57ef6d5d45!8m2!3d25.0518598!4d121.5273867!16s%2Fg%2F11b7cqtsy0!19sChIJHXKfbmapQjQRRV1t71e974o?authuser=0&hl=zh-TW&rclk=1,0x3442a9666e9f721d:0x8aefbd57ef6d5d45
1133,Chien L,5,1 年前,,2022-11-21,https://www.google.com.tw/maps/place/%E7%AF%89%E9%96%93%E5%B9%B8%E7%A6%8F%E9%8D%8B%E7%89%A9+%E5%8F%B0%E5%8C%97%E5%8D%97%E4%BA%AC%E4%B8%80%E5%BA%97/data=!4m7!3m6!1s0x3442a9666e9f721d:0x8aefbd57ef6d5d45!8m2!3d25.0518598!4d121.5273867!16s%2Fg%2F11b7cqtsy0!19sChIJHXKfbmapQjQRRV1t71e974o?authuser=0&hl=zh-TW&rclk=1,0x3442a9666e9f721d:0x8aefbd57ef6d5d45
1134,Hsiao Ted,4,1 年前,"服務很好，食材新鮮，美中不足的是自助吧的飲料普通，美祿的冰沙裝進杯子後太濃流不出來...霜淇淋太水，馬上就融化了

",2022-11-21,https://www.google.com.tw/maps/place/%E7%AF%89%E9%96%93%E5%B9%B8%E7%A6%8F%E9%8D%8B%E7%89%A9+%E5%8F%B0%E5%8C%97%E5%8D%97%E4%BA%AC%E4%B8%80%E5%BA%97/data=!4m7!3m6!1s0x3442a9666e9f721d:0x8aefbd57ef6d5d45!8m2!3d25.0518598!4d121.5273867!16s%2Fg%2F11b7cqtsy0!19sChIJHXKfbmapQjQRRV1t71e974o?authuser=0&hl=zh-TW&rclk=1,0x3442a9666e9f721d:0x8aefbd57ef6d5d45
1135,lloyd lin,5,1 年前,,2022-11-21,https://www.google.com.tw/maps/place/%E7%AF%89%E9%96%93%E5%B9%B8%E7%A6%8F%E9%8D%8B%E7%89%A9+%E5%8F%B0%E5%8C%97%E5%8D%97%E4%BA%AC%E4%B8%80%E5%BA%97/data=!4m7!3m6!1s0x3442a9666e9f721d:0x8aefbd57ef6d5d45!8m2!3d25.0518598!4d121.5273867!16s%2Fg%2F11b7cqtsy0!19sChIJHXKfbmapQjQRRV1t71e974o?authuser=0&hl=zh-TW&rclk=1,0x3442a9666e9f721d:0x8aefbd57ef6d5d45
1136,李品蓁,4,1 年前,"菜盤、肉盤份量滿大的，自助區還有霜淇淋、甜筒殼跟美祿冰沙，店裡座位其實不多，兩人用餐偶爾要與人併桌  
  
連鎖店食物品質上沒什麼問題，不過當天去碗盤餐具都不太乾淨，希望可以加強清潔

",2022-11-21,https://www.google.com.tw/maps/place/%E7%AF%89%E9%96%93%E5%B9%B8%E7%A6%8F%E9%8D%8B%E7%89%A9+%E5%8F%B0%E5%8C%97%E5%8D%97%E4%BA%AC%E4%B8%80%E5%BA%97/data=!4m7!3m6!1s0x3442a9666e9f721d:0x8aefbd57ef6d5d45!8m2!3d25.0518598!4d121.5273867!16s%2Fg%2F11b7cqtsy0!19sChIJHXKfbmapQjQRRV1t71e974o?authuser=0&hl=zh-TW&rclk=1,0x3442a9666e9f721d:0x8aefbd57ef6d5d45
1137,黃楷涓,4,1 年前,"本身超愛吃築間，也吃過很多次，但之前都是在板橋誠品店，這次是第一次來南京店。飲料自助區的部分南京店較多選擇，但是某個男性服務生上菜態度不佳，有點不太開心。其餘用餐品質狀況優良，還是會再來吃╮(￣▽￣"""")╭  
-  
更新：  
男店員服務態度真的非常差

",2022-11-21,https://www.google.com.tw/maps/place/%E7%AF%89%E9%96%93%E5%B9%B8%E7%A6%8F%E9%8D%8B%E7%89%A9+%E5%8F%B0%E5%8C%97%E5%8D%97%E4%BA%AC%E4%B8%80%E5%BA%97/data=!4m7!3m6!1s0x3442a9666e9f721d:0x8aefbd57ef6d5d45!8m2!3d25.0518598!4d121.5273867!16s%2Fg%2F11b7cqtsy0!19sChIJHXKfbmapQjQRRV1t71e974o?authuser=0&hl=zh-TW&rclk=1,0x3442a9666e9f721d:0x8aefbd57ef6d5d45
1138,Shih-hsin Wang,4,1 年前,"服務友善，餐點好吃，整體用餐感覺不錯。

",2022-11-21,https://www.google.com.tw/maps/place/%E7%AF%89%E9%96%93%E5%B9%B8%E7%A6%8F%E9%8D%8B%E7%89%A9+%E5%8F%B0%E5%8C%97%E5%8D%97%E4%BA%AC%E4%B8%80%E5%BA%97/data=!4m7!3m6!1s0x3442a9666e9f721d:0x8aefbd57ef6d5d45!8m2!3d25.0518598!4d121.5273867!16s%2Fg%2F11b7cqtsy0!19sChIJHXKfbmapQjQRRV1t71e974o?authuser=0&hl=zh-TW&rclk=1,0x3442a9666e9f721d:0x8aefbd57ef6d5d45
1139,Zackkkery Chen,5,1 年前,"蕭讚 服務一百分

",2022-11-21,https://www.google.com.tw/maps/place/%E7%AF%89%E9%96%93%E5%B9%B8%E7%A6%8F%E9%8D%8B%E7%89%A9+%E5%8F%B0%E5%8C%97%E5%8D%97%E4%BA%AC%E4%B8%80%E5%BA%97/data=!4m7!3m6!1s0x3442a9666e9f721d:0x8aefbd57ef6d5d45!8m2!3d25.0518598!4d121.5273867!16s%2Fg%2F11b7cqtsy0!19sChIJHXKfbmapQjQRRV1t71e974o?authuser=0&hl=zh-TW&rclk=1,0x3442a9666e9f721d:0x8aefbd57ef6d5d45
1140,Jeffrey,5,1 年前,"店員服務態度很棒 會在二訪

",2022-11-21,https://www.google.com.tw/maps/place/%E7%AF%89%E9%96%93%E5%B9%B8%E7%A6%8F%E9%8D%8B%E7%89%A9+%E5%8F%B0%E5%8C%97%E5%8D%97%E4%BA%AC%E4%B8%80%E5%BA%97/data=!4m7!3m6!1s0x3442a9666e9f721d:0x8aefbd57ef6d5d45!8m2!3d25.0518598!4d121.5273867!16s%2Fg%2F11b7cqtsy0!19sChIJHXKfbmapQjQRRV1t71e974o?authuser=0&hl=zh-TW&rclk=1,0x3442a9666e9f721d:0x8aefbd57ef6d5d45
1141,Yuu.___,5,1 年前,"超級愛吃！服務態度也很好！

",2022-11-21,https://www.google.com.tw/maps/place/%E7%AF%89%E9%96%93%E5%B9%B8%E7%A6%8F%E9%8D%8B%E7%89%A9+%E5%8F%B0%E5%8C%97%E5%8D%97%E4%BA%AC%E4%B8%80%E5%BA%97/data=!4m7!3m6!1s0x3442a9666e9f721d:0x8aefbd57ef6d5d45!8m2!3d25.0518598!4d121.5273867!16s%2Fg%2F11b7cqtsy0!19sChIJHXKfbmapQjQRRV1t71e974o?authuser=0&hl=zh-TW&rclk=1,0x3442a9666e9f721d:0x8aefbd57ef6d5d45
1142,frank tsai (meng),5,1 年前,"好吃

",2022-11-21,https://www.google.com.tw/maps/place/%E7%AF%89%E9%96%93%E5%B9%B8%E7%A6%8F%E9%8D%8B%E7%89%A9+%E5%8F%B0%E5%8C%97%E5%8D%97%E4%BA%AC%E4%B8%80%E5%BA%97/data=!4m7!3m6!1s0x3442a9666e9f721d:0x8aefbd57ef6d5d45!8m2!3d25.0518598!4d121.5273867!16s%2Fg%2F11b7cqtsy0!19sChIJHXKfbmapQjQRRV1t71e974o?authuser=0&hl=zh-TW&rclk=1,0x3442a9666e9f721d:0x8aefbd57ef6d5d45
1143,陳昱靜,5,1 年前,"有霜淇淋的築間超級加分  
服務人員的服務態度很好！

",2022-11-21,https://www.google.com.tw/maps/place/%E7%AF%89%E9%96%93%E5%B9%B8%E7%A6%8F%E9%8D%8B%E7%89%A9+%E5%8F%B0%E5%8C%97%E5%8D%97%E4%BA%AC%E4%B8%80%E5%BA%97/data=!4m7!3m6!1s0x3442a9666e9f721d:0x8aefbd57ef6d5d45!8m2!3d25.0518598!4d121.5273867!16s%2Fg%2F11b7cqtsy0!19sChIJHXKfbmapQjQRRV1t71e974o?authuser=0&hl=zh-TW&rclk=1,0x3442a9666e9f721d:0x8aefbd57ef6d5d45
1144,貝貝,5,1 年前,"店員很nice

",2022-11-21,https://www.google.com.tw/maps/place/%E7%AF%89%E9%96%93%E5%B9%B8%E7%A6%8F%E9%8D%8B%E7%89%A9+%E5%8F%B0%E5%8C%97%E5%8D%97%E4%BA%AC%E4%B8%80%E5%BA%97/data=!4m7!3m6!1s0x3442a9666e9f721d:0x8aefbd57ef6d5d45!8m2!3d25.0518598!4d121.5273867!16s%2Fg%2F11b7cqtsy0!19sChIJHXKfbmapQjQRRV1t71e974o?authuser=0&hl=zh-TW&rclk=1,0x3442a9666e9f721d:0x8aefbd57ef6d5d45
1145,立花きくな,5,1 年前,,2022-11-21,https://www.google.com.tw/maps/place/%E7%AF%89%E9%96%93%E5%B9%B8%E7%A6%8F%E9%8D%8B%E7%89%A9+%E5%8F%B0%E5%8C%97%E5%8D%97%E4%BA%AC%E4%B8%80%E5%BA%97/data=!4m7!3m6!1s0x3442a9666e9f721d:0x8aefbd57ef6d5d45!8m2!3d25.0518598!4d121.5273867!16s%2Fg%2F11b7cqtsy0!19sChIJHXKfbmapQjQRRV1t71e974o?authuser=0&hl=zh-TW&rclk=1,0x3442a9666e9f721d:0x8aefbd57ef6d5d45
1146,許凱崴,5,1 年前,"不錯吃

",2022-11-21,https://www.google.com.tw/maps/place/%E7%AF%89%E9%96%93%E5%B9%B8%E7%A6%8F%E9%8D%8B%E7%89%A9+%E5%8F%B0%E5%8C%97%E5%8D%97%E4%BA%AC%E4%B8%80%E5%BA%97/data=!4m7!3m6!1s0x3442a9666e9f721d:0x8aefbd57ef6d5d45!8m2!3d25.0518598!4d121.5273867!16s%2Fg%2F11b7cqtsy0!19sChIJHXKfbmapQjQRRV1t71e974o?authuser=0&hl=zh-TW&rclk=1,0x3442a9666e9f721d:0x8aefbd57ef6d5d45
1147,舒惟莊,5,1 年前,"店員俞俞很美 服務很好

",2022-11-21,https://www.google.com.tw/maps/place/%E7%AF%89%E9%96%93%E5%B9%B8%E7%A6%8F%E9%8D%8B%E7%89%A9+%E5%8F%B0%E5%8C%97%E5%8D%97%E4%BA%AC%E4%B8%80%E5%BA%97/data=!4m7!3m6!1s0x3442a9666e9f721d:0x8aefbd57ef6d5d45!8m2!3d25.0518598!4d121.5273867!16s%2Fg%2F11b7cqtsy0!19sChIJHXKfbmapQjQRRV1t71e974o?authuser=0&hl=zh-TW&rclk=1,0x3442a9666e9f721d:0x8aefbd57ef6d5d45
1148,李思靚,5,1 年前,"服務人員非常親切

",2022-11-21,https://www.google.com.tw/maps/place/%E7%AF%89%E9%96%93%E5%B9%B8%E7%A6%8F%E9%8D%8B%E7%89%A9+%E5%8F%B0%E5%8C%97%E5%8D%97%E4%BA%AC%E4%B8%80%E5%BA%97/data=!4m7!3m6!1s0x3442a9666e9f721d:0x8aefbd57ef6d5d45!8m2!3d25.0518598!4d121.5273867!16s%2Fg%2F11b7cqtsy0!19sChIJHXKfbmapQjQRRV1t71e974o?authuser=0&hl=zh-TW&rclk=1,0x3442a9666e9f721d:0x8aefbd57ef6d5d45
1149,詹雅婷,5,1 年前,"很好吃 俞俞服務很好

",2022-11-21,https://www.google.com.tw/maps/place/%E7%AF%89%E9%96%93%E5%B9%B8%E7%A6%8F%E9%8D%8B%E7%89%A9+%E5%8F%B0%E5%8C%97%E5%8D%97%E4%BA%AC%E4%B8%80%E5%BA%97/data=!4m7!3m6!1s0x3442a9666e9f721d:0x8aefbd57ef6d5d45!8m2!3d25.0518598!4d121.5273867!16s%2Fg%2F11b7cqtsy0!19sChIJHXKfbmapQjQRRV1t71e974o?authuser=0&hl=zh-TW&rclk=1,0x3442a9666e9f721d:0x8aefbd57ef6d5d45
1150,陳娃兒,4,1 年前,"東西很好吃，食物很新鮮，服務也很好，唯一不好的是餐具很多都沒洗乾淨

",2022-11-21,https://www.google.com.tw/maps/place/%E7%AF%89%E9%96%93%E5%B9%B8%E7%A6%8F%E9%8D%8B%E7%89%A9+%E5%8F%B0%E5%8C%97%E5%8D%97%E4%BA%AC%E4%B8%80%E5%BA%97/data=!4m7!3m6!1s0x3442a9666e9f721d:0x8aefbd57ef6d5d45!8m2!3d25.0518598!4d121.5273867!16s%2Fg%2F11b7cqtsy0!19sChIJHXKfbmapQjQRRV1t71e974o?authuser=0&hl=zh-TW&rclk=1,0x3442a9666e9f721d:0x8aefbd57ef6d5d45
1151,YR1005C,4,1 年前,"東西好吃，香菇牛奶鍋濃郁  
服務親切，食材新鮮  
還有各式飲料跟明治冰淇淋  
座位偏擁擠

",2022-11-21,https://www.google.com.tw/maps/place/%E7%AF%89%E9%96%93%E5%B9%B8%E7%A6%8F%E9%8D%8B%E7%89%A9+%E5%8F%B0%E5%8C%97%E5%8D%97%E4%BA%AC%E4%B8%80%E5%BA%97/data=!4m7!3m6!1s0x3442a9666e9f721d:0x8aefbd57ef6d5d45!8m2!3d25.0518598!4d121.5273867!16s%2Fg%2F11b7cqtsy0!19sChIJHXKfbmapQjQRRV1t71e974o?authuser=0&hl=zh-TW&rclk=1,0x3442a9666e9f721d:0x8aefbd57ef6d5d45
1152,Mica Lin,5,1 年前,"肉很多，飲品種類也是  
體驗很好～ 也很愛這個品牌的餐廳

",2022-11-21,https://www.google.com.tw/maps/place/%E7%AF%89%E9%96%93%E5%B9%B8%E7%A6%8F%E9%8D%8B%E7%89%A9+%E5%8F%B0%E5%8C%97%E5%8D%97%E4%BA%AC%E4%B8%80%E5%BA%97/data=!4m7!3m6!1s0x3442a9666e9f721d:0x8aefbd57ef6d5d45!8m2!3d25.0518598!4d121.5273867!16s%2Fg%2F11b7cqtsy0!19sChIJHXKfbmapQjQRRV1t71e974o?authuser=0&hl=zh-TW&rclk=1,0x3442a9666e9f721d:0x8aefbd57ef6d5d45
1153,Alex Tso,5,1 年前,,2022-11-21,https://www.google.com.tw/maps/place/%E7%AF%89%E9%96%93%E5%B9%B8%E7%A6%8F%E9%8D%8B%E7%89%A9+%E5%8F%B0%E5%8C%97%E5%8D%97%E4%BA%AC%E4%B8%80%E5%BA%97/data=!4m7!3m6!1s0x3442a9666e9f721d:0x8aefbd57ef6d5d45!8m2!3d25.0518598!4d121.5273867!16s%2Fg%2F11b7cqtsy0!19sChIJHXKfbmapQjQRRV1t71e974o?authuser=0&hl=zh-TW&rclk=1,0x3442a9666e9f721d:0x8aefbd57ef6d5d45
1154,Mr.Steak牛排先生,5,1 年前,"慧俞 宥萱 認真負責有禮 希望繼續保持

",2022-11-21,https://www.google.com.tw/maps/place/%E7%AF%89%E9%96%93%E5%B9%B8%E7%A6%8F%E9%8D%8B%E7%89%A9+%E5%8F%B0%E5%8C%97%E5%8D%97%E4%BA%AC%E4%B8%80%E5%BA%97/data=!4m7!3m6!1s0x3442a9666e9f721d:0x8aefbd57ef6d5d45!8m2!3d25.0518598!4d121.5273867!16s%2Fg%2F11b7cqtsy0!19sChIJHXKfbmapQjQRRV1t71e974o?authuser=0&hl=zh-TW&rclk=1,0x3442a9666e9f721d:0x8aefbd57ef6d5d45
1155,johnson (一碗牛肉麵),4,1 年前,,2022-11-21,https://www.google.com.tw/maps/place/%E7%AF%89%E9%96%93%E5%B9%B8%E7%A6%8F%E9%8D%8B%E7%89%A9+%E5%8F%B0%E5%8C%97%E5%8D%97%E4%BA%AC%E4%B8%80%E5%BA%97/data=!4m7!3m6!1s0x3442a9666e9f721d:0x8aefbd57ef6d5d45!8m2!3d25.0518598!4d121.5273867!16s%2Fg%2F11b7cqtsy0!19sChIJHXKfbmapQjQRRV1t71e974o?authuser=0&hl=zh-TW&rclk=1,0x3442a9666e9f721d:0x8aefbd57ef6d5d45
1156,趙意思,5,1 年前,,2022-11-21,https://www.google.com.tw/maps/place/%E7%AF%89%E9%96%93%E5%B9%B8%E7%A6%8F%E9%8D%8B%E7%89%A9+%E5%8F%B0%E5%8C%97%E5%8D%97%E4%BA%AC%E4%B8%80%E5%BA%97/data=!4m7!3m6!1s0x3442a9666e9f721d:0x8aefbd57ef6d5d45!8m2!3d25.0518598!4d121.5273867!16s%2Fg%2F11b7cqtsy0!19sChIJHXKfbmapQjQRRV1t71e974o?authuser=0&hl=zh-TW&rclk=1,0x3442a9666e9f721d:0x8aefbd57ef6d5d45
1157,Tay Jocelyn,3,1 年前,"吃過各家分店 築間真的很推  
但不推這間店的店員  
雞肉上黏著一隻蟲 跟店員說 她加完湯之後就直接把整盤肉拿走 期間完全不發一語  
沒有要求說要道歉或補償什麼的 但至少可以說句幫你看一下？  
上肉的時候也沒講話 後來才補一句這是新的喔

",2022-11-21,https://www.google.com.tw/maps/place/%E7%AF%89%E9%96%93%E5%B9%B8%E7%A6%8F%E9%8D%8B%E7%89%A9+%E5%8F%B0%E5%8C%97%E5%8D%97%E4%BA%AC%E4%B8%80%E5%BA%97/data=!4m7!3m6!1s0x3442a9666e9f721d:0x8aefbd57ef6d5d45!8m2!3d25.0518598!4d121.5273867!16s%2Fg%2F11b7cqtsy0!19sChIJHXKfbmapQjQRRV1t71e974o?authuser=0&hl=zh-TW&rclk=1,0x3442a9666e9f721d:0x8aefbd57ef6d5d45
1158,簡嘉宏,5,1 年前,,2022-11-21,https://www.google.com.tw/maps/place/%E7%AF%89%E9%96%93%E5%B9%B8%E7%A6%8F%E9%8D%8B%E7%89%A9+%E5%8F%B0%E5%8C%97%E5%8D%97%E4%BA%AC%E4%B8%80%E5%BA%97/data=!4m7!3m6!1s0x3442a9666e9f721d:0x8aefbd57ef6d5d45!8m2!3d25.0518598!4d121.5273867!16s%2Fg%2F11b7cqtsy0!19sChIJHXKfbmapQjQRRV1t71e974o?authuser=0&hl=zh-TW&rclk=1,0x3442a9666e9f721d:0x8aefbd57ef6d5d45
1159,黃紫煖,5,1 年前,,2022-11-21,https://www.google.com.tw/maps/place/%E7%AF%89%E9%96%93%E5%B9%B8%E7%A6%8F%E9%8D%8B%E7%89%A9+%E5%8F%B0%E5%8C%97%E5%8D%97%E4%BA%AC%E4%B8%80%E5%BA%97/data=!4m7!3m6!1s0x3442a9666e9f721d:0x8aefbd57ef6d5d45!8m2!3d25.0518598!4d121.5273867!16s%2Fg%2F11b7cqtsy0!19sChIJHXKfbmapQjQRRV1t71e974o?authuser=0&hl=zh-TW&rclk=1,0x3442a9666e9f721d:0x8aefbd57ef6d5d45
1160,陳品家,5,1 年前,"每次來有一位服務人員特別親切，打聽她的名字叫Echo，要好好表揚一下

",2022-11-21,https://www.google.com.tw/maps/place/%E7%AF%89%E9%96%93%E5%B9%B8%E7%A6%8F%E9%8D%8B%E7%89%A9+%E5%8F%B0%E5%8C%97%E5%8D%97%E4%BA%AC%E4%B8%80%E5%BA%97/data=!4m7!3m6!1s0x3442a9666e9f721d:0x8aefbd57ef6d5d45!8m2!3d25.0518598!4d121.5273867!16s%2Fg%2F11b7cqtsy0!19sChIJHXKfbmapQjQRRV1t71e974o?authuser=0&hl=zh-TW&rclk=1,0x3442a9666e9f721d:0x8aefbd57ef6d5d45
1161,李竑漢,5,1 年前,"好吃 推推

",2022-11-21,https://www.google.com.tw/maps/place/%E7%AF%89%E9%96%93%E5%B9%B8%E7%A6%8F%E9%8D%8B%E7%89%A9+%E5%8F%B0%E5%8C%97%E5%8D%97%E4%BA%AC%E4%B8%80%E5%BA%97/data=!4m7!3m6!1s0x3442a9666e9f721d:0x8aefbd57ef6d5d45!8m2!3d25.0518598!4d121.5273867!16s%2Fg%2F11b7cqtsy0!19sChIJHXKfbmapQjQRRV1t71e974o?authuser=0&hl=zh-TW&rclk=1,0x3442a9666e9f721d:0x8aefbd57ef6d5d45
1162,小杰,5,1 年前,"每次來都吃牛奶鍋 真的是很棒 小肥牛真的是很好吃～^_^

",2022-11-21,https://www.google.com.tw/maps/place/%E7%AF%89%E9%96%93%E5%B9%B8%E7%A6%8F%E9%8D%8B%E7%89%A9+%E5%8F%B0%E5%8C%97%E5%8D%97%E4%BA%AC%E4%B8%80%E5%BA%97/data=!4m7!3m6!1s0x3442a9666e9f721d:0x8aefbd57ef6d5d45!8m2!3d25.0518598!4d121.5273867!16s%2Fg%2F11b7cqtsy0!19sChIJHXKfbmapQjQRRV1t71e974o?authuser=0&hl=zh-TW&rclk=1,0x3442a9666e9f721d:0x8aefbd57ef6d5d45
1163,辰辰,3,1 年前,,2022-11-21,https://www.google.com.tw/maps/place/%E7%AF%89%E9%96%93%E5%B9%B8%E7%A6%8F%E9%8D%8B%E7%89%A9+%E5%8F%B0%E5%8C%97%E5%8D%97%E4%BA%AC%E4%B8%80%E5%BA%97/data=!4m7!3m6!1s0x3442a9666e9f721d:0x8aefbd57ef6d5d45!8m2!3d25.0518598!4d121.5273867!16s%2Fg%2F11b7cqtsy0!19sChIJHXKfbmapQjQRRV1t71e974o?authuser=0&hl=zh-TW&rclk=1,0x3442a9666e9f721d:0x8aefbd57ef6d5d45
1164,yu,4,1 年前,"築間一如往常的好吃  
  
價格也算是非常適中  
  
集團新開的日暮裏  
  
相對於築間來說，就遜色了些

",2022-11-21,https://www.google.com.tw/maps/place/%E7%AF%89%E9%96%93%E5%B9%B8%E7%A6%8F%E9%8D%8B%E7%89%A9+%E5%8F%B0%E5%8C%97%E5%8D%97%E4%BA%AC%E4%B8%80%E5%BA%97/data=!4m7!3m6!1s0x3442a9666e9f721d:0x8aefbd57ef6d5d45!8m2!3d25.0518598!4d121.5273867!16s%2Fg%2F11b7cqtsy0!19sChIJHXKfbmapQjQRRV1t71e974o?authuser=0&hl=zh-TW&rclk=1,0x3442a9666e9f721d:0x8aefbd57ef6d5d45
1165,l Evonne,5,1 年前,,2022-11-21,https://www.google.com.tw/maps/place/%E7%AF%89%E9%96%93%E5%B9%B8%E7%A6%8F%E9%8D%8B%E7%89%A9+%E5%8F%B0%E5%8C%97%E5%8D%97%E4%BA%AC%E4%B8%80%E5%BA%97/data=!4m7!3m6!1s0x3442a9666e9f721d:0x8aefbd57ef6d5d45!8m2!3d25.0518598!4d121.5273867!16s%2Fg%2F11b7cqtsy0!19sChIJHXKfbmapQjQRRV1t71e974o?authuser=0&hl=zh-TW&rclk=1,0x3442a9666e9f721d:0x8aefbd57ef6d5d45
1166,Lucky Hsieh,1,1 年前,"很不愉快的用餐體驗！店家處理問題的態度很有問題！  
首先店門口沒有任何不能攜帶寵物入內的標示，進去之後直到點餐，店員才說寵物要放在門口，因為有些客人會寵物過敏，我同意了。  
但是怕在門口會有人逗狗玩，我說寵物放背包裏一起放櫃檯地上，店家同意並且協助放入收銀台地上。  
  
點完餐、菜上桌，吃不到五分鐘店員來說有客人投訴有狗他們要檢舉，要我過去處理。  
過去之後一直要我安撫狗，我的狗有點分離焦慮，沒看到人會偶爾嗚嗚呢喃，店員說萬一被查到要罰錢，最後實在是不知道該如何處理...覺得滿委屈的，只能決定我就不吃了直接去門口等其他家人用完餐付錢離開。  
  
其實如果店家不能接受寵物，在門口你寫清楚，在我們點餐的時候，你說不接受，我也不會為難店家，會直接離開去找別的東西吃。附近吃的東西很多，找個可以去用餐的店家也不會太難！  
  
但是店家讓放完狗又讓我點完餐之後上完餐，有別的客人說你們才說這些，讓我感覺你們做事很投機取巧，是不是因為看我們是五個人用餐想賺這個錢，才忽略你說你們餐廳不能帶狗用餐，直到有別的客人說要檢舉你們，才趕緊來強調你們的用餐規則？？  
  
其實來用餐很多次，這次讓我心情特別很不好受。  
建議帶著寵物家人要來用餐的人，進來先問清楚店家的用餐規則。

",2022-11-21,https://www.google.com.tw/maps/place/%E7%AF%89%E9%96%93%E5%B9%B8%E7%A6%8F%E9%8D%8B%E7%89%A9+%E5%8F%B0%E5%8C%97%E5%8D%97%E4%BA%AC%E4%B8%80%E5%BA%97/data=!4m7!3m6!1s0x3442a9666e9f721d:0x8aefbd57ef6d5d45!8m2!3d25.0518598!4d121.5273867!16s%2Fg%2F11b7cqtsy0!19sChIJHXKfbmapQjQRRV1t71e974o?authuser=0&hl=zh-TW&rclk=1,0x3442a9666e9f721d:0x8aefbd57ef6d5d45
1167,Chema Garcia Riera,5,1 年前,"(由 Google 提供翻譯) 非常好  
  
(原始評論)  
Very nice

",2022-11-21,https://www.google.com.tw/maps/place/%E7%AF%89%E9%96%93%E5%B9%B8%E7%A6%8F%E9%8D%8B%E7%89%A9+%E5%8F%B0%E5%8C%97%E5%8D%97%E4%BA%AC%E4%B8%80%E5%BA%97/data=!4m7!3m6!1s0x3442a9666e9f721d:0x8aefbd57ef6d5d45!8m2!3d25.0518598!4d121.5273867!16s%2Fg%2F11b7cqtsy0!19sChIJHXKfbmapQjQRRV1t71e974o?authuser=0&hl=zh-TW&rclk=1,0x3442a9666e9f721d:0x8aefbd57ef6d5d45
1168,Jessica,5,1 年前,"全時段都很忙碌 但服務態度都很好  
來店4次 都是Echo服務 態度很好也很認真

",2022-11-21,https://www.google.com.tw/maps/place/%E7%AF%89%E9%96%93%E5%B9%B8%E7%A6%8F%E9%8D%8B%E7%89%A9+%E5%8F%B0%E5%8C%97%E5%8D%97%E4%BA%AC%E4%B8%80%E5%BA%97/data=!4m7!3m6!1s0x3442a9666e9f721d:0x8aefbd57ef6d5d45!8m2!3d25.0518598!4d121.5273867!16s%2Fg%2F11b7cqtsy0!19sChIJHXKfbmapQjQRRV1t71e974o?authuser=0&hl=zh-TW&rclk=1,0x3442a9666e9f721d:0x8aefbd57ef6d5d45
1169,Austin Chen,5,1 年前,"CP值高！服務好！慧愉讚！

",2022-11-21,https://www.google.com.tw/maps/place/%E7%AF%89%E9%96%93%E5%B9%B8%E7%A6%8F%E9%8D%8B%E7%89%A9+%E5%8F%B0%E5%8C%97%E5%8D%97%E4%BA%AC%E4%B8%80%E5%BA%97/data=!4m7!3m6!1s0x3442a9666e9f721d:0x8aefbd57ef6d5d45!8m2!3d25.0518598!4d121.5273867!16s%2Fg%2F11b7cqtsy0!19sChIJHXKfbmapQjQRRV1t71e974o?authuser=0&hl=zh-TW&rclk=1,0x3442a9666e9f721d:0x8aefbd57ef6d5d45
1170,張鐸,5,1 年前,,2022-11-21,https://www.google.com.tw/maps/place/%E7%AF%89%E9%96%93%E5%B9%B8%E7%A6%8F%E9%8D%8B%E7%89%A9+%E5%8F%B0%E5%8C%97%E5%8D%97%E4%BA%AC%E4%B8%80%E5%BA%97/data=!4m7!3m6!1s0x3442a9666e9f721d:0x8aefbd57ef6d5d45!8m2!3d25.0518598!4d121.5273867!16s%2Fg%2F11b7cqtsy0!19sChIJHXKfbmapQjQRRV1t71e974o?authuser=0&hl=zh-TW&rclk=1,0x3442a9666e9f721d:0x8aefbd57ef6d5d45
1171,許雯,5,1 年前,"(由 Google 提供翻譯) 好的  
  
(原始評論)  
Good

",2022-11-21,https://www.google.com.tw/maps/place/%E7%AF%89%E9%96%93%E5%B9%B8%E7%A6%8F%E9%8D%8B%E7%89%A9+%E5%8F%B0%E5%8C%97%E5%8D%97%E4%BA%AC%E4%B8%80%E5%BA%97/data=!4m7!3m6!1s0x3442a9666e9f721d:0x8aefbd57ef6d5d45!8m2!3d25.0518598!4d121.5273867!16s%2Fg%2F11b7cqtsy0!19sChIJHXKfbmapQjQRRV1t71e974o?authuser=0&hl=zh-TW&rclk=1,0x3442a9666e9f721d:0x8aefbd57ef6d5d45
1172,hana lee,5,1 年前,"好吃！值得再訪～

",2022-11-21,https://www.google.com.tw/maps/place/%E7%AF%89%E9%96%93%E5%B9%B8%E7%A6%8F%E9%8D%8B%E7%89%A9+%E5%8F%B0%E5%8C%97%E5%8D%97%E4%BA%AC%E4%B8%80%E5%BA%97/data=!4m7!3m6!1s0x3442a9666e9f721d:0x8aefbd57ef6d5d45!8m2!3d25.0518598!4d121.5273867!16s%2Fg%2F11b7cqtsy0!19sChIJHXKfbmapQjQRRV1t71e974o?authuser=0&hl=zh-TW&rclk=1,0x3442a9666e9f721d:0x8aefbd57ef6d5d45
1173,Willie Tseng,5,1 年前,"C/P值超高。

",2022-11-21,https://www.google.com.tw/maps/place/%E7%AF%89%E9%96%93%E5%B9%B8%E7%A6%8F%E9%8D%8B%E7%89%A9+%E5%8F%B0%E5%8C%97%E5%8D%97%E4%BA%AC%E4%B8%80%E5%BA%97/data=!4m7!3m6!1s0x3442a9666e9f721d:0x8aefbd57ef6d5d45!8m2!3d25.0518598!4d121.5273867!16s%2Fg%2F11b7cqtsy0!19sChIJHXKfbmapQjQRRV1t71e974o?authuser=0&hl=zh-TW&rclk=1,0x3442a9666e9f721d:0x8aefbd57ef6d5d45
1174,彤彤,2,1 年前,"老佛爺御膳湯底有點油膩，喝起來像四神湯的味道⋯菜盤算豐富有誠意，伊比利豬好吃  
服務也很親切～下次想試試不同的湯底～有辦會員的制度算滿划算的～宵夜好去處。霜淇淋有點不合胃口⋯感覺有化學味道的感覺

",2022-11-21,https://www.google.com.tw/maps/place/%E7%AF%89%E9%96%93%E5%B9%B8%E7%A6%8F%E9%8D%8B%E7%89%A9+%E5%8F%B0%E5%8C%97%E5%8D%97%E4%BA%AC%E4%B8%80%E5%BA%97/data=!4m7!3m6!1s0x3442a9666e9f721d:0x8aefbd57ef6d5d45!8m2!3d25.0518598!4d121.5273867!16s%2Fg%2F11b7cqtsy0!19sChIJHXKfbmapQjQRRV1t71e974o?authuser=0&hl=zh-TW&rclk=1,0x3442a9666e9f721d:0x8aefbd57ef6d5d45
1175,Vanessa Pan,4,1 年前,"價位不便宜的一家火鍋店  
共鍋需要滿600元  
覺得價位偏高  
蔬菜盤2人有點吃不夠  
湯底中規中矩  
內用需加10%的服務費！

",2022-11-21,https://www.google.com.tw/maps/place/%E7%AF%89%E9%96%93%E5%B9%B8%E7%A6%8F%E9%8D%8B%E7%89%A9+%E5%8F%B0%E5%8C%97%E5%8D%97%E4%BA%AC%E4%B8%80%E5%BA%97/data=!4m7!3m6!1s0x3442a9666e9f721d:0x8aefbd57ef6d5d45!8m2!3d25.0518598!4d121.5273867!16s%2Fg%2F11b7cqtsy0!19sChIJHXKfbmapQjQRRV1t71e974o?authuser=0&hl=zh-TW&rclk=1,0x3442a9666e9f721d:0x8aefbd57ef6d5d45
1176,李季龍,5,1 年前,"今天跟女友來用餐～食物好吃，服務人員很親切，俞俞跟逸寧都會留意我們的需求，很貼心，謝謝你們！

",2022-11-21,https://www.google.com.tw/maps/place/%E7%AF%89%E9%96%93%E5%B9%B8%E7%A6%8F%E9%8D%8B%E7%89%A9+%E5%8F%B0%E5%8C%97%E5%8D%97%E4%BA%AC%E4%B8%80%E5%BA%97/data=!4m7!3m6!1s0x3442a9666e9f721d:0x8aefbd57ef6d5d45!8m2!3d25.0518598!4d121.5273867!16s%2Fg%2F11b7cqtsy0!19sChIJHXKfbmapQjQRRV1t71e974o?authuser=0&hl=zh-TW&rclk=1,0x3442a9666e9f721d:0x8aefbd57ef6d5d45
1177,林婷萱,5,1 年前,"俞俞服務很棒 餐點品質很讚

",2022-11-21,https://www.google.com.tw/maps/place/%E7%AF%89%E9%96%93%E5%B9%B8%E7%A6%8F%E9%8D%8B%E7%89%A9+%E5%8F%B0%E5%8C%97%E5%8D%97%E4%BA%AC%E4%B8%80%E5%BA%97/data=!4m7!3m6!1s0x3442a9666e9f721d:0x8aefbd57ef6d5d45!8m2!3d25.0518598!4d121.5273867!16s%2Fg%2F11b7cqtsy0!19sChIJHXKfbmapQjQRRV1t71e974o?authuser=0&hl=zh-TW&rclk=1,0x3442a9666e9f721d:0x8aefbd57ef6d5d45
1178,林佳瑜,5,1 年前,"

",2022-11-21,https://www.google.com.tw/maps/place/%E7%AF%89%E9%96%93%E5%B9%B8%E7%A6%8F%E9%8D%8B%E7%89%A9+%E5%8F%B0%E5%8C%97%E5%8D%97%E4%BA%AC%E4%B8%80%E5%BA%97/data=!4m7!3m6!1s0x3442a9666e9f721d:0x8aefbd57ef6d5d45!8m2!3d25.0518598!4d121.5273867!16s%2Fg%2F11b7cqtsy0!19sChIJHXKfbmapQjQRRV1t71e974o?authuser=0&hl=zh-TW&rclk=1,0x3442a9666e9f721d:0x8aefbd57ef6d5d45
1179,徐子涵,5,1 年前,"讚

",2022-11-21,https://www.google.com.tw/maps/place/%E7%AF%89%E9%96%93%E5%B9%B8%E7%A6%8F%E9%8D%8B%E7%89%A9+%E5%8F%B0%E5%8C%97%E5%8D%97%E4%BA%AC%E4%B8%80%E5%BA%97/data=!4m7!3m6!1s0x3442a9666e9f721d:0x8aefbd57ef6d5d45!8m2!3d25.0518598!4d121.5273867!16s%2Fg%2F11b7cqtsy0!19sChIJHXKfbmapQjQRRV1t71e974o?authuser=0&hl=zh-TW&rclk=1,0x3442a9666e9f721d:0x8aefbd57ef6d5d45
1180,Abby Su,5,1 年前,"肉質很好，湯頭也很棒的火鍋店

",2022-11-21,https://www.google.com.tw/maps/place/%E7%AF%89%E9%96%93%E5%B9%B8%E7%A6%8F%E9%8D%8B%E7%89%A9+%E5%8F%B0%E5%8C%97%E5%8D%97%E4%BA%AC%E4%B8%80%E5%BA%97/data=!4m7!3m6!1s0x3442a9666e9f721d:0x8aefbd57ef6d5d45!8m2!3d25.0518598!4d121.5273867!16s%2Fg%2F11b7cqtsy0!19sChIJHXKfbmapQjQRRV1t71e974o?authuser=0&hl=zh-TW&rclk=1,0x3442a9666e9f721d:0x8aefbd57ef6d5d45
1181,Amy Weng,5,1 年前,"改版之後第一次來，自助區東西感覺有變多，湯頭一樣香濃，還沒下料就直接先撈了兩碗喝❤服務員態度也很親切，特別是慧俞~

",2022-11-21,https://www.google.com.tw/maps/place/%E7%AF%89%E9%96%93%E5%B9%B8%E7%A6%8F%E9%8D%8B%E7%89%A9+%E5%8F%B0%E5%8C%97%E5%8D%97%E4%BA%AC%E4%B8%80%E5%BA%97/data=!4m7!3m6!1s0x3442a9666e9f721d:0x8aefbd57ef6d5d45!8m2!3d25.0518598!4d121.5273867!16s%2Fg%2F11b7cqtsy0!19sChIJHXKfbmapQjQRRV1t71e974o?authuser=0&hl=zh-TW&rclk=1,0x3442a9666e9f721d:0x8aefbd57ef6d5d45
1182,胡沛晴,5,1 年前,"岑珈

",2022-11-21,https://www.google.com.tw/maps/place/%E7%AF%89%E9%96%93%E5%B9%B8%E7%A6%8F%E9%8D%8B%E7%89%A9+%E5%8F%B0%E5%8C%97%E5%8D%97%E4%BA%AC%E4%B8%80%E5%BA%97/data=!4m7!3m6!1s0x3442a9666e9f721d:0x8aefbd57ef6d5d45!8m2!3d25.0518598!4d121.5273867!16s%2Fg%2F11b7cqtsy0!19sChIJHXKfbmapQjQRRV1t71e974o?authuser=0&hl=zh-TW&rclk=1,0x3442a9666e9f721d:0x8aefbd57ef6d5d45
1183,吳佳真,5,1 年前,"育如好棒

",2022-11-21,https://www.google.com.tw/maps/place/%E7%AF%89%E9%96%93%E5%B9%B8%E7%A6%8F%E9%8D%8B%E7%89%A9+%E5%8F%B0%E5%8C%97%E5%8D%97%E4%BA%AC%E4%B8%80%E5%BA%97/data=!4m7!3m6!1s0x3442a9666e9f721d:0x8aefbd57ef6d5d45!8m2!3d25.0518598!4d121.5273867!16s%2Fg%2F11b7cqtsy0!19sChIJHXKfbmapQjQRRV1t71e974o?authuser=0&hl=zh-TW&rclk=1,0x3442a9666e9f721d:0x8aefbd57ef6d5d45
1184,李財量,5,1 年前,"育如服務態度親切良好，推薦聚餐好地方。

",2022-11-21,https://www.google.com.tw/maps/place/%E7%AF%89%E9%96%93%E5%B9%B8%E7%A6%8F%E9%8D%8B%E7%89%A9+%E5%8F%B0%E5%8C%97%E5%8D%97%E4%BA%AC%E4%B8%80%E5%BA%97/data=!4m7!3m6!1s0x3442a9666e9f721d:0x8aefbd57ef6d5d45!8m2!3d25.0518598!4d121.5273867!16s%2Fg%2F11b7cqtsy0!19sChIJHXKfbmapQjQRRV1t71e974o?authuser=0&hl=zh-TW&rclk=1,0x3442a9666e9f721d:0x8aefbd57ef6d5d45
1185,蘇育萱,5,1 年前,"3/26晚上用餐  
電話很難打進去，平日下午和晚上都轉接語音信箱，也不是在通話中，所以建議訂位要早一點打碰運氣～座位的部分有點擠，但是併桌還是有隔板！  
因為有ATM的領貨券送了兩份肉，整體吃的很飽！而且擺盤也很精緻 ‍♀️很喜歡羊肉，羊騷味沒有很重，肉質非常嫩。雞肉煮比較久但也不會柴！  
湯底雖然要另外加價，但真的很好喝～推牛髓湯和胡椒豬骨湯，牛髓湯很順口，味道不會太重卻又喝得到牛肉的香甜；胡椒豬骨不會太辣，但口味比較重一點，拿來煮魚蠻好吃的  
他們有特製的麻辣醬汁，調得非常棒，加一點蘿蔔泥跟蔥就很好吃了～  
比較特別的是附餐竟然有蒸煮麵可以選！  
自助吧有非常多飲料，還有明治冰淇淋，巧克力冰沙蠻好喝的(⁎⁍̴̛ᴗ⁍̴̛⁎)  
兩位女性服務人員很親切，可是說話速度有點快有些話沒有聽得很清楚  
但整體來說是個很棒的用餐體驗❤️

",2022-11-21,https://www.google.com.tw/maps/place/%E7%AF%89%E9%96%93%E5%B9%B8%E7%A6%8F%E9%8D%8B%E7%89%A9+%E5%8F%B0%E5%8C%97%E5%8D%97%E4%BA%AC%E4%B8%80%E5%BA%97/data=!4m7!3m6!1s0x3442a9666e9f721d:0x8aefbd57ef6d5d45!8m2!3d25.0518598!4d121.5273867!16s%2Fg%2F11b7cqtsy0!19sChIJHXKfbmapQjQRRV1t71e974o?authuser=0&hl=zh-TW&rclk=1,0x3442a9666e9f721d:0x8aefbd57ef6d5d45
1186,吳玫玲,4,1 年前,,2022-11-21,https://www.google.com.tw/maps/place/%E7%AF%89%E9%96%93%E5%B9%B8%E7%A6%8F%E9%8D%8B%E7%89%A9+%E5%8F%B0%E5%8C%97%E5%8D%97%E4%BA%AC%E4%B8%80%E5%BA%97/data=!4m7!3m6!1s0x3442a9666e9f721d:0x8aefbd57ef6d5d45!8m2!3d25.0518598!4d121.5273867!16s%2Fg%2F11b7cqtsy0!19sChIJHXKfbmapQjQRRV1t71e974o?authuser=0&hl=zh-TW&rclk=1,0x3442a9666e9f721d:0x8aefbd57ef6d5d45
1187,J,4,1 年前,,2022-11-21,https://www.google.com.tw/maps/place/%E7%AF%89%E9%96%93%E5%B9%B8%E7%A6%8F%E9%8D%8B%E7%89%A9+%E5%8F%B0%E5%8C%97%E5%8D%97%E4%BA%AC%E4%B8%80%E5%BA%97/data=!4m7!3m6!1s0x3442a9666e9f721d:0x8aefbd57ef6d5d45!8m2!3d25.0518598!4d121.5273867!16s%2Fg%2F11b7cqtsy0!19sChIJHXKfbmapQjQRRV1t71e974o?authuser=0&hl=zh-TW&rclk=1,0x3442a9666e9f721d:0x8aefbd57ef6d5d45
1188,Connie Wang,4,1 年前,"食材新鮮，哈密瓜霜淇林特別也好好食

",2022-11-21,https://www.google.com.tw/maps/place/%E7%AF%89%E9%96%93%E5%B9%B8%E7%A6%8F%E9%8D%8B%E7%89%A9+%E5%8F%B0%E5%8C%97%E5%8D%97%E4%BA%AC%E4%B8%80%E5%BA%97/data=!4m7!3m6!1s0x3442a9666e9f721d:0x8aefbd57ef6d5d45!8m2!3d25.0518598!4d121.5273867!16s%2Fg%2F11b7cqtsy0!19sChIJHXKfbmapQjQRRV1t71e974o?authuser=0&hl=zh-TW&rclk=1,0x3442a9666e9f721d:0x8aefbd57ef6d5d45
1189,楊芷縈（棉花）,5,1 年前,"出餐速度很快  
慧俞 宥萱兩位服務生的服務態度親切  
本次用餐很滿意 大推築間南京店

",2022-11-21,https://www.google.com.tw/maps/place/%E7%AF%89%E9%96%93%E5%B9%B8%E7%A6%8F%E9%8D%8B%E7%89%A9+%E5%8F%B0%E5%8C%97%E5%8D%97%E4%BA%AC%E4%B8%80%E5%BA%97/data=!4m7!3m6!1s0x3442a9666e9f721d:0x8aefbd57ef6d5d45!8m2!3d25.0518598!4d121.5273867!16s%2Fg%2F11b7cqtsy0!19sChIJHXKfbmapQjQRRV1t71e974o?authuser=0&hl=zh-TW&rclk=1,0x3442a9666e9f721d:0x8aefbd57ef6d5d45
1190,Shin Rong Tang,5,1 年前,"肉跟海鮮品質很好，出餐速度快很棒！  
服務人員慧俞、宥萱服務親切  
本次用餐感到非常滿意：）

",2022-11-21,https://www.google.com.tw/maps/place/%E7%AF%89%E9%96%93%E5%B9%B8%E7%A6%8F%E9%8D%8B%E7%89%A9+%E5%8F%B0%E5%8C%97%E5%8D%97%E4%BA%AC%E4%B8%80%E5%BA%97/data=!4m7!3m6!1s0x3442a9666e9f721d:0x8aefbd57ef6d5d45!8m2!3d25.0518598!4d121.5273867!16s%2Fg%2F11b7cqtsy0!19sChIJHXKfbmapQjQRRV1t71e974o?authuser=0&hl=zh-TW&rclk=1,0x3442a9666e9f721d:0x8aefbd57ef6d5d45
1191,Master7 Lee,4,1 年前,"店員的服務態度極佳

",2022-11-21,https://www.google.com.tw/maps/place/%E7%AF%89%E9%96%93%E5%B9%B8%E7%A6%8F%E9%8D%8B%E7%89%A9+%E5%8F%B0%E5%8C%97%E5%8D%97%E4%BA%AC%E4%B8%80%E5%BA%97/data=!4m7!3m6!1s0x3442a9666e9f721d:0x8aefbd57ef6d5d45!8m2!3d25.0518598!4d121.5273867!16s%2Fg%2F11b7cqtsy0!19sChIJHXKfbmapQjQRRV1t71e974o?authuser=0&hl=zh-TW&rclk=1,0x3442a9666e9f721d:0x8aefbd57ef6d5d45
1192,梅森,5,1 年前,,2022-11-21,https://www.google.com.tw/maps/place/%E7%AF%89%E9%96%93%E5%B9%B8%E7%A6%8F%E9%8D%8B%E7%89%A9+%E5%8F%B0%E5%8C%97%E5%8D%97%E4%BA%AC%E4%B8%80%E5%BA%97/data=!4m7!3m6!1s0x3442a9666e9f721d:0x8aefbd57ef6d5d45!8m2!3d25.0518598!4d121.5273867!16s%2Fg%2F11b7cqtsy0!19sChIJHXKfbmapQjQRRV1t71e974o?authuser=0&hl=zh-TW&rclk=1,0x3442a9666e9f721d:0x8aefbd57ef6d5d45
1193,葉智凱,5,1 年前,,2022-11-21,https://www.google.com.tw/maps/place/%E7%AF%89%E9%96%93%E5%B9%B8%E7%A6%8F%E9%8D%8B%E7%89%A9+%E5%8F%B0%E5%8C%97%E5%8D%97%E4%BA%AC%E4%B8%80%E5%BA%97/data=!4m7!3m6!1s0x3442a9666e9f721d:0x8aefbd57ef6d5d45!8m2!3d25.0518598!4d121.5273867!16s%2Fg%2F11b7cqtsy0!19sChIJHXKfbmapQjQRRV1t71e974o?authuser=0&hl=zh-TW&rclk=1,0x3442a9666e9f721d:0x8aefbd57ef6d5d45
1194,葉長青,5,1 年前,"色香味俱全，色啊！

",2022-11-21,https://www.google.com.tw/maps/place/%E7%AF%89%E9%96%93%E5%B9%B8%E7%A6%8F%E9%8D%8B%E7%89%A9+%E5%8F%B0%E5%8C%97%E5%8D%97%E4%BA%AC%E4%B8%80%E5%BA%97/data=!4m7!3m6!1s0x3442a9666e9f721d:0x8aefbd57ef6d5d45!8m2!3d25.0518598!4d121.5273867!16s%2Fg%2F11b7cqtsy0!19sChIJHXKfbmapQjQRRV1t71e974o?authuser=0&hl=zh-TW&rclk=1,0x3442a9666e9f721d:0x8aefbd57ef6d5d45
1195,Alice Wu,5,1 年前,"我對面的說想吃築間的挫冰  
謝謝慧俞

",2022-11-21,https://www.google.com.tw/maps/place/%E7%AF%89%E9%96%93%E5%B9%B8%E7%A6%8F%E9%8D%8B%E7%89%A9+%E5%8F%B0%E5%8C%97%E5%8D%97%E4%BA%AC%E4%B8%80%E5%BA%97/data=!4m7!3m6!1s0x3442a9666e9f721d:0x8aefbd57ef6d5d45!8m2!3d25.0518598!4d121.5273867!16s%2Fg%2F11b7cqtsy0!19sChIJHXKfbmapQjQRRV1t71e974o?authuser=0&hl=zh-TW&rclk=1,0x3442a9666e9f721d:0x8aefbd57ef6d5d45
1196,陳中豪,5,1 年前,"東西好吃，尤其是慧俞服務親切，態度一級棒喲。

",2022-11-21,https://www.google.com.tw/maps/place/%E7%AF%89%E9%96%93%E5%B9%B8%E7%A6%8F%E9%8D%8B%E7%89%A9+%E5%8F%B0%E5%8C%97%E5%8D%97%E4%BA%AC%E4%B8%80%E5%BA%97/data=!4m7!3m6!1s0x3442a9666e9f721d:0x8aefbd57ef6d5d45!8m2!3d25.0518598!4d121.5273867!16s%2Fg%2F11b7cqtsy0!19sChIJHXKfbmapQjQRRV1t71e974o?authuser=0&hl=zh-TW&rclk=1,0x3442a9666e9f721d:0x8aefbd57ef6d5d45
1197,沈湘庭 Nicole 28,5,1 年前,"(由 Google 提供翻譯) 迴聲  
  
(原始評論)  
Echo

",2022-11-21,https://www.google.com.tw/maps/place/%E7%AF%89%E9%96%93%E5%B9%B8%E7%A6%8F%E9%8D%8B%E7%89%A9+%E5%8F%B0%E5%8C%97%E5%8D%97%E4%BA%AC%E4%B8%80%E5%BA%97/data=!4m7!3m6!1s0x3442a9666e9f721d:0x8aefbd57ef6d5d45!8m2!3d25.0518598!4d121.5273867!16s%2Fg%2F11b7cqtsy0!19sChIJHXKfbmapQjQRRV1t71e974o?authuser=0&hl=zh-TW&rclk=1,0x3442a9666e9f721d:0x8aefbd57ef6d5d45
1198,楊舒妤,5,1 年前,,2022-11-21,https://www.google.com.tw/maps/place/%E7%AF%89%E9%96%93%E5%B9%B8%E7%A6%8F%E9%8D%8B%E7%89%A9+%E5%8F%B0%E5%8C%97%E5%8D%97%E4%BA%AC%E4%B8%80%E5%BA%97/data=!4m7!3m6!1s0x3442a9666e9f721d:0x8aefbd57ef6d5d45!8m2!3d25.0518598!4d121.5273867!16s%2Fg%2F11b7cqtsy0!19sChIJHXKfbmapQjQRRV1t71e974o?authuser=0&hl=zh-TW&rclk=1,0x3442a9666e9f721d:0x8aefbd57ef6d5d45
1199,Xiao Hao,4,1 年前,"湯頭讚！超飽足！明治冰淇淋好吃～提供的醬料也很棒～  
飲料冰沙霜淇淋也都很吸引人但是沒時間吃有點可惜XD  
用餐時間有點短......很匆促  
  
點數兌換肉盤可以外帶很貼心！

",2022-11-21,https://www.google.com.tw/maps/place/%E7%AF%89%E9%96%93%E5%B9%B8%E7%A6%8F%E9%8D%8B%E7%89%A9+%E5%8F%B0%E5%8C%97%E5%8D%97%E4%BA%AC%E4%B8%80%E5%BA%97/data=!4m7!3m6!1s0x3442a9666e9f721d:0x8aefbd57ef6d5d45!8m2!3d25.0518598!4d121.5273867!16s%2Fg%2F11b7cqtsy0!19sChIJHXKfbmapQjQRRV1t71e974o?authuser=0&hl=zh-TW&rclk=1,0x3442a9666e9f721d:0x8aefbd57ef6d5d45
1200,林士傑,5,1 年前,"今天週一來吃飯 雖然現場人較多 店內人力有些缺乏  
但Echo&慧珊依舊非常有耐心的服務每一組顧客  
值得嘉許

",2022-11-21,https://www.google.com.tw/maps/place/%E7%AF%89%E9%96%93%E5%B9%B8%E7%A6%8F%E9%8D%8B%E7%89%A9+%E5%8F%B0%E5%8C%97%E5%8D%97%E4%BA%AC%E4%B8%80%E5%BA%97/data=!4m7!3m6!1s0x3442a9666e9f721d:0x8aefbd57ef6d5d45!8m2!3d25.0518598!4d121.5273867!16s%2Fg%2F11b7cqtsy0!19sChIJHXKfbmapQjQRRV1t71e974o?authuser=0&hl=zh-TW&rclk=1,0x3442a9666e9f721d:0x8aefbd57ef6d5d45
1201,黃婉婷,5,1 年前,"覺得很好吃，湯頭也很好喝，冰淇淋和飲料種類也很多！服務生Echo也十分親切！會想再來吃～但人很多，就算是中午，外頭還下雨，依舊還是有許多人進來，建議一定要先定位。

",2022-11-21,https://www.google.com.tw/maps/place/%E7%AF%89%E9%96%93%E5%B9%B8%E7%A6%8F%E9%8D%8B%E7%89%A9+%E5%8F%B0%E5%8C%97%E5%8D%97%E4%BA%AC%E4%B8%80%E5%BA%97/data=!4m7!3m6!1s0x3442a9666e9f721d:0x8aefbd57ef6d5d45!8m2!3d25.0518598!4d121.5273867!16s%2Fg%2F11b7cqtsy0!19sChIJHXKfbmapQjQRRV1t71e974o?authuser=0&hl=zh-TW&rclk=1,0x3442a9666e9f721d:0x8aefbd57ef6d5d45
1202,林仕捷,5,1 年前,"3/15俞俞 服務一級棒 口條清晰 （蛤蜊煮完湯真的會變多 哈哈哈  
3/22 俞俞 今天真的對不起 補三碗雞油拌飯  
還口氣不好真為難妳了 真抱歉  
我吃的很飽 謝謝妳

",2022-11-21,https://www.google.com.tw/maps/place/%E7%AF%89%E9%96%93%E5%B9%B8%E7%A6%8F%E9%8D%8B%E7%89%A9+%E5%8F%B0%E5%8C%97%E5%8D%97%E4%BA%AC%E4%B8%80%E5%BA%97/data=!4m7!3m6!1s0x3442a9666e9f721d:0x8aefbd57ef6d5d45!8m2!3d25.0518598!4d121.5273867!16s%2Fg%2F11b7cqtsy0!19sChIJHXKfbmapQjQRRV1t71e974o?authuser=0&hl=zh-TW&rclk=1,0x3442a9666e9f721d:0x8aefbd57ef6d5d45
1203,葉.,1,1 年前,"心情不好

",2022-11-21,https://www.google.com.tw/maps/place/%E7%AF%89%E9%96%93%E5%B9%B8%E7%A6%8F%E9%8D%8B%E7%89%A9+%E5%8F%B0%E5%8C%97%E5%8D%97%E4%BA%AC%E4%B8%80%E5%BA%97/data=!4m7!3m6!1s0x3442a9666e9f721d:0x8aefbd57ef6d5d45!8m2!3d25.0518598!4d121.5273867!16s%2Fg%2F11b7cqtsy0!19sChIJHXKfbmapQjQRRV1t71e974o?authuser=0&hl=zh-TW&rclk=1,0x3442a9666e9f721d:0x8aefbd57ef6d5d45
1204,蕭萱,5,1 年前,"好吃

",2022-11-21,https://www.google.com.tw/maps/place/%E7%AF%89%E9%96%93%E5%B9%B8%E7%A6%8F%E9%8D%8B%E7%89%A9+%E5%8F%B0%E5%8C%97%E5%8D%97%E4%BA%AC%E4%B8%80%E5%BA%97/data=!4m7!3m6!1s0x3442a9666e9f721d:0x8aefbd57ef6d5d45!8m2!3d25.0518598!4d121.5273867!16s%2Fg%2F11b7cqtsy0!19sChIJHXKfbmapQjQRRV1t71e974o?authuser=0&hl=zh-TW&rclk=1,0x3442a9666e9f721d:0x8aefbd57ef6d5d45
1205,PandaDEN,5,1 年前,,2022-11-21,https://www.google.com.tw/maps/place/%E7%AF%89%E9%96%93%E5%B9%B8%E7%A6%8F%E9%8D%8B%E7%89%A9+%E5%8F%B0%E5%8C%97%E5%8D%97%E4%BA%AC%E4%B8%80%E5%BA%97/data=!4m7!3m6!1s0x3442a9666e9f721d:0x8aefbd57ef6d5d45!8m2!3d25.0518598!4d121.5273867!16s%2Fg%2F11b7cqtsy0!19sChIJHXKfbmapQjQRRV1t71e974o?authuser=0&hl=zh-TW&rclk=1,0x3442a9666e9f721d:0x8aefbd57ef6d5d45
1206,Julia Wu,5,1 年前,"CP高 服務人員育如跟Echo的態度也很好～  
吃得超飽也很舒適

",2022-11-21,https://www.google.com.tw/maps/place/%E7%AF%89%E9%96%93%E5%B9%B8%E7%A6%8F%E9%8D%8B%E7%89%A9+%E5%8F%B0%E5%8C%97%E5%8D%97%E4%BA%AC%E4%B8%80%E5%BA%97/data=!4m7!3m6!1s0x3442a9666e9f721d:0x8aefbd57ef6d5d45!8m2!3d25.0518598!4d121.5273867!16s%2Fg%2F11b7cqtsy0!19sChIJHXKfbmapQjQRRV1t71e974o?authuser=0&hl=zh-TW&rclk=1,0x3442a9666e9f721d:0x8aefbd57ef6d5d45
1207,alex kuo,5,1 年前,"新 鮮好吃服務佳

",2022-11-21,https://www.google.com.tw/maps/place/%E7%AF%89%E9%96%93%E5%B9%B8%E7%A6%8F%E9%8D%8B%E7%89%A9+%E5%8F%B0%E5%8C%97%E5%8D%97%E4%BA%AC%E4%B8%80%E5%BA%97/data=!4m7!3m6!1s0x3442a9666e9f721d:0x8aefbd57ef6d5d45!8m2!3d25.0518598!4d121.5273867!16s%2Fg%2F11b7cqtsy0!19sChIJHXKfbmapQjQRRV1t71e974o?authuser=0&hl=zh-TW&rclk=1,0x3442a9666e9f721d:0x8aefbd57ef6d5d45
1208,燕子,5,1 年前,"Echo服務超好！  
育如態度讓我非常滿意！

",2022-11-21,https://www.google.com.tw/maps/place/%E7%AF%89%E9%96%93%E5%B9%B8%E7%A6%8F%E9%8D%8B%E7%89%A9+%E5%8F%B0%E5%8C%97%E5%8D%97%E4%BA%AC%E4%B8%80%E5%BA%97/data=!4m7!3m6!1s0x3442a9666e9f721d:0x8aefbd57ef6d5d45!8m2!3d25.0518598!4d121.5273867!16s%2Fg%2F11b7cqtsy0!19sChIJHXKfbmapQjQRRV1t71e974o?authuser=0&hl=zh-TW&rclk=1,0x3442a9666e9f721d:0x8aefbd57ef6d5d45
1209,歐小本,5,1 年前,"Echo服務太好了

",2022-11-21,https://www.google.com.tw/maps/place/%E7%AF%89%E9%96%93%E5%B9%B8%E7%A6%8F%E9%8D%8B%E7%89%A9+%E5%8F%B0%E5%8C%97%E5%8D%97%E4%BA%AC%E4%B8%80%E5%BA%97/data=!4m7!3m6!1s0x3442a9666e9f721d:0x8aefbd57ef6d5d45!8m2!3d25.0518598!4d121.5273867!16s%2Fg%2F11b7cqtsy0!19sChIJHXKfbmapQjQRRV1t71e974o?authuser=0&hl=zh-TW&rclk=1,0x3442a9666e9f721d:0x8aefbd57ef6d5d45
1210,邱俊傑,5,1 年前,"湯底多樣 肉品不錯

",2022-11-21,https://www.google.com.tw/maps/place/%E7%AF%89%E9%96%93%E5%B9%B8%E7%A6%8F%E9%8D%8B%E7%89%A9+%E5%8F%B0%E5%8C%97%E5%8D%97%E4%BA%AC%E4%B8%80%E5%BA%97/data=!4m7!3m6!1s0x3442a9666e9f721d:0x8aefbd57ef6d5d45!8m2!3d25.0518598!4d121.5273867!16s%2Fg%2F11b7cqtsy0!19sChIJHXKfbmapQjQRRV1t71e974o?authuser=0&hl=zh-TW&rclk=1,0x3442a9666e9f721d:0x8aefbd57ef6d5d45
1211,charles wu,3,1 年前,"餐點品質很好，招牌石頭鍋底加魷魚很順口好喝，湯底選擇非常多元，牛髓、干貝、青花椒都還蠻想嘗試，應該是目前看過提供最多種的店家。飲料區有美祿冰沙、明治冰淇淋都很棒，不會讓人覺得提供廉價的飲料充數。美中不足的應是服務人員人手不夠，目測只有三人接待、點餐送餐和結帳，點餐上菜都需要等待，另外地板不知道是很油膩還是有打蠟，座椅會滑來滑去，坐在有洗手間那一側的位子還會因為要補貨時不時要起身讓推車經過，用餐體驗打折扣，可能坐另一區會比較好。用餐時間是100分鐘，時間一到會準時提醒客人離開，點餐、上餐延誤的時間其實也算在100分鐘內，點海陸鍋份量較多吃比較慢的人也只能加速吃完就趕快走了。

",2022-11-21,https://www.google.com.tw/maps/place/%E7%AF%89%E9%96%93%E5%B9%B8%E7%A6%8F%E9%8D%8B%E7%89%A9+%E5%8F%B0%E5%8C%97%E5%8D%97%E4%BA%AC%E4%B8%80%E5%BA%97/data=!4m7!3m6!1s0x3442a9666e9f721d:0x8aefbd57ef6d5d45!8m2!3d25.0518598!4d121.5273867!16s%2Fg%2F11b7cqtsy0!19sChIJHXKfbmapQjQRRV1t71e974o?authuser=0&hl=zh-TW&rclk=1,0x3442a9666e9f721d:0x8aefbd57ef6d5d45
1212,李友群,5,1 年前,,2022-11-21,https://www.google.com.tw/maps/place/%E7%AF%89%E9%96%93%E5%B9%B8%E7%A6%8F%E9%8D%8B%E7%89%A9+%E5%8F%B0%E5%8C%97%E5%8D%97%E4%BA%AC%E4%B8%80%E5%BA%97/data=!4m7!3m6!1s0x3442a9666e9f721d:0x8aefbd57ef6d5d45!8m2!3d25.0518598!4d121.5273867!16s%2Fg%2F11b7cqtsy0!19sChIJHXKfbmapQjQRRV1t71e974o?authuser=0&hl=zh-TW&rclk=1,0x3442a9666e9f721d:0x8aefbd57ef6d5d45
1213,珮玲張,5,1 年前,,2022-11-21,https://www.google.com.tw/maps/place/%E7%AF%89%E9%96%93%E5%B9%B8%E7%A6%8F%E9%8D%8B%E7%89%A9+%E5%8F%B0%E5%8C%97%E5%8D%97%E4%BA%AC%E4%B8%80%E5%BA%97/data=!4m7!3m6!1s0x3442a9666e9f721d:0x8aefbd57ef6d5d45!8m2!3d25.0518598!4d121.5273867!16s%2Fg%2F11b7cqtsy0!19sChIJHXKfbmapQjQRRV1t71e974o?authuser=0&hl=zh-TW&rclk=1,0x3442a9666e9f721d:0x8aefbd57ef6d5d45
1214,二入,5,1 年前,"好吃

",2022-11-21,https://www.google.com.tw/maps/place/%E7%AF%89%E9%96%93%E5%B9%B8%E7%A6%8F%E9%8D%8B%E7%89%A9+%E5%8F%B0%E5%8C%97%E5%8D%97%E4%BA%AC%E4%B8%80%E5%BA%97/data=!4m7!3m6!1s0x3442a9666e9f721d:0x8aefbd57ef6d5d45!8m2!3d25.0518598!4d121.5273867!16s%2Fg%2F11b7cqtsy0!19sChIJHXKfbmapQjQRRV1t71e974o?authuser=0&hl=zh-TW&rclk=1,0x3442a9666e9f721d:0x8aefbd57ef6d5d45
1215,壞壞,5,1 年前,"食物品質好 服務人員態度也都很好 叫冠鋐和靖騰的哥哥又帥服務態度又很好

",2022-11-21,https://www.google.com.tw/maps/place/%E7%AF%89%E9%96%93%E5%B9%B8%E7%A6%8F%E9%8D%8B%E7%89%A9+%E5%8F%B0%E5%8C%97%E5%8D%97%E4%BA%AC%E4%B8%80%E5%BA%97/data=!4m7!3m6!1s0x3442a9666e9f721d:0x8aefbd57ef6d5d45!8m2!3d25.0518598!4d121.5273867!16s%2Fg%2F11b7cqtsy0!19sChIJHXKfbmapQjQRRV1t71e974o?authuser=0&hl=zh-TW&rclk=1,0x3442a9666e9f721d:0x8aefbd57ef6d5d45
1216,杜常愷（K-hun）,1,1 年前,"位子設計擁擠 尤其是廁所前面那桌 冰淇淋都是重複口味

",2022-11-21,https://www.google.com.tw/maps/place/%E7%AF%89%E9%96%93%E5%B9%B8%E7%A6%8F%E9%8D%8B%E7%89%A9+%E5%8F%B0%E5%8C%97%E5%8D%97%E4%BA%AC%E4%B8%80%E5%BA%97/data=!4m7!3m6!1s0x3442a9666e9f721d:0x8aefbd57ef6d5d45!8m2!3d25.0518598!4d121.5273867!16s%2Fg%2F11b7cqtsy0!19sChIJHXKfbmapQjQRRV1t71e974o?authuser=0&hl=zh-TW&rclk=1,0x3442a9666e9f721d:0x8aefbd57ef6d5d45
1217,李小展,5,1 年前,"舒服

",2022-11-21,https://www.google.com.tw/maps/place/%E7%AF%89%E9%96%93%E5%B9%B8%E7%A6%8F%E9%8D%8B%E7%89%A9+%E5%8F%B0%E5%8C%97%E5%8D%97%E4%BA%AC%E4%B8%80%E5%BA%97/data=!4m7!3m6!1s0x3442a9666e9f721d:0x8aefbd57ef6d5d45!8m2!3d25.0518598!4d121.5273867!16s%2Fg%2F11b7cqtsy0!19sChIJHXKfbmapQjQRRV1t71e974o?authuser=0&hl=zh-TW&rclk=1,0x3442a9666e9f721d:0x8aefbd57ef6d5d45
1218,WEN HSIN CHANG,5,1 年前,"火鍋首選！南京一店多了很多飲品還有超級好吃的哈密瓜霜淇淋～  
俞俞漂亮又親切服務超好♥︎

",2022-11-21,https://www.google.com.tw/maps/place/%E7%AF%89%E9%96%93%E5%B9%B8%E7%A6%8F%E9%8D%8B%E7%89%A9+%E5%8F%B0%E5%8C%97%E5%8D%97%E4%BA%AC%E4%B8%80%E5%BA%97/data=!4m7!3m6!1s0x3442a9666e9f721d:0x8aefbd57ef6d5d45!8m2!3d25.0518598!4d121.5273867!16s%2Fg%2F11b7cqtsy0!19sChIJHXKfbmapQjQRRV1t71e974o?authuser=0&hl=zh-TW&rclk=1,0x3442a9666e9f721d:0x8aefbd57ef6d5d45
1219,Aaron,1,1 年前,"每次吃完都好臭噢！  
有機會改善嗎？

",2022-11-21,https://www.google.com.tw/maps/place/%E7%AF%89%E9%96%93%E5%B9%B8%E7%A6%8F%E9%8D%8B%E7%89%A9+%E5%8F%B0%E5%8C%97%E5%8D%97%E4%BA%AC%E4%B8%80%E5%BA%97/data=!4m7!3m6!1s0x3442a9666e9f721d:0x8aefbd57ef6d5d45!8m2!3d25.0518598!4d121.5273867!16s%2Fg%2F11b7cqtsy0!19sChIJHXKfbmapQjQRRV1t71e974o?authuser=0&hl=zh-TW&rclk=1,0x3442a9666e9f721d:0x8aefbd57ef6d5d45
1220,Robert Lou,1,1 年前,"效率極差  
位置擁擠

",2022-11-21,https://www.google.com.tw/maps/place/%E7%AF%89%E9%96%93%E5%B9%B8%E7%A6%8F%E9%8D%8B%E7%89%A9+%E5%8F%B0%E5%8C%97%E5%8D%97%E4%BA%AC%E4%B8%80%E5%BA%97/data=!4m7!3m6!1s0x3442a9666e9f721d:0x8aefbd57ef6d5d45!8m2!3d25.0518598!4d121.5273867!16s%2Fg%2F11b7cqtsy0!19sChIJHXKfbmapQjQRRV1t71e974o?authuser=0&hl=zh-TW&rclk=1,0x3442a9666e9f721d:0x8aefbd57ef6d5d45
1221,李小柔,1,1 年前,"不說大概多久 讓人等很久

",2022-11-21,https://www.google.com.tw/maps/place/%E7%AF%89%E9%96%93%E5%B9%B8%E7%A6%8F%E9%8D%8B%E7%89%A9+%E5%8F%B0%E5%8C%97%E5%8D%97%E4%BA%AC%E4%B8%80%E5%BA%97/data=!4m7!3m6!1s0x3442a9666e9f721d:0x8aefbd57ef6d5d45!8m2!3d25.0518598!4d121.5273867!16s%2Fg%2F11b7cqtsy0!19sChIJHXKfbmapQjQRRV1t71e974o?authuser=0&hl=zh-TW&rclk=1,0x3442a9666e9f721d:0x8aefbd57ef6d5d45
1222,Kevin Yang,5,1 年前,,2022-11-21,https://www.google.com.tw/maps/place/%E7%AF%89%E9%96%93%E5%B9%B8%E7%A6%8F%E9%8D%8B%E7%89%A9+%E5%8F%B0%E5%8C%97%E5%8D%97%E4%BA%AC%E4%B8%80%E5%BA%97/data=!4m7!3m6!1s0x3442a9666e9f721d:0x8aefbd57ef6d5d45!8m2!3d25.0518598!4d121.5273867!16s%2Fg%2F11b7cqtsy0!19sChIJHXKfbmapQjQRRV1t71e974o?authuser=0&hl=zh-TW&rclk=1,0x3442a9666e9f721d:0x8aefbd57ef6d5d45
1223,Jim Chen,5,1 年前,"餐點好吃！服務很好！重新裝潢後自助吧東西變多，宥萱態度親切 今天的服務員都很優秀！

",2022-11-21,https://www.google.com.tw/maps/place/%E7%AF%89%E9%96%93%E5%B9%B8%E7%A6%8F%E9%8D%8B%E7%89%A9+%E5%8F%B0%E5%8C%97%E5%8D%97%E4%BA%AC%E4%B8%80%E5%BA%97/data=!4m7!3m6!1s0x3442a9666e9f721d:0x8aefbd57ef6d5d45!8m2!3d25.0518598!4d121.5273867!16s%2Fg%2F11b7cqtsy0!19sChIJHXKfbmapQjQRRV1t71e974o?authuser=0&hl=zh-TW&rclk=1,0x3442a9666e9f721d:0x8aefbd57ef6d5d45
1224,厲佩芬,3,1 年前,"吃成這樣能不好吃嗎 奶香鍋超讚

",2022-11-21,https://www.google.com.tw/maps/place/%E7%AF%89%E9%96%93%E5%B9%B8%E7%A6%8F%E9%8D%8B%E7%89%A9+%E5%8F%B0%E5%8C%97%E5%8D%97%E4%BA%AC%E4%B8%80%E5%BA%97/data=!4m7!3m6!1s0x3442a9666e9f721d:0x8aefbd57ef6d5d45!8m2!3d25.0518598!4d121.5273867!16s%2Fg%2F11b7cqtsy0!19sChIJHXKfbmapQjQRRV1t71e974o?authuser=0&hl=zh-TW&rclk=1,0x3442a9666e9f721d:0x8aefbd57ef6d5d45
1225,呂珍柔.,5,1 年前,"俞俞 又宣 服務態度很好讚

",2022-11-21,https://www.google.com.tw/maps/place/%E7%AF%89%E9%96%93%E5%B9%B8%E7%A6%8F%E9%8D%8B%E7%89%A9+%E5%8F%B0%E5%8C%97%E5%8D%97%E4%BA%AC%E4%B8%80%E5%BA%97/data=!4m7!3m6!1s0x3442a9666e9f721d:0x8aefbd57ef6d5d45!8m2!3d25.0518598!4d121.5273867!16s%2Fg%2F11b7cqtsy0!19sChIJHXKfbmapQjQRRV1t71e974o?authuser=0&hl=zh-TW&rclk=1,0x3442a9666e9f721d:0x8aefbd57ef6d5d45
1226,林偉偉,5,1 年前,"俞俞 宥瑄 服務很好 親切 貼心 周到

",2022-11-21,https://www.google.com.tw/maps/place/%E7%AF%89%E9%96%93%E5%B9%B8%E7%A6%8F%E9%8D%8B%E7%89%A9+%E5%8F%B0%E5%8C%97%E5%8D%97%E4%BA%AC%E4%B8%80%E5%BA%97/data=!4m7!3m6!1s0x3442a9666e9f721d:0x8aefbd57ef6d5d45!8m2!3d25.0518598!4d121.5273867!16s%2Fg%2F11b7cqtsy0!19sChIJHXKfbmapQjQRRV1t71e974o?authuser=0&hl=zh-TW&rclk=1,0x3442a9666e9f721d:0x8aefbd57ef6d5d45
1227,ㄈ芳,5,1 年前,"俞渝跟宥瑄服務很好

",2022-11-21,https://www.google.com.tw/maps/place/%E7%AF%89%E9%96%93%E5%B9%B8%E7%A6%8F%E9%8D%8B%E7%89%A9+%E5%8F%B0%E5%8C%97%E5%8D%97%E4%BA%AC%E4%B8%80%E5%BA%97/data=!4m7!3m6!1s0x3442a9666e9f721d:0x8aefbd57ef6d5d45!8m2!3d25.0518598!4d121.5273867!16s%2Fg%2F11b7cqtsy0!19sChIJHXKfbmapQjQRRV1t71e974o?authuser=0&hl=zh-TW&rclk=1,0x3442a9666e9f721d:0x8aefbd57ef6d5d45
1228,Hao_Lo Life,5,1 年前,"俞俞 宥萱服務態度很好 吃得很開心很喜歡

",2022-11-21,https://www.google.com.tw/maps/place/%E7%AF%89%E9%96%93%E5%B9%B8%E7%A6%8F%E9%8D%8B%E7%89%A9+%E5%8F%B0%E5%8C%97%E5%8D%97%E4%BA%AC%E4%B8%80%E5%BA%97/data=!4m7!3m6!1s0x3442a9666e9f721d:0x8aefbd57ef6d5d45!8m2!3d25.0518598!4d121.5273867!16s%2Fg%2F11b7cqtsy0!19sChIJHXKfbmapQjQRRV1t71e974o?authuser=0&hl=zh-TW&rclk=1,0x3442a9666e9f721d:0x8aefbd57ef6d5d45
1229,王詩妤,5,1 年前,"萱萱跟魚魚服務很棒

",2022-11-21,https://www.google.com.tw/maps/place/%E7%AF%89%E9%96%93%E5%B9%B8%E7%A6%8F%E9%8D%8B%E7%89%A9+%E5%8F%B0%E5%8C%97%E5%8D%97%E4%BA%AC%E4%B8%80%E5%BA%97/data=!4m7!3m6!1s0x3442a9666e9f721d:0x8aefbd57ef6d5d45!8m2!3d25.0518598!4d121.5273867!16s%2Fg%2F11b7cqtsy0!19sChIJHXKfbmapQjQRRV1t71e974o?authuser=0&hl=zh-TW&rclk=1,0x3442a9666e9f721d:0x8aefbd57ef6d5d45
1230,林亞軒,5,1 年前,"棒棒

",2022-11-21,https://www.google.com.tw/maps/place/%E7%AF%89%E9%96%93%E5%B9%B8%E7%A6%8F%E9%8D%8B%E7%89%A9+%E5%8F%B0%E5%8C%97%E5%8D%97%E4%BA%AC%E4%B8%80%E5%BA%97/data=!4m7!3m6!1s0x3442a9666e9f721d:0x8aefbd57ef6d5d45!8m2!3d25.0518598!4d121.5273867!16s%2Fg%2F11b7cqtsy0!19sChIJHXKfbmapQjQRRV1t71e974o?authuser=0&hl=zh-TW&rclk=1,0x3442a9666e9f721d:0x8aefbd57ef6d5d45
1231,Eric Zhu,1,1 年前,"打電話去定位 服務員態度差的要命  
就算好吃也不會在去了  
之前去吃就已決定服務員態度很差了  
結果連定位也這樣

",2022-11-21,https://www.google.com.tw/maps/place/%E7%AF%89%E9%96%93%E5%B9%B8%E7%A6%8F%E9%8D%8B%E7%89%A9+%E5%8F%B0%E5%8C%97%E5%8D%97%E4%BA%AC%E4%B8%80%E5%BA%97/data=!4m7!3m6!1s0x3442a9666e9f721d:0x8aefbd57ef6d5d45!8m2!3d25.0518598!4d121.5273867!16s%2Fg%2F11b7cqtsy0!19sChIJHXKfbmapQjQRRV1t71e974o?authuser=0&hl=zh-TW&rclk=1,0x3442a9666e9f721d:0x8aefbd57ef6d5d45
1232,Liu Bob,5,1 年前,,2022-11-21,https://www.google.com.tw/maps/place/%E7%AF%89%E9%96%93%E5%B9%B8%E7%A6%8F%E9%8D%8B%E7%89%A9+%E5%8F%B0%E5%8C%97%E5%8D%97%E4%BA%AC%E4%B8%80%E5%BA%97/data=!4m7!3m6!1s0x3442a9666e9f721d:0x8aefbd57ef6d5d45!8m2!3d25.0518598!4d121.5273867!16s%2Fg%2F11b7cqtsy0!19sChIJHXKfbmapQjQRRV1t71e974o?authuser=0&hl=zh-TW&rclk=1,0x3442a9666e9f721d:0x8aefbd57ef6d5d45
1233,許皓翔,5,1 年前,"俞俞服務很好

",2022-11-21,https://www.google.com.tw/maps/place/%E7%AF%89%E9%96%93%E5%B9%B8%E7%A6%8F%E9%8D%8B%E7%89%A9+%E5%8F%B0%E5%8C%97%E5%8D%97%E4%BA%AC%E4%B8%80%E5%BA%97/data=!4m7!3m6!1s0x3442a9666e9f721d:0x8aefbd57ef6d5d45!8m2!3d25.0518598!4d121.5273867!16s%2Fg%2F11b7cqtsy0!19sChIJHXKfbmapQjQRRV1t71e974o?authuser=0&hl=zh-TW&rclk=1,0x3442a9666e9f721d:0x8aefbd57ef6d5d45
1234,木村修,5,1 年前,"服務人員俞俞一極棒

",2022-11-21,https://www.google.com.tw/maps/place/%E7%AF%89%E9%96%93%E5%B9%B8%E7%A6%8F%E9%8D%8B%E7%89%A9+%E5%8F%B0%E5%8C%97%E5%8D%97%E4%BA%AC%E4%B8%80%E5%BA%97/data=!4m7!3m6!1s0x3442a9666e9f721d:0x8aefbd57ef6d5d45!8m2!3d25.0518598!4d121.5273867!16s%2Fg%2F11b7cqtsy0!19sChIJHXKfbmapQjQRRV1t71e974o?authuser=0&hl=zh-TW&rclk=1,0x3442a9666e9f721d:0x8aefbd57ef6d5d45
1235,Albert Yang,5,1 年前,"俞俞服務超讚的啦！

",2022-11-21,https://www.google.com.tw/maps/place/%E7%AF%89%E9%96%93%E5%B9%B8%E7%A6%8F%E9%8D%8B%E7%89%A9+%E5%8F%B0%E5%8C%97%E5%8D%97%E4%BA%AC%E4%B8%80%E5%BA%97/data=!4m7!3m6!1s0x3442a9666e9f721d:0x8aefbd57ef6d5d45!8m2!3d25.0518598!4d121.5273867!16s%2Fg%2F11b7cqtsy0!19sChIJHXKfbmapQjQRRV1t71e974o?authuser=0&hl=zh-TW&rclk=1,0x3442a9666e9f721d:0x8aefbd57ef6d5d45
1236,吳子嫣,1,1 年前,"原本說要等10分鐘  
結果在外面等了一個小時  
不知道是忘記還是怎樣  
進去後提醒才幫我們安排座位  
其實可以直接說要等一個小時  
不然感覺很差欸  
個人是築間常客  
第一次來貴店用餐  
這樣真的不行

",2022-11-21,https://www.google.com.tw/maps/place/%E7%AF%89%E9%96%93%E5%B9%B8%E7%A6%8F%E9%8D%8B%E7%89%A9+%E5%8F%B0%E5%8C%97%E5%8D%97%E4%BA%AC%E4%B8%80%E5%BA%97/data=!4m7!3m6!1s0x3442a9666e9f721d:0x8aefbd57ef6d5d45!8m2!3d25.0518598!4d121.5273867!16s%2Fg%2F11b7cqtsy0!19sChIJHXKfbmapQjQRRV1t71e974o?authuser=0&hl=zh-TW&rclk=1,0x3442a9666e9f721d:0x8aefbd57ef6d5d45
1237,黃玉萱,5,1 年前,"裝潢不錯 給人溫馨的感覺  
上菜跟服務人員態度都很好  
下次會再來光顧

",2022-11-21,https://www.google.com.tw/maps/place/%E7%AF%89%E9%96%93%E5%B9%B8%E7%A6%8F%E9%8D%8B%E7%89%A9+%E5%8F%B0%E5%8C%97%E5%8D%97%E4%BA%AC%E4%B8%80%E5%BA%97/data=!4m7!3m6!1s0x3442a9666e9f721d:0x8aefbd57ef6d5d45!8m2!3d25.0518598!4d121.5273867!16s%2Fg%2F11b7cqtsy0!19sChIJHXKfbmapQjQRRV1t71e974o?authuser=0&hl=zh-TW&rclk=1,0x3442a9666e9f721d:0x8aefbd57ef6d5d45
1238,S am,1,1 年前,"從五點等到7點兩小時一直跳號排不進去 進去問說是下一位結果他媽還不讓進去也一直跳號  
這樣的服務態度是怎樣，打電話預約也不接，了解餐飲的服務生很忙，但來現場排隊也不能這樣吧，打電話預約就是客人，現場排的就不是客人？

",2022-11-21,https://www.google.com.tw/maps/place/%E7%AF%89%E9%96%93%E5%B9%B8%E7%A6%8F%E9%8D%8B%E7%89%A9+%E5%8F%B0%E5%8C%97%E5%8D%97%E4%BA%AC%E4%B8%80%E5%BA%97/data=!4m7!3m6!1s0x3442a9666e9f721d:0x8aefbd57ef6d5d45!8m2!3d25.0518598!4d121.5273867!16s%2Fg%2F11b7cqtsy0!19sChIJHXKfbmapQjQRRV1t71e974o?authuser=0&hl=zh-TW&rclk=1,0x3442a9666e9f721d:0x8aefbd57ef6d5d45
1239,王小雯,5,1 年前,,2022-11-21,https://www.google.com.tw/maps/place/%E7%AF%89%E9%96%93%E5%B9%B8%E7%A6%8F%E9%8D%8B%E7%89%A9+%E5%8F%B0%E5%8C%97%E5%8D%97%E4%BA%AC%E4%B8%80%E5%BA%97/data=!4m7!3m6!1s0x3442a9666e9f721d:0x8aefbd57ef6d5d45!8m2!3d25.0518598!4d121.5273867!16s%2Fg%2F11b7cqtsy0!19sChIJHXKfbmapQjQRRV1t71e974o?authuser=0&hl=zh-TW&rclk=1,0x3442a9666e9f721d:0x8aefbd57ef6d5d45
1240,陳浩偉,5,1 年前,"俞俞服務良好

",2022-11-21,https://www.google.com.tw/maps/place/%E7%AF%89%E9%96%93%E5%B9%B8%E7%A6%8F%E9%8D%8B%E7%89%A9+%E5%8F%B0%E5%8C%97%E5%8D%97%E4%BA%AC%E4%B8%80%E5%BA%97/data=!4m7!3m6!1s0x3442a9666e9f721d:0x8aefbd57ef6d5d45!8m2!3d25.0518598!4d121.5273867!16s%2Fg%2F11b7cqtsy0!19sChIJHXKfbmapQjQRRV1t71e974o?authuser=0&hl=zh-TW&rclk=1,0x3442a9666e9f721d:0x8aefbd57ef6d5d45
1241,紹敏金,1,1 年前,"這間築間不建議排現場候位  
如果沒訂到位 可以吃別的  
  
這一家現場候位特別久  
東區那家築間 前面候位組別更多  
但比這家還快

",2022-11-21,https://www.google.com.tw/maps/place/%E7%AF%89%E9%96%93%E5%B9%B8%E7%A6%8F%E9%8D%8B%E7%89%A9+%E5%8F%B0%E5%8C%97%E5%8D%97%E4%BA%AC%E4%B8%80%E5%BA%97/data=!4m7!3m6!1s0x3442a9666e9f721d:0x8aefbd57ef6d5d45!8m2!3d25.0518598!4d121.5273867!16s%2Fg%2F11b7cqtsy0!19sChIJHXKfbmapQjQRRV1t71e974o?authuser=0&hl=zh-TW&rclk=1,0x3442a9666e9f721d:0x8aefbd57ef6d5d45
1242,Jerry Lin,5,1 年前,"食材精良

",2022-11-21,https://www.google.com.tw/maps/place/%E7%AF%89%E9%96%93%E5%B9%B8%E7%A6%8F%E9%8D%8B%E7%89%A9+%E5%8F%B0%E5%8C%97%E5%8D%97%E4%BA%AC%E4%B8%80%E5%BA%97/data=!4m7!3m6!1s0x3442a9666e9f721d:0x8aefbd57ef6d5d45!8m2!3d25.0518598!4d121.5273867!16s%2Fg%2F11b7cqtsy0!19sChIJHXKfbmapQjQRRV1t71e974o?authuser=0&hl=zh-TW&rclk=1,0x3442a9666e9f721d:0x8aefbd57ef6d5d45
1243,陳建瑋,5,1 年前,"用餐環境有點擠.其他沒甚麼可以挑剔的

",2022-11-21,https://www.google.com.tw/maps/place/%E7%AF%89%E9%96%93%E5%B9%B8%E7%A6%8F%E9%8D%8B%E7%89%A9+%E5%8F%B0%E5%8C%97%E5%8D%97%E4%BA%AC%E4%B8%80%E5%BA%97/data=!4m7!3m6!1s0x3442a9666e9f721d:0x8aefbd57ef6d5d45!8m2!3d25.0518598!4d121.5273867!16s%2Fg%2F11b7cqtsy0!19sChIJHXKfbmapQjQRRV1t71e974o?authuser=0&hl=zh-TW&rclk=1,0x3442a9666e9f721d:0x8aefbd57ef6d5d45
1244,ZU Rita,5,1 年前,"喜歡很好吃 服務態度棒

",2022-11-21,https://www.google.com.tw/maps/place/%E7%AF%89%E9%96%93%E5%B9%B8%E7%A6%8F%E9%8D%8B%E7%89%A9+%E5%8F%B0%E5%8C%97%E5%8D%97%E4%BA%AC%E4%B8%80%E5%BA%97/data=!4m7!3m6!1s0x3442a9666e9f721d:0x8aefbd57ef6d5d45!8m2!3d25.0518598!4d121.5273867!16s%2Fg%2F11b7cqtsy0!19sChIJHXKfbmapQjQRRV1t71e974o?authuser=0&hl=zh-TW&rclk=1,0x3442a9666e9f721d:0x8aefbd57ef6d5d45
1245,我是熊,5,1 年前,,2022-11-21,https://www.google.com.tw/maps/place/%E7%AF%89%E9%96%93%E5%B9%B8%E7%A6%8F%E9%8D%8B%E7%89%A9+%E5%8F%B0%E5%8C%97%E5%8D%97%E4%BA%AC%E4%B8%80%E5%BA%97/data=!4m7!3m6!1s0x3442a9666e9f721d:0x8aefbd57ef6d5d45!8m2!3d25.0518598!4d121.5273867!16s%2Fg%2F11b7cqtsy0!19sChIJHXKfbmapQjQRRV1t71e974o?authuser=0&hl=zh-TW&rclk=1,0x3442a9666e9f721d:0x8aefbd57ef6d5d45
1246,眾神的恩賜,2,1 年前,"等了兩小時  
剩下一組客人又等了30分鐘  
但幸好服務態度不錯

",2022-11-21,https://www.google.com.tw/maps/place/%E7%AF%89%E9%96%93%E5%B9%B8%E7%A6%8F%E9%8D%8B%E7%89%A9+%E5%8F%B0%E5%8C%97%E5%8D%97%E4%BA%AC%E4%B8%80%E5%BA%97/data=!4m7!3m6!1s0x3442a9666e9f721d:0x8aefbd57ef6d5d45!8m2!3d25.0518598!4d121.5273867!16s%2Fg%2F11b7cqtsy0!19sChIJHXKfbmapQjQRRV1t71e974o?authuser=0&hl=zh-TW&rclk=1,0x3442a9666e9f721d:0x8aefbd57ef6d5d45
1247,Min Lee,1,1 年前,"10組等兩小時，剩下一組等30分  
也不能給個大概要等到多久  
位置都留給訂位很棒是不是

",2022-11-21,https://www.google.com.tw/maps/place/%E7%AF%89%E9%96%93%E5%B9%B8%E7%A6%8F%E9%8D%8B%E7%89%A9+%E5%8F%B0%E5%8C%97%E5%8D%97%E4%BA%AC%E4%B8%80%E5%BA%97/data=!4m7!3m6!1s0x3442a9666e9f721d:0x8aefbd57ef6d5d45!8m2!3d25.0518598!4d121.5273867!16s%2Fg%2F11b7cqtsy0!19sChIJHXKfbmapQjQRRV1t71e974o?authuser=0&hl=zh-TW&rclk=1,0x3442a9666e9f721d:0x8aefbd57ef6d5d45
1248,鄭孟謙,1,1 年前,"東西好吃，但服務生速度實在太遲緩

",2022-11-21,https://www.google.com.tw/maps/place/%E7%AF%89%E9%96%93%E5%B9%B8%E7%A6%8F%E9%8D%8B%E7%89%A9+%E5%8F%B0%E5%8C%97%E5%8D%97%E4%BA%AC%E4%B8%80%E5%BA%97/data=!4m7!3m6!1s0x3442a9666e9f721d:0x8aefbd57ef6d5d45!8m2!3d25.0518598!4d121.5273867!16s%2Fg%2F11b7cqtsy0!19sChIJHXKfbmapQjQRRV1t71e974o?authuser=0&hl=zh-TW&rclk=1,0x3442a9666e9f721d:0x8aefbd57ef6d5d45
1249,哲猴齁,5,1 年前,"環境明亮乾淨

",2022-11-21,https://www.google.com.tw/maps/place/%E7%AF%89%E9%96%93%E5%B9%B8%E7%A6%8F%E9%8D%8B%E7%89%A9+%E5%8F%B0%E5%8C%97%E5%8D%97%E4%BA%AC%E4%B8%80%E5%BA%97/data=!4m7!3m6!1s0x3442a9666e9f721d:0x8aefbd57ef6d5d45!8m2!3d25.0518598!4d121.5273867!16s%2Fg%2F11b7cqtsy0!19sChIJHXKfbmapQjQRRV1t71e974o?authuser=0&hl=zh-TW&rclk=1,0x3442a9666e9f721d:0x8aefbd57ef6d5d45
1250,Bright Peng,4,1 年前,"適合聚餐派對

",2022-11-21,https://www.google.com.tw/maps/place/%E7%AF%89%E9%96%93%E5%B9%B8%E7%A6%8F%E9%8D%8B%E7%89%A9+%E5%8F%B0%E5%8C%97%E5%8D%97%E4%BA%AC%E4%B8%80%E5%BA%97/data=!4m7!3m6!1s0x3442a9666e9f721d:0x8aefbd57ef6d5d45!8m2!3d25.0518598!4d121.5273867!16s%2Fg%2F11b7cqtsy0!19sChIJHXKfbmapQjQRRV1t71e974o?authuser=0&hl=zh-TW&rclk=1,0x3442a9666e9f721d:0x8aefbd57ef6d5d45
1251,wong jason,4,1 年前,"被朋友推坑的火鍋店。很愛他們家的牛肉片

",2022-11-21,https://www.google.com.tw/maps/place/%E7%AF%89%E9%96%93%E5%B9%B8%E7%A6%8F%E9%8D%8B%E7%89%A9+%E5%8F%B0%E5%8C%97%E5%8D%97%E4%BA%AC%E4%B8%80%E5%BA%97/data=!4m7!3m6!1s0x3442a9666e9f721d:0x8aefbd57ef6d5d45!8m2!3d25.0518598!4d121.5273867!16s%2Fg%2F11b7cqtsy0!19sChIJHXKfbmapQjQRRV1t71e974o?authuser=0&hl=zh-TW&rclk=1,0x3442a9666e9f721d:0x8aefbd57ef6d5d45
1252,Dan,5,1 年前,"好粗哪次不好粗 岑珈

",2022-11-21,https://www.google.com.tw/maps/place/%E7%AF%89%E9%96%93%E5%B9%B8%E7%A6%8F%E9%8D%8B%E7%89%A9+%E5%8F%B0%E5%8C%97%E5%8D%97%E4%BA%AC%E4%B8%80%E5%BA%97/data=!4m7!3m6!1s0x3442a9666e9f721d:0x8aefbd57ef6d5d45!8m2!3d25.0518598!4d121.5273867!16s%2Fg%2F11b7cqtsy0!19sChIJHXKfbmapQjQRRV1t71e974o?authuser=0&hl=zh-TW&rclk=1,0x3442a9666e9f721d:0x8aefbd57ef6d5d45
1253,邱子維（ISSAC）,5,1 年前,"好吃  
豪爽

",2022-11-21,https://www.google.com.tw/maps/place/%E7%AF%89%E9%96%93%E5%B9%B8%E7%A6%8F%E9%8D%8B%E7%89%A9+%E5%8F%B0%E5%8C%97%E5%8D%97%E4%BA%AC%E4%B8%80%E5%BA%97/data=!4m7!3m6!1s0x3442a9666e9f721d:0x8aefbd57ef6d5d45!8m2!3d25.0518598!4d121.5273867!16s%2Fg%2F11b7cqtsy0!19sChIJHXKfbmapQjQRRV1t71e974o?authuser=0&hl=zh-TW&rclk=1,0x3442a9666e9f721d:0x8aefbd57ef6d5d45
1254,陳致宇,3,1 年前,,2022-11-21,https://www.google.com.tw/maps/place/%E7%AF%89%E9%96%93%E5%B9%B8%E7%A6%8F%E9%8D%8B%E7%89%A9+%E5%8F%B0%E5%8C%97%E5%8D%97%E4%BA%AC%E4%B8%80%E5%BA%97/data=!4m7!3m6!1s0x3442a9666e9f721d:0x8aefbd57ef6d5d45!8m2!3d25.0518598!4d121.5273867!16s%2Fg%2F11b7cqtsy0!19sChIJHXKfbmapQjQRRV1t71e974o?authuser=0&hl=zh-TW&rclk=1,0x3442a9666e9f721d:0x8aefbd57ef6d5d45
1255,夏宇,5,1 年前,"對面即林森公園停車場非常方便，店內雖不大約40個座位，但空間裝潢明亮乾淨，食材新鮮，價位親民，可以很舒適用餐，另冷飲茶飲咖啡冰淇淋眾多無限享用， ！

",2022-11-21,https://www.google.com.tw/maps/place/%E7%AF%89%E9%96%93%E5%B9%B8%E7%A6%8F%E9%8D%8B%E7%89%A9+%E5%8F%B0%E5%8C%97%E5%8D%97%E4%BA%AC%E4%B8%80%E5%BA%97/data=!4m7!3m6!1s0x3442a9666e9f721d:0x8aefbd57ef6d5d45!8m2!3d25.0518598!4d121.5273867!16s%2Fg%2F11b7cqtsy0!19sChIJHXKfbmapQjQRRV1t71e974o?authuser=0&hl=zh-TW&rclk=1,0x3442a9666e9f721d:0x8aefbd57ef6d5d45
1256,李易學,2,1 年前,"環境3 服務4 湯頭2 菜盤4 肉質1  
肥牛太薄口感很柴應該用的是便宜的肉  
松阪，不脆不甜，  
(豬梅花，松阪，羊肉等等)這樣的價位還用組合肉  
整體來說，湯頭感覺就上調味份泡出來  
肉都是用廉價肉  
蔥跟香菜預切ok但是是否擺過久或是忘記使用保鮮膜整個就是變成蔥乾香菜乾  
加價點了一碗蔥油飯，說真的非常差  
服務還行，但是老闆選用的食材無法認同

",2022-11-21,https://www.google.com.tw/maps/place/%E7%AF%89%E9%96%93%E5%B9%B8%E7%A6%8F%E9%8D%8B%E7%89%A9+%E5%8F%B0%E5%8C%97%E5%8D%97%E4%BA%AC%E4%B8%80%E5%BA%97/data=!4m7!3m6!1s0x3442a9666e9f721d:0x8aefbd57ef6d5d45!8m2!3d25.0518598!4d121.5273867!16s%2Fg%2F11b7cqtsy0!19sChIJHXKfbmapQjQRRV1t71e974o?authuser=0&hl=zh-TW&rclk=1,0x3442a9666e9f721d:0x8aefbd57ef6d5d45
1257,Passion Chang,5,1 年前,,2022-11-21,https://www.google.com.tw/maps/place/%E7%AF%89%E9%96%93%E5%B9%B8%E7%A6%8F%E9%8D%8B%E7%89%A9+%E5%8F%B0%E5%8C%97%E5%8D%97%E4%BA%AC%E4%B8%80%E5%BA%97/data=!4m7!3m6!1s0x3442a9666e9f721d:0x8aefbd57ef6d5d45!8m2!3d25.0518598!4d121.5273867!16s%2Fg%2F11b7cqtsy0!19sChIJHXKfbmapQjQRRV1t71e974o?authuser=0&hl=zh-TW&rclk=1,0x3442a9666e9f721d:0x8aefbd57ef6d5d45
1258,ブランド クラフトマン,3,1 年前,"裝潢設計很特別 空間寬敞舒適 食材新鮮應有盡有  
距離中山站出口1徒步10min 值得一訪！

",2022-11-21,https://www.google.com.tw/maps/place/%E7%AF%89%E9%96%93%E5%B9%B8%E7%A6%8F%E9%8D%8B%E7%89%A9+%E5%8F%B0%E5%8C%97%E5%8D%97%E4%BA%AC%E4%B8%80%E5%BA%97/data=!4m7!3m6!1s0x3442a9666e9f721d:0x8aefbd57ef6d5d45!8m2!3d25.0518598!4d121.5273867!16s%2Fg%2F11b7cqtsy0!19sChIJHXKfbmapQjQRRV1t71e974o?authuser=0&hl=zh-TW&rclk=1,0x3442a9666e9f721d:0x8aefbd57ef6d5d45
1259,珞珞,5,1 年前,"子庭跟瑜瑜服務超好❤️

",2022-11-21,https://www.google.com.tw/maps/place/%E7%AF%89%E9%96%93%E5%B9%B8%E7%A6%8F%E9%8D%8B%E7%89%A9+%E5%8F%B0%E5%8C%97%E5%8D%97%E4%BA%AC%E4%B8%80%E5%BA%97/data=!4m7!3m6!1s0x3442a9666e9f721d:0x8aefbd57ef6d5d45!8m2!3d25.0518598!4d121.5273867!16s%2Fg%2F11b7cqtsy0!19sChIJHXKfbmapQjQRRV1t71e974o?authuser=0&hl=zh-TW&rclk=1,0x3442a9666e9f721d:0x8aefbd57ef6d5d45
1260,黃博恩,1,1 年前,"我們是2月20日下午4點，在台北南京店吃的。  
我不知道這家店有甚麼地方讓我覺得是值得一提的?  
大家都吃過很多吃到飽火鍋，  
用和牛二字來吸引客人， 也要有點真材實料，我不知道我所吃的是甚麼樣的牛肉，但沒有那價值讓我花800多元吃這樣的牛肉!  
不會再去了!

",2022-11-21,https://www.google.com.tw/maps/place/%E7%AF%89%E9%96%93%E5%B9%B8%E7%A6%8F%E9%8D%8B%E7%89%A9+%E5%8F%B0%E5%8C%97%E5%8D%97%E4%BA%AC%E4%B8%80%E5%BA%97/data=!4m7!3m6!1s0x3442a9666e9f721d:0x8aefbd57ef6d5d45!8m2!3d25.0518598!4d121.5273867!16s%2Fg%2F11b7cqtsy0!19sChIJHXKfbmapQjQRRV1t71e974o?authuser=0&hl=zh-TW&rclk=1,0x3442a9666e9f721d:0x8aefbd57ef6d5d45
1261,鄭宇唯,5,1 年前,"俞俞 逸寧 服務超優 ！！

",2022-11-21,https://www.google.com.tw/maps/place/%E7%AF%89%E9%96%93%E5%B9%B8%E7%A6%8F%E9%8D%8B%E7%89%A9+%E5%8F%B0%E5%8C%97%E5%8D%97%E4%BA%AC%E4%B8%80%E5%BA%97/data=!4m7!3m6!1s0x3442a9666e9f721d:0x8aefbd57ef6d5d45!8m2!3d25.0518598!4d121.5273867!16s%2Fg%2F11b7cqtsy0!19sChIJHXKfbmapQjQRRV1t71e974o?authuser=0&hl=zh-TW&rclk=1,0x3442a9666e9f721d:0x8aefbd57ef6d5d45
1262,楊凱翔,4,1 年前,"甜點飲料種類多，價位中等。

",2022-11-21,https://www.google.com.tw/maps/place/%E7%AF%89%E9%96%93%E5%B9%B8%E7%A6%8F%E9%8D%8B%E7%89%A9+%E5%8F%B0%E5%8C%97%E5%8D%97%E4%BA%AC%E4%B8%80%E5%BA%97/data=!4m7!3m6!1s0x3442a9666e9f721d:0x8aefbd57ef6d5d45!8m2!3d25.0518598!4d121.5273867!16s%2Fg%2F11b7cqtsy0!19sChIJHXKfbmapQjQRRV1t71e974o?authuser=0&hl=zh-TW&rclk=1,0x3442a9666e9f721d:0x8aefbd57ef6d5d45
1263,Jane Lee,5,1 年前,,2022-11-21,https://www.google.com.tw/maps/place/%E7%AF%89%E9%96%93%E5%B9%B8%E7%A6%8F%E9%8D%8B%E7%89%A9+%E5%8F%B0%E5%8C%97%E5%8D%97%E4%BA%AC%E4%B8%80%E5%BA%97/data=!4m7!3m6!1s0x3442a9666e9f721d:0x8aefbd57ef6d5d45!8m2!3d25.0518598!4d121.5273867!16s%2Fg%2F11b7cqtsy0!19sChIJHXKfbmapQjQRRV1t71e974o?authuser=0&hl=zh-TW&rclk=1,0x3442a9666e9f721d:0x8aefbd57ef6d5d45
1264,Yoona,5,1 年前,,2022-11-21,https://www.google.com.tw/maps/place/%E7%AF%89%E9%96%93%E5%B9%B8%E7%A6%8F%E9%8D%8B%E7%89%A9+%E5%8F%B0%E5%8C%97%E5%8D%97%E4%BA%AC%E4%B8%80%E5%BA%97/data=!4m7!3m6!1s0x3442a9666e9f721d:0x8aefbd57ef6d5d45!8m2!3d25.0518598!4d121.5273867!16s%2Fg%2F11b7cqtsy0!19sChIJHXKfbmapQjQRRV1t71e974o?authuser=0&hl=zh-TW&rclk=1,0x3442a9666e9f721d:0x8aefbd57ef6d5d45
1265,Clair,5,1 年前,"好吃！但是空間有點小擠

",2022-11-21,https://www.google.com.tw/maps/place/%E7%AF%89%E9%96%93%E5%B9%B8%E7%A6%8F%E9%8D%8B%E7%89%A9+%E5%8F%B0%E5%8C%97%E5%8D%97%E4%BA%AC%E4%B8%80%E5%BA%97/data=!4m7!3m6!1s0x3442a9666e9f721d:0x8aefbd57ef6d5d45!8m2!3d25.0518598!4d121.5273867!16s%2Fg%2F11b7cqtsy0!19sChIJHXKfbmapQjQRRV1t71e974o?authuser=0&hl=zh-TW&rclk=1,0x3442a9666e9f721d:0x8aefbd57ef6d5d45
1266,林旻,5,1 年前,,2022-11-21,https://www.google.com.tw/maps/place/%E7%AF%89%E9%96%93%E5%B9%B8%E7%A6%8F%E9%8D%8B%E7%89%A9+%E5%8F%B0%E5%8C%97%E5%8D%97%E4%BA%AC%E4%B8%80%E5%BA%97/data=!4m7!3m6!1s0x3442a9666e9f721d:0x8aefbd57ef6d5d45!8m2!3d25.0518598!4d121.5273867!16s%2Fg%2F11b7cqtsy0!19sChIJHXKfbmapQjQRRV1t71e974o?authuser=0&hl=zh-TW&rclk=1,0x3442a9666e9f721d:0x8aefbd57ef6d5d45
1267,19邱韋明,5,1 年前,,2022-11-21,https://www.google.com.tw/maps/place/%E7%AF%89%E9%96%93%E5%B9%B8%E7%A6%8F%E9%8D%8B%E7%89%A9+%E5%8F%B0%E5%8C%97%E5%8D%97%E4%BA%AC%E4%B8%80%E5%BA%97/data=!4m7!3m6!1s0x3442a9666e9f721d:0x8aefbd57ef6d5d45!8m2!3d25.0518598!4d121.5273867!16s%2Fg%2F11b7cqtsy0!19sChIJHXKfbmapQjQRRV1t71e974o?authuser=0&hl=zh-TW&rclk=1,0x3442a9666e9f721d:0x8aefbd57ef6d5d45
1268,旅人,5,1 年前,"平價且湯頭好吃的火鍋店，常常訂不到位置。人氣之所以這麼旺就是在於它的食材用料以及用心熬煮的湯頭。  
再來就是火鍋店的位置，位於交通便利之地，不管是捷運還是公車都能夠輕易到達。就算開車，旁邊也有停車場可以停。  
真心大推薦，每次用餐還能夠累積點數，點數能兌換肉盤、海鮮等食材。真的會讓人下次還想再來。

",2022-11-21,https://www.google.com.tw/maps/place/%E7%AF%89%E9%96%93%E5%B9%B8%E7%A6%8F%E9%8D%8B%E7%89%A9+%E5%8F%B0%E5%8C%97%E5%8D%97%E4%BA%AC%E4%B8%80%E5%BA%97/data=!4m7!3m6!1s0x3442a9666e9f721d:0x8aefbd57ef6d5d45!8m2!3d25.0518598!4d121.5273867!16s%2Fg%2F11b7cqtsy0!19sChIJHXKfbmapQjQRRV1t71e974o?authuser=0&hl=zh-TW&rclk=1,0x3442a9666e9f721d:0x8aefbd57ef6d5d45
1269,林偕和,5,1 年前,,2022-11-21,https://www.google.com.tw/maps/place/%E7%AF%89%E9%96%93%E5%B9%B8%E7%A6%8F%E9%8D%8B%E7%89%A9+%E5%8F%B0%E5%8C%97%E5%8D%97%E4%BA%AC%E4%B8%80%E5%BA%97/data=!4m7!3m6!1s0x3442a9666e9f721d:0x8aefbd57ef6d5d45!8m2!3d25.0518598!4d121.5273867!16s%2Fg%2F11b7cqtsy0!19sChIJHXKfbmapQjQRRV1t71e974o?authuser=0&hl=zh-TW&rclk=1,0x3442a9666e9f721d:0x8aefbd57ef6d5d45
1270,jay Lee,5,1 年前,"俞俞 服務品質好 好吃

",2022-11-21,https://www.google.com.tw/maps/place/%E7%AF%89%E9%96%93%E5%B9%B8%E7%A6%8F%E9%8D%8B%E7%89%A9+%E5%8F%B0%E5%8C%97%E5%8D%97%E4%BA%AC%E4%B8%80%E5%BA%97/data=!4m7!3m6!1s0x3442a9666e9f721d:0x8aefbd57ef6d5d45!8m2!3d25.0518598!4d121.5273867!16s%2Fg%2F11b7cqtsy0!19sChIJHXKfbmapQjQRRV1t71e974o?authuser=0&hl=zh-TW&rclk=1,0x3442a9666e9f721d:0x8aefbd57ef6d5d45
1271,奕鈞瀚,5,1 年前,,2022-11-21,https://www.google.com.tw/maps/place/%E7%AF%89%E9%96%93%E5%B9%B8%E7%A6%8F%E9%8D%8B%E7%89%A9+%E5%8F%B0%E5%8C%97%E5%8D%97%E4%BA%AC%E4%B8%80%E5%BA%97/data=!4m7!3m6!1s0x3442a9666e9f721d:0x8aefbd57ef6d5d45!8m2!3d25.0518598!4d121.5273867!16s%2Fg%2F11b7cqtsy0!19sChIJHXKfbmapQjQRRV1t71e974o?authuser=0&hl=zh-TW&rclk=1,0x3442a9666e9f721d:0x8aefbd57ef6d5d45
1272,W L,3,1 年前,"生意真的非常好！很會做生意的店家很有一套的連鎖店，點數兌換東西都是正貨！給的大氣，消費者吃得開心東西都有一定水準，飲料點心也是沒有奇怪的品牌濫於充數。共鍋的規則也都寫得清楚，用餐愉快的場所。

",2022-11-21,https://www.google.com.tw/maps/place/%E7%AF%89%E9%96%93%E5%B9%B8%E7%A6%8F%E9%8D%8B%E7%89%A9+%E5%8F%B0%E5%8C%97%E5%8D%97%E4%BA%AC%E4%B8%80%E5%BA%97/data=!4m7!3m6!1s0x3442a9666e9f721d:0x8aefbd57ef6d5d45!8m2!3d25.0518598!4d121.5273867!16s%2Fg%2F11b7cqtsy0!19sChIJHXKfbmapQjQRRV1t71e974o?authuser=0&hl=zh-TW&rclk=1,0x3442a9666e9f721d:0x8aefbd57ef6d5d45
1273,huichung Hu,5,1 年前,"我那天沒訂位  
現場等了2小時  
  
但很值得  
終於知道生意為什麼這麼好  
點了蛤蜊湯底跟牛髓湯底  
湯很好喝  
菜盤跟主食都份量很足  
一開始還想說怎麼有點貴  
但吃起來 超划算  
吃超飽  
還有飲料跟冰品可以自助  
感受得到店員很忙  
但服務態度都很好 沒有不耐煩  
結帳還很親切的提醒我們過年休假時間  
不要撲空  
直接納入喜愛鍋物清單  
  

",2022-11-21,https://www.google.com.tw/maps/place/%E7%AF%89%E9%96%93%E5%B9%B8%E7%A6%8F%E9%8D%8B%E7%89%A9+%E5%8F%B0%E5%8C%97%E5%8D%97%E4%BA%AC%E4%B8%80%E5%BA%97/data=!4m7!3m6!1s0x3442a9666e9f721d:0x8aefbd57ef6d5d45!8m2!3d25.0518598!4d121.5273867!16s%2Fg%2F11b7cqtsy0!19sChIJHXKfbmapQjQRRV1t71e974o?authuser=0&hl=zh-TW&rclk=1,0x3442a9666e9f721d:0x8aefbd57ef6d5d45
1274,Lin,5,1 年前,"俞俞 逸寧 子庭 服務態度良好 服務周到 東西好吃～不過我不小心放屁應該沒被聽到吧

",2022-11-21,https://www.google.com.tw/maps/place/%E7%AF%89%E9%96%93%E5%B9%B8%E7%A6%8F%E9%8D%8B%E7%89%A9+%E5%8F%B0%E5%8C%97%E5%8D%97%E4%BA%AC%E4%B8%80%E5%BA%97/data=!4m7!3m6!1s0x3442a9666e9f721d:0x8aefbd57ef6d5d45!8m2!3d25.0518598!4d121.5273867!16s%2Fg%2F11b7cqtsy0!19sChIJHXKfbmapQjQRRV1t71e974o?authuser=0&hl=zh-TW&rclk=1,0x3442a9666e9f721d:0x8aefbd57ef6d5d45
1275,連文瑞,5,1 年前,"俞俞 逸寧 子庭 服務周到 完全五星級的表現！絕對二訪

",2022-11-21,https://www.google.com.tw/maps/place/%E7%AF%89%E9%96%93%E5%B9%B8%E7%A6%8F%E9%8D%8B%E7%89%A9+%E5%8F%B0%E5%8C%97%E5%8D%97%E4%BA%AC%E4%B8%80%E5%BA%97/data=!4m7!3m6!1s0x3442a9666e9f721d:0x8aefbd57ef6d5d45!8m2!3d25.0518598!4d121.5273867!16s%2Fg%2F11b7cqtsy0!19sChIJHXKfbmapQjQRRV1t71e974o?authuser=0&hl=zh-TW&rclk=1,0x3442a9666e9f721d:0x8aefbd57ef6d5d45
1276,陳巧蓁,5,1 年前,"俞俞是微笑大使，笑容不斷，讚

",2022-11-21,https://www.google.com.tw/maps/place/%E7%AF%89%E9%96%93%E5%B9%B8%E7%A6%8F%E9%8D%8B%E7%89%A9+%E5%8F%B0%E5%8C%97%E5%8D%97%E4%BA%AC%E4%B8%80%E5%BA%97/data=!4m7!3m6!1s0x3442a9666e9f721d:0x8aefbd57ef6d5d45!8m2!3d25.0518598!4d121.5273867!16s%2Fg%2F11b7cqtsy0!19sChIJHXKfbmapQjQRRV1t71e974o?authuser=0&hl=zh-TW&rclk=1,0x3442a9666e9f721d:0x8aefbd57ef6d5d45
1277,Chia,5,1 年前,,2022-11-21,https://www.google.com.tw/maps/place/%E7%AF%89%E9%96%93%E5%B9%B8%E7%A6%8F%E9%8D%8B%E7%89%A9+%E5%8F%B0%E5%8C%97%E5%8D%97%E4%BA%AC%E4%B8%80%E5%BA%97/data=!4m7!3m6!1s0x3442a9666e9f721d:0x8aefbd57ef6d5d45!8m2!3d25.0518598!4d121.5273867!16s%2Fg%2F11b7cqtsy0!19sChIJHXKfbmapQjQRRV1t71e974o?authuser=0&hl=zh-TW&rclk=1,0x3442a9666e9f721d:0x8aefbd57ef6d5d45
1278,Toby Lin,5,1 年前,"第一次吃南京店  
感受到店員的熱情服務  
以後一定會常來光顧  
特別感謝今天服務我們的俞俞、易融及冠鋐  
給了我們美好的一個夜晚

",2022-11-21,https://www.google.com.tw/maps/place/%E7%AF%89%E9%96%93%E5%B9%B8%E7%A6%8F%E9%8D%8B%E7%89%A9+%E5%8F%B0%E5%8C%97%E5%8D%97%E4%BA%AC%E4%B8%80%E5%BA%97/data=!4m7!3m6!1s0x3442a9666e9f721d:0x8aefbd57ef6d5d45!8m2!3d25.0518598!4d121.5273867!16s%2Fg%2F11b7cqtsy0!19sChIJHXKfbmapQjQRRV1t71e974o?authuser=0&hl=zh-TW&rclk=1,0x3442a9666e9f721d:0x8aefbd57ef6d5d45
1279,Yucee Chang,5,1 年前,"吃過忠孝二店再來吃這間  
發現服務差超多！南京店服務超好  
俞俞超貼心帶位很久沒看到這麼用心的服務人員  
還有易融和冠鋐  
做得好的人需要被獎勵一下所以打上來  
是很愉快的用餐經驗  
以後吃築間要吃南京店了！

",2022-11-21,https://www.google.com.tw/maps/place/%E7%AF%89%E9%96%93%E5%B9%B8%E7%A6%8F%E9%8D%8B%E7%89%A9+%E5%8F%B0%E5%8C%97%E5%8D%97%E4%BA%AC%E4%B8%80%E5%BA%97/data=!4m7!3m6!1s0x3442a9666e9f721d:0x8aefbd57ef6d5d45!8m2!3d25.0518598!4d121.5273867!16s%2Fg%2F11b7cqtsy0!19sChIJHXKfbmapQjQRRV1t71e974o?authuser=0&hl=zh-TW&rclk=1,0x3442a9666e9f721d:0x8aefbd57ef6d5d45
1280,Roin Liu,5,1 年前,"俞俞，易融，冠鋐的服務超親切！

",2022-11-21,https://www.google.com.tw/maps/place/%E7%AF%89%E9%96%93%E5%B9%B8%E7%A6%8F%E9%8D%8B%E7%89%A9+%E5%8F%B0%E5%8C%97%E5%8D%97%E4%BA%AC%E4%B8%80%E5%BA%97/data=!4m7!3m6!1s0x3442a9666e9f721d:0x8aefbd57ef6d5d45!8m2!3d25.0518598!4d121.5273867!16s%2Fg%2F11b7cqtsy0!19sChIJHXKfbmapQjQRRV1t71e974o?authuser=0&hl=zh-TW&rclk=1,0x3442a9666e9f721d:0x8aefbd57ef6d5d45
1281,依婷,4,1 年前,,2022-11-21,https://www.google.com.tw/maps/place/%E7%AF%89%E9%96%93%E5%B9%B8%E7%A6%8F%E9%8D%8B%E7%89%A9+%E5%8F%B0%E5%8C%97%E5%8D%97%E4%BA%AC%E4%B8%80%E5%BA%97/data=!4m7!3m6!1s0x3442a9666e9f721d:0x8aefbd57ef6d5d45!8m2!3d25.0518598!4d121.5273867!16s%2Fg%2F11b7cqtsy0!19sChIJHXKfbmapQjQRRV1t71e974o?authuser=0&hl=zh-TW&rclk=1,0x3442a9666e9f721d:0x8aefbd57ef6d5d45
1282,簡百辰,5,1 年前,"整體品質和服務就是比忠孝二店好很多，別被評價騙了

",2022-11-21,https://www.google.com.tw/maps/place/%E7%AF%89%E9%96%93%E5%B9%B8%E7%A6%8F%E9%8D%8B%E7%89%A9+%E5%8F%B0%E5%8C%97%E5%8D%97%E4%BA%AC%E4%B8%80%E5%BA%97/data=!4m7!3m6!1s0x3442a9666e9f721d:0x8aefbd57ef6d5d45!8m2!3d25.0518598!4d121.5273867!16s%2Fg%2F11b7cqtsy0!19sChIJHXKfbmapQjQRRV1t71e974o?authuser=0&hl=zh-TW&rclk=1,0x3442a9666e9f721d:0x8aefbd57ef6d5d45
1283,陳耀堂,5,1 年前,"爽吃

",2022-11-21,https://www.google.com.tw/maps/place/%E7%AF%89%E9%96%93%E5%B9%B8%E7%A6%8F%E9%8D%8B%E7%89%A9+%E5%8F%B0%E5%8C%97%E5%8D%97%E4%BA%AC%E4%B8%80%E5%BA%97/data=!4m7!3m6!1s0x3442a9666e9f721d:0x8aefbd57ef6d5d45!8m2!3d25.0518598!4d121.5273867!16s%2Fg%2F11b7cqtsy0!19sChIJHXKfbmapQjQRRV1t71e974o?authuser=0&hl=zh-TW&rclk=1,0x3442a9666e9f721d:0x8aefbd57ef6d5d45
1284,呂沅潤,5,1 年前,"爽賺一盤肉(⁎⁍̴̛ᴗ⁍̴̛⁎)

",2022-11-21,https://www.google.com.tw/maps/place/%E7%AF%89%E9%96%93%E5%B9%B8%E7%A6%8F%E9%8D%8B%E7%89%A9+%E5%8F%B0%E5%8C%97%E5%8D%97%E4%BA%AC%E4%B8%80%E5%BA%97/data=!4m7!3m6!1s0x3442a9666e9f721d:0x8aefbd57ef6d5d45!8m2!3d25.0518598!4d121.5273867!16s%2Fg%2F11b7cqtsy0!19sChIJHXKfbmapQjQRRV1t71e974o?authuser=0&hl=zh-TW&rclk=1,0x3442a9666e9f721d:0x8aefbd57ef6d5d45
1285,Hong Su,5,1 年前,"築間與樓上的日暮裏同集團，相較於日暮裏的吃到飽，築間小火鍋性質，小而美，食材還算新鮮，調味料、飲料、甜點都與日暮裏相同，個人鍋選擇多，可惜空間不算大，員工忙翻似乎較難注意客人的需求。以CP值來說，比較推薦日暮裏。

",2022-11-21,https://www.google.com.tw/maps/place/%E7%AF%89%E9%96%93%E5%B9%B8%E7%A6%8F%E9%8D%8B%E7%89%A9+%E5%8F%B0%E5%8C%97%E5%8D%97%E4%BA%AC%E4%B8%80%E5%BA%97/data=!4m7!3m6!1s0x3442a9666e9f721d:0x8aefbd57ef6d5d45!8m2!3d25.0518598!4d121.5273867!16s%2Fg%2F11b7cqtsy0!19sChIJHXKfbmapQjQRRV1t71e974o?authuser=0&hl=zh-TW&rclk=1,0x3442a9666e9f721d:0x8aefbd57ef6d5d45
1286,何冠朋,5,1 年前,"工作人員雖然忙碌但服務態度依然良好！  
老饕牛肉味道很夠很特別、蛤蜊草蝦新鮮好吃！  
雖然許久沒來築間用餐了，但依舊維持水準！推～～～

",2022-11-21,https://www.google.com.tw/maps/place/%E7%AF%89%E9%96%93%E5%B9%B8%E7%A6%8F%E9%8D%8B%E7%89%A9+%E5%8F%B0%E5%8C%97%E5%8D%97%E4%BA%AC%E4%B8%80%E5%BA%97/data=!4m7!3m6!1s0x3442a9666e9f721d:0x8aefbd57ef6d5d45!8m2!3d25.0518598!4d121.5273867!16s%2Fg%2F11b7cqtsy0!19sChIJHXKfbmapQjQRRV1t71e974o?authuser=0&hl=zh-TW&rclk=1,0x3442a9666e9f721d:0x8aefbd57ef6d5d45
1287,王子哥（王子哥的台灣旅遊美食頻道）,4,1 年前,"美祿冰沙味道太淡有點可惜，飲料區沒有冰塊，菜盤與肉都不錯也夠份量！

",2022-11-21,https://www.google.com.tw/maps/place/%E7%AF%89%E9%96%93%E5%B9%B8%E7%A6%8F%E9%8D%8B%E7%89%A9+%E5%8F%B0%E5%8C%97%E5%8D%97%E4%BA%AC%E4%B8%80%E5%BA%97/data=!4m7!3m6!1s0x3442a9666e9f721d:0x8aefbd57ef6d5d45!8m2!3d25.0518598!4d121.5273867!16s%2Fg%2F11b7cqtsy0!19sChIJHXKfbmapQjQRRV1t71e974o?authuser=0&hl=zh-TW&rclk=1,0x3442a9666e9f721d:0x8aefbd57ef6d5d45
1288,any wei,4,1 年前,,2022-11-21,https://www.google.com.tw/maps/place/%E7%AF%89%E9%96%93%E5%B9%B8%E7%A6%8F%E9%8D%8B%E7%89%A9+%E5%8F%B0%E5%8C%97%E5%8D%97%E4%BA%AC%E4%B8%80%E5%BA%97/data=!4m7!3m6!1s0x3442a9666e9f721d:0x8aefbd57ef6d5d45!8m2!3d25.0518598!4d121.5273867!16s%2Fg%2F11b7cqtsy0!19sChIJHXKfbmapQjQRRV1t71e974o?authuser=0&hl=zh-TW&rclk=1,0x3442a9666e9f721d:0x8aefbd57ef6d5d45
1289,La Kelly,5,1 年前,,2022-11-21,https://www.google.com.tw/maps/place/%E7%AF%89%E9%96%93%E5%B9%B8%E7%A6%8F%E9%8D%8B%E7%89%A9+%E5%8F%B0%E5%8C%97%E5%8D%97%E4%BA%AC%E4%B8%80%E5%BA%97/data=!4m7!3m6!1s0x3442a9666e9f721d:0x8aefbd57ef6d5d45!8m2!3d25.0518598!4d121.5273867!16s%2Fg%2F11b7cqtsy0!19sChIJHXKfbmapQjQRRV1t71e974o?authuser=0&hl=zh-TW&rclk=1,0x3442a9666e9f721d:0x8aefbd57ef6d5d45
1290,Bertha Lin,5,1 年前,"終於有熱飲了  
讚

",2022-11-21,https://www.google.com.tw/maps/place/%E7%AF%89%E9%96%93%E5%B9%B8%E7%A6%8F%E9%8D%8B%E7%89%A9+%E5%8F%B0%E5%8C%97%E5%8D%97%E4%BA%AC%E4%B8%80%E5%BA%97/data=!4m7!3m6!1s0x3442a9666e9f721d:0x8aefbd57ef6d5d45!8m2!3d25.0518598!4d121.5273867!16s%2Fg%2F11b7cqtsy0!19sChIJHXKfbmapQjQRRV1t71e974o?authuser=0&hl=zh-TW&rclk=1,0x3442a9666e9f721d:0x8aefbd57ef6d5d45
1291,林,5,1 年前,"服務很好喔

",2022-11-21,https://www.google.com.tw/maps/place/%E7%AF%89%E9%96%93%E5%B9%B8%E7%A6%8F%E9%8D%8B%E7%89%A9+%E5%8F%B0%E5%8C%97%E5%8D%97%E4%BA%AC%E4%B8%80%E5%BA%97/data=!4m7!3m6!1s0x3442a9666e9f721d:0x8aefbd57ef6d5d45!8m2!3d25.0518598!4d121.5273867!16s%2Fg%2F11b7cqtsy0!19sChIJHXKfbmapQjQRRV1t71e974o?authuser=0&hl=zh-TW&rclk=1,0x3442a9666e9f721d:0x8aefbd57ef6d5d45
1292,葉泓毅（小葉）,5,1 年前,,2022-11-21,https://www.google.com.tw/maps/place/%E7%AF%89%E9%96%93%E5%B9%B8%E7%A6%8F%E9%8D%8B%E7%89%A9+%E5%8F%B0%E5%8C%97%E5%8D%97%E4%BA%AC%E4%B8%80%E5%BA%97/data=!4m7!3m6!1s0x3442a9666e9f721d:0x8aefbd57ef6d5d45!8m2!3d25.0518598!4d121.5273867!16s%2Fg%2F11b7cqtsy0!19sChIJHXKfbmapQjQRRV1t71e974o?authuser=0&hl=zh-TW&rclk=1,0x3442a9666e9f721d:0x8aefbd57ef6d5d45
1293,洪淳淳,5,1 年前,"東西好好吃，服務也很好

",2022-11-21,https://www.google.com.tw/maps/place/%E7%AF%89%E9%96%93%E5%B9%B8%E7%A6%8F%E9%8D%8B%E7%89%A9+%E5%8F%B0%E5%8C%97%E5%8D%97%E4%BA%AC%E4%B8%80%E5%BA%97/data=!4m7!3m6!1s0x3442a9666e9f721d:0x8aefbd57ef6d5d45!8m2!3d25.0518598!4d121.5273867!16s%2Fg%2F11b7cqtsy0!19sChIJHXKfbmapQjQRRV1t71e974o?authuser=0&hl=zh-TW&rclk=1,0x3442a9666e9f721d:0x8aefbd57ef6d5d45
1294,孟圓圈圈,5,1 年前,"好吃，每次都吃很飽：）

",2022-11-21,https://www.google.com.tw/maps/place/%E7%AF%89%E9%96%93%E5%B9%B8%E7%A6%8F%E9%8D%8B%E7%89%A9+%E5%8F%B0%E5%8C%97%E5%8D%97%E4%BA%AC%E4%B8%80%E5%BA%97/data=!4m7!3m6!1s0x3442a9666e9f721d:0x8aefbd57ef6d5d45!8m2!3d25.0518598!4d121.5273867!16s%2Fg%2F11b7cqtsy0!19sChIJHXKfbmapQjQRRV1t71e974o?authuser=0&hl=zh-TW&rclk=1,0x3442a9666e9f721d:0x8aefbd57ef6d5d45
1295,Ying Lee,5,1 年前,,2022-11-21,https://www.google.com.tw/maps/place/%E7%AF%89%E9%96%93%E5%B9%B8%E7%A6%8F%E9%8D%8B%E7%89%A9+%E5%8F%B0%E5%8C%97%E5%8D%97%E4%BA%AC%E4%B8%80%E5%BA%97/data=!4m7!3m6!1s0x3442a9666e9f721d:0x8aefbd57ef6d5d45!8m2!3d25.0518598!4d121.5273867!16s%2Fg%2F11b7cqtsy0!19sChIJHXKfbmapQjQRRV1t71e974o?authuser=0&hl=zh-TW&rclk=1,0x3442a9666e9f721d:0x8aefbd57ef6d5d45
1296,Daisy,5,1 年前,"我的愛店

",2022-11-21,https://www.google.com.tw/maps/place/%E7%AF%89%E9%96%93%E5%B9%B8%E7%A6%8F%E9%8D%8B%E7%89%A9+%E5%8F%B0%E5%8C%97%E5%8D%97%E4%BA%AC%E4%B8%80%E5%BA%97/data=!4m7!3m6!1s0x3442a9666e9f721d:0x8aefbd57ef6d5d45!8m2!3d25.0518598!4d121.5273867!16s%2Fg%2F11b7cqtsy0!19sChIJHXKfbmapQjQRRV1t71e974o?authuser=0&hl=zh-TW&rclk=1,0x3442a9666e9f721d:0x8aefbd57ef6d5d45
1297,chienbin chen,5,1 年前,,2022-11-21,https://www.google.com.tw/maps/place/%E7%AF%89%E9%96%93%E5%B9%B8%E7%A6%8F%E9%8D%8B%E7%89%A9+%E5%8F%B0%E5%8C%97%E5%8D%97%E4%BA%AC%E4%B8%80%E5%BA%97/data=!4m7!3m6!1s0x3442a9666e9f721d:0x8aefbd57ef6d5d45!8m2!3d25.0518598!4d121.5273867!16s%2Fg%2F11b7cqtsy0!19sChIJHXKfbmapQjQRRV1t71e974o?authuser=0&hl=zh-TW&rclk=1,0x3442a9666e9f721d:0x8aefbd57ef6d5d45
1298,格雷前輩,4,1 年前,,2022-11-21,https://www.google.com.tw/maps/place/%E7%AF%89%E9%96%93%E5%B9%B8%E7%A6%8F%E9%8D%8B%E7%89%A9+%E5%8F%B0%E5%8C%97%E5%8D%97%E4%BA%AC%E4%B8%80%E5%BA%97/data=!4m7!3m6!1s0x3442a9666e9f721d:0x8aefbd57ef6d5d45!8m2!3d25.0518598!4d121.5273867!16s%2Fg%2F11b7cqtsy0!19sChIJHXKfbmapQjQRRV1t71e974o?authuser=0&hl=zh-TW&rclk=1,0x3442a9666e9f721d:0x8aefbd57ef6d5d45
1299,孫東寶,2,1 年前,"東西跟以前一樣好吃，還可以換肉，真的很划算，但是最近用餐環境實在越來越髒，地板黏黏的，餐具有時候也沒有洗乾淨，還有油油的感覺，自助區的杯子也濕濕的。靠近廁所、廚房的地方一直有霉味，從數年前分店少的時候就支持築間到現在，現在分店多了，感覺管理上螺絲就鬆了。
如果不能加強環境上的清潔，真的可惜了這間店。

",2022-11-21,https://www.google.com.tw/maps/place/%E7%AF%89%E9%96%93%E5%B9%B8%E7%A6%8F%E9%8D%8B%E7%89%A9+%E5%8F%B0%E5%8C%97%E5%8D%97%E4%BA%AC%E4%B8%80%E5%BA%97/data=!4m7!3m6!1s0x3442a9666e9f721d:0x8aefbd57ef6d5d45!8m2!3d25.0518598!4d121.5273867!16s%2Fg%2F11b7cqtsy0!19sChIJHXKfbmapQjQRRV1t71e974o?authuser=0&hl=zh-TW&rclk=1,0x3442a9666e9f721d:0x8aefbd57ef6d5d45
1300,楊程安,5,1 年前,,2022-11-21,https://www.google.com.tw/maps/place/%E7%AF%89%E9%96%93%E5%B9%B8%E7%A6%8F%E9%8D%8B%E7%89%A9+%E5%8F%B0%E5%8C%97%E5%8D%97%E4%BA%AC%E4%B8%80%E5%BA%97/data=!4m7!3m6!1s0x3442a9666e9f721d:0x8aefbd57ef6d5d45!8m2!3d25.0518598!4d121.5273867!16s%2Fg%2F11b7cqtsy0!19sChIJHXKfbmapQjQRRV1t71e974o?authuser=0&hl=zh-TW&rclk=1,0x3442a9666e9f721d:0x8aefbd57ef6d5d45
1301,李琦詠,5,1 年前,,2022-11-21,https://www.google.com.tw/maps/place/%E7%AF%89%E9%96%93%E5%B9%B8%E7%A6%8F%E9%8D%8B%E7%89%A9+%E5%8F%B0%E5%8C%97%E5%8D%97%E4%BA%AC%E4%B8%80%E5%BA%97/data=!4m7!3m6!1s0x3442a9666e9f721d:0x8aefbd57ef6d5d45!8m2!3d25.0518598!4d121.5273867!16s%2Fg%2F11b7cqtsy0!19sChIJHXKfbmapQjQRRV1t71e974o?authuser=0&hl=zh-TW&rclk=1,0x3442a9666e9f721d:0x8aefbd57ef6d5d45
1302,Nathan HSU,5,1 年前,"餐點非常美味，菜盤豐盛：服務人員態度親切；彷彿回到家的感覺。  
  
今天餐點全部吃光光：）

",2022-11-21,https://www.google.com.tw/maps/place/%E7%AF%89%E9%96%93%E5%B9%B8%E7%A6%8F%E9%8D%8B%E7%89%A9+%E5%8F%B0%E5%8C%97%E5%8D%97%E4%BA%AC%E4%B8%80%E5%BA%97/data=!4m7!3m6!1s0x3442a9666e9f721d:0x8aefbd57ef6d5d45!8m2!3d25.0518598!4d121.5273867!16s%2Fg%2F11b7cqtsy0!19sChIJHXKfbmapQjQRRV1t71e974o?authuser=0&hl=zh-TW&rclk=1,0x3442a9666e9f721d:0x8aefbd57ef6d5d45
1303,Winnie Hsu,5,1 年前,"食材新鮮 服務親切 好好吃！

",2022-11-21,https://www.google.com.tw/maps/place/%E7%AF%89%E9%96%93%E5%B9%B8%E7%A6%8F%E9%8D%8B%E7%89%A9+%E5%8F%B0%E5%8C%97%E5%8D%97%E4%BA%AC%E4%B8%80%E5%BA%97/data=!4m7!3m6!1s0x3442a9666e9f721d:0x8aefbd57ef6d5d45!8m2!3d25.0518598!4d121.5273867!16s%2Fg%2F11b7cqtsy0!19sChIJHXKfbmapQjQRRV1t71e974o?authuser=0&hl=zh-TW&rclk=1,0x3442a9666e9f721d:0x8aefbd57ef6d5d45
1304,李珞寧（柚子）,5,1 年前,,2022-11-21,https://www.google.com.tw/maps/place/%E7%AF%89%E9%96%93%E5%B9%B8%E7%A6%8F%E9%8D%8B%E7%89%A9+%E5%8F%B0%E5%8C%97%E5%8D%97%E4%BA%AC%E4%B8%80%E5%BA%97/data=!4m7!3m6!1s0x3442a9666e9f721d:0x8aefbd57ef6d5d45!8m2!3d25.0518598!4d121.5273867!16s%2Fg%2F11b7cqtsy0!19sChIJHXKfbmapQjQRRV1t71e974o?authuser=0&hl=zh-TW&rclk=1,0x3442a9666e9f721d:0x8aefbd57ef6d5d45
1305,yi hsing,5,1 年前,,2022-11-21,https://www.google.com.tw/maps/place/%E7%AF%89%E9%96%93%E5%B9%B8%E7%A6%8F%E9%8D%8B%E7%89%A9+%E5%8F%B0%E5%8C%97%E5%8D%97%E4%BA%AC%E4%B8%80%E5%BA%97/data=!4m7!3m6!1s0x3442a9666e9f721d:0x8aefbd57ef6d5d45!8m2!3d25.0518598!4d121.5273867!16s%2Fg%2F11b7cqtsy0!19sChIJHXKfbmapQjQRRV1t71e974o?authuser=0&hl=zh-TW&rclk=1,0x3442a9666e9f721d:0x8aefbd57ef6d5d45
1306,Angus,5,1 年前,"店員很棒！

",2022-11-21,https://www.google.com.tw/maps/place/%E7%AF%89%E9%96%93%E5%B9%B8%E7%A6%8F%E9%8D%8B%E7%89%A9+%E5%8F%B0%E5%8C%97%E5%8D%97%E4%BA%AC%E4%B8%80%E5%BA%97/data=!4m7!3m6!1s0x3442a9666e9f721d:0x8aefbd57ef6d5d45!8m2!3d25.0518598!4d121.5273867!16s%2Fg%2F11b7cqtsy0!19sChIJHXKfbmapQjQRRV1t71e974o?authuser=0&hl=zh-TW&rclk=1,0x3442a9666e9f721d:0x8aefbd57ef6d5d45
1307,林浩浩,5,1 年前,"下班後吃鍋好地方

",2022-11-21,https://www.google.com.tw/maps/place/%E7%AF%89%E9%96%93%E5%B9%B8%E7%A6%8F%E9%8D%8B%E7%89%A9+%E5%8F%B0%E5%8C%97%E5%8D%97%E4%BA%AC%E4%B8%80%E5%BA%97/data=!4m7!3m6!1s0x3442a9666e9f721d:0x8aefbd57ef6d5d45!8m2!3d25.0518598!4d121.5273867!16s%2Fg%2F11b7cqtsy0!19sChIJHXKfbmapQjQRRV1t71e974o?authuser=0&hl=zh-TW&rclk=1,0x3442a9666e9f721d:0x8aefbd57ef6d5d45
1308,劉淑君,5,1 年前,,2022-11-21,https://www.google.com.tw/maps/place/%E7%AF%89%E9%96%93%E5%B9%B8%E7%A6%8F%E9%8D%8B%E7%89%A9+%E5%8F%B0%E5%8C%97%E5%8D%97%E4%BA%AC%E4%B8%80%E5%BA%97/data=!4m7!3m6!1s0x3442a9666e9f721d:0x8aefbd57ef6d5d45!8m2!3d25.0518598!4d121.5273867!16s%2Fg%2F11b7cqtsy0!19sChIJHXKfbmapQjQRRV1t71e974o?authuser=0&hl=zh-TW&rclk=1,0x3442a9666e9f721d:0x8aefbd57ef6d5d45
1309,陳呆,5,1 年前,"晚上有位瘦瘦高高戴眼鏡的男生服務態度真的很讚!

",2022-11-21,https://www.google.com.tw/maps/place/%E7%AF%89%E9%96%93%E5%B9%B8%E7%A6%8F%E9%8D%8B%E7%89%A9+%E5%8F%B0%E5%8C%97%E5%8D%97%E4%BA%AC%E4%B8%80%E5%BA%97/data=!4m7!3m6!1s0x3442a9666e9f721d:0x8aefbd57ef6d5d45!8m2!3d25.0518598!4d121.5273867!16s%2Fg%2F11b7cqtsy0!19sChIJHXKfbmapQjQRRV1t71e974o?authuser=0&hl=zh-TW&rclk=1,0x3442a9666e9f721d:0x8aefbd57ef6d5d45
1310,Ian YanAn Lai (賴彥安),5,1 年前,,2022-11-21,https://www.google.com.tw/maps/place/%E7%AF%89%E9%96%93%E5%B9%B8%E7%A6%8F%E9%8D%8B%E7%89%A9+%E5%8F%B0%E5%8C%97%E5%8D%97%E4%BA%AC%E4%B8%80%E5%BA%97/data=!4m7!3m6!1s0x3442a9666e9f721d:0x8aefbd57ef6d5d45!8m2!3d25.0518598!4d121.5273867!16s%2Fg%2F11b7cqtsy0!19sChIJHXKfbmapQjQRRV1t71e974o?authuser=0&hl=zh-TW&rclk=1,0x3442a9666e9f721d:0x8aefbd57ef6d5d45
1311,李Mita,5,1 年前,"食材新鮮，服務態度佳。  
其中一名服務員Echo超親切  
滿滿笑容。開心

",2022-11-21,https://www.google.com.tw/maps/place/%E7%AF%89%E9%96%93%E5%B9%B8%E7%A6%8F%E9%8D%8B%E7%89%A9+%E5%8F%B0%E5%8C%97%E5%8D%97%E4%BA%AC%E4%B8%80%E5%BA%97/data=!4m7!3m6!1s0x3442a9666e9f721d:0x8aefbd57ef6d5d45!8m2!3d25.0518598!4d121.5273867!16s%2Fg%2F11b7cqtsy0!19sChIJHXKfbmapQjQRRV1t71e974o?authuser=0&hl=zh-TW&rclk=1,0x3442a9666e9f721d:0x8aefbd57ef6d5d45
1312,李國華,5,1 年前,"好吃服務佳  
最棒的服裝員Echo來過你就知道她超好的

",2022-11-21,https://www.google.com.tw/maps/place/%E7%AF%89%E9%96%93%E5%B9%B8%E7%A6%8F%E9%8D%8B%E7%89%A9+%E5%8F%B0%E5%8C%97%E5%8D%97%E4%BA%AC%E4%B8%80%E5%BA%97/data=!4m7!3m6!1s0x3442a9666e9f721d:0x8aefbd57ef6d5d45!8m2!3d25.0518598!4d121.5273867!16s%2Fg%2F11b7cqtsy0!19sChIJHXKfbmapQjQRRV1t71e974o?authuser=0&hl=zh-TW&rclk=1,0x3442a9666e9f721d:0x8aefbd57ef6d5d45
1313,黃虫虫,5,1 年前,,2022-11-21,https://www.google.com.tw/maps/place/%E7%AF%89%E9%96%93%E5%B9%B8%E7%A6%8F%E9%8D%8B%E7%89%A9+%E5%8F%B0%E5%8C%97%E5%8D%97%E4%BA%AC%E4%B8%80%E5%BA%97/data=!4m7!3m6!1s0x3442a9666e9f721d:0x8aefbd57ef6d5d45!8m2!3d25.0518598!4d121.5273867!16s%2Fg%2F11b7cqtsy0!19sChIJHXKfbmapQjQRRV1t71e974o?authuser=0&hl=zh-TW&rclk=1,0x3442a9666e9f721d:0x8aefbd57ef6d5d45
1314,sejuani茜,5,1 年前,,2022-11-21,https://www.google.com.tw/maps/place/%E7%AF%89%E9%96%93%E5%B9%B8%E7%A6%8F%E9%8D%8B%E7%89%A9+%E5%8F%B0%E5%8C%97%E5%8D%97%E4%BA%AC%E4%B8%80%E5%BA%97/data=!4m7!3m6!1s0x3442a9666e9f721d:0x8aefbd57ef6d5d45!8m2!3d25.0518598!4d121.5273867!16s%2Fg%2F11b7cqtsy0!19sChIJHXKfbmapQjQRRV1t71e974o?authuser=0&hl=zh-TW&rclk=1,0x3442a9666e9f721d:0x8aefbd57ef6d5d45
1315,歆C,5,1 年前,"服務親切 火鍋好吃  
冬天每個禮拜都想來一次

",2022-11-21,https://www.google.com.tw/maps/place/%E7%AF%89%E9%96%93%E5%B9%B8%E7%A6%8F%E9%8D%8B%E7%89%A9+%E5%8F%B0%E5%8C%97%E5%8D%97%E4%BA%AC%E4%B8%80%E5%BA%97/data=!4m7!3m6!1s0x3442a9666e9f721d:0x8aefbd57ef6d5d45!8m2!3d25.0518598!4d121.5273867!16s%2Fg%2F11b7cqtsy0!19sChIJHXKfbmapQjQRRV1t71e974o?authuser=0&hl=zh-TW&rclk=1,0x3442a9666e9f721d:0x8aefbd57ef6d5d45
1316,王鈺勻,5,1 年前,,2022-11-21,https://www.google.com.tw/maps/place/%E7%AF%89%E9%96%93%E5%B9%B8%E7%A6%8F%E9%8D%8B%E7%89%A9+%E5%8F%B0%E5%8C%97%E5%8D%97%E4%BA%AC%E4%B8%80%E5%BA%97/data=!4m7!3m6!1s0x3442a9666e9f721d:0x8aefbd57ef6d5d45!8m2!3d25.0518598!4d121.5273867!16s%2Fg%2F11b7cqtsy0!19sChIJHXKfbmapQjQRRV1t71e974o?authuser=0&hl=zh-TW&rclk=1,0x3442a9666e9f721d:0x8aefbd57ef6d5d45
1317,Allen Yao,5,1 年前,,2022-11-21,https://www.google.com.tw/maps/place/%E7%AF%89%E9%96%93%E5%B9%B8%E7%A6%8F%E9%8D%8B%E7%89%A9+%E5%8F%B0%E5%8C%97%E5%8D%97%E4%BA%AC%E4%B8%80%E5%BA%97/data=!4m7!3m6!1s0x3442a9666e9f721d:0x8aefbd57ef6d5d45!8m2!3d25.0518598!4d121.5273867!16s%2Fg%2F11b7cqtsy0!19sChIJHXKfbmapQjQRRV1t71e974o?authuser=0&hl=zh-TW&rclk=1,0x3442a9666e9f721d:0x8aefbd57ef6d5d45
1318,琳琳,5,1 年前,"服務好  
東西好吃

",2022-11-21,https://www.google.com.tw/maps/place/%E7%AF%89%E9%96%93%E5%B9%B8%E7%A6%8F%E9%8D%8B%E7%89%A9+%E5%8F%B0%E5%8C%97%E5%8D%97%E4%BA%AC%E4%B8%80%E5%BA%97/data=!4m7!3m6!1s0x3442a9666e9f721d:0x8aefbd57ef6d5d45!8m2!3d25.0518598!4d121.5273867!16s%2Fg%2F11b7cqtsy0!19sChIJHXKfbmapQjQRRV1t71e974o?authuser=0&hl=zh-TW&rclk=1,0x3442a9666e9f721d:0x8aefbd57ef6d5d45
1319,溫紅茶,5,1 年前,"優美的環境、美味的餐點、熱情的服務態度！讚

",2022-11-21,https://www.google.com.tw/maps/place/%E7%AF%89%E9%96%93%E5%B9%B8%E7%A6%8F%E9%8D%8B%E7%89%A9+%E5%8F%B0%E5%8C%97%E5%8D%97%E4%BA%AC%E4%B8%80%E5%BA%97/data=!4m7!3m6!1s0x3442a9666e9f721d:0x8aefbd57ef6d5d45!8m2!3d25.0518598!4d121.5273867!16s%2Fg%2F11b7cqtsy0!19sChIJHXKfbmapQjQRRV1t71e974o?authuser=0&hl=zh-TW&rclk=1,0x3442a9666e9f721d:0x8aefbd57ef6d5d45
1320,柯憲銘,5,1 年前,"好吃的鍋物，服務人員態度親切

",2022-11-21,https://www.google.com.tw/maps/place/%E7%AF%89%E9%96%93%E5%B9%B8%E7%A6%8F%E9%8D%8B%E7%89%A9+%E5%8F%B0%E5%8C%97%E5%8D%97%E4%BA%AC%E4%B8%80%E5%BA%97/data=!4m7!3m6!1s0x3442a9666e9f721d:0x8aefbd57ef6d5d45!8m2!3d25.0518598!4d121.5273867!16s%2Fg%2F11b7cqtsy0!19sChIJHXKfbmapQjQRRV1t71e974o?authuser=0&hl=zh-TW&rclk=1,0x3442a9666e9f721d:0x8aefbd57ef6d5d45
1321,Zoe lin,5,1 年前,"服務好又親切，食物新鮮

",2022-11-21,https://www.google.com.tw/maps/place/%E7%AF%89%E9%96%93%E5%B9%B8%E7%A6%8F%E9%8D%8B%E7%89%A9+%E5%8F%B0%E5%8C%97%E5%8D%97%E4%BA%AC%E4%B8%80%E5%BA%97/data=!4m7!3m6!1s0x3442a9666e9f721d:0x8aefbd57ef6d5d45!8m2!3d25.0518598!4d121.5273867!16s%2Fg%2F11b7cqtsy0!19sChIJHXKfbmapQjQRRV1t71e974o?authuser=0&hl=zh-TW&rclk=1,0x3442a9666e9f721d:0x8aefbd57ef6d5d45
1322,chou miho,4,1 年前,"不錯吃，附的飲料及冰淇淋也都好吃

",2022-11-21,https://www.google.com.tw/maps/place/%E7%AF%89%E9%96%93%E5%B9%B8%E7%A6%8F%E9%8D%8B%E7%89%A9+%E5%8F%B0%E5%8C%97%E5%8D%97%E4%BA%AC%E4%B8%80%E5%BA%97/data=!4m7!3m6!1s0x3442a9666e9f721d:0x8aefbd57ef6d5d45!8m2!3d25.0518598!4d121.5273867!16s%2Fg%2F11b7cqtsy0!19sChIJHXKfbmapQjQRRV1t71e974o?authuser=0&hl=zh-TW&rclk=1,0x3442a9666e9f721d:0x8aefbd57ef6d5d45
1323,柯憲菘,5,1 年前,"服務人員親切有禮貌

",2022-11-21,https://www.google.com.tw/maps/place/%E7%AF%89%E9%96%93%E5%B9%B8%E7%A6%8F%E9%8D%8B%E7%89%A9+%E5%8F%B0%E5%8C%97%E5%8D%97%E4%BA%AC%E4%B8%80%E5%BA%97/data=!4m7!3m6!1s0x3442a9666e9f721d:0x8aefbd57ef6d5d45!8m2!3d25.0518598!4d121.5273867!16s%2Fg%2F11b7cqtsy0!19sChIJHXKfbmapQjQRRV1t71e974o?authuser=0&hl=zh-TW&rclk=1,0x3442a9666e9f721d:0x8aefbd57ef6d5d45
1324,楊淯淳,5,1 年前,,2022-11-21,https://www.google.com.tw/maps/place/%E7%AF%89%E9%96%93%E5%B9%B8%E7%A6%8F%E9%8D%8B%E7%89%A9+%E5%8F%B0%E5%8C%97%E5%8D%97%E4%BA%AC%E4%B8%80%E5%BA%97/data=!4m7!3m6!1s0x3442a9666e9f721d:0x8aefbd57ef6d5d45!8m2!3d25.0518598!4d121.5273867!16s%2Fg%2F11b7cqtsy0!19sChIJHXKfbmapQjQRRV1t71e974o?authuser=0&hl=zh-TW&rclk=1,0x3442a9666e9f721d:0x8aefbd57ef6d5d45
1325,柔,5,1 年前,"食材新鮮 用餐環境乾淨  
店員態度都很親切～非常喜歡去～  
大推泡菜鍋底～好好吃

",2022-11-21,https://www.google.com.tw/maps/place/%E7%AF%89%E9%96%93%E5%B9%B8%E7%A6%8F%E9%8D%8B%E7%89%A9+%E5%8F%B0%E5%8C%97%E5%8D%97%E4%BA%AC%E4%B8%80%E5%BA%97/data=!4m7!3m6!1s0x3442a9666e9f721d:0x8aefbd57ef6d5d45!8m2!3d25.0518598!4d121.5273867!16s%2Fg%2F11b7cqtsy0!19sChIJHXKfbmapQjQRRV1t71e974o?authuser=0&hl=zh-TW&rclk=1,0x3442a9666e9f721d:0x8aefbd57ef6d5d45
1326,Richard Lin,5,1 年前,"(由 Google 提供翻譯) 好的  
  
(原始評論)  
Good

",2022-11-21,https://www.google.com.tw/maps/place/%E7%AF%89%E9%96%93%E5%B9%B8%E7%A6%8F%E9%8D%8B%E7%89%A9+%E5%8F%B0%E5%8C%97%E5%8D%97%E4%BA%AC%E4%B8%80%E5%BA%97/data=!4m7!3m6!1s0x3442a9666e9f721d:0x8aefbd57ef6d5d45!8m2!3d25.0518598!4d121.5273867!16s%2Fg%2F11b7cqtsy0!19sChIJHXKfbmapQjQRRV1t71e974o?authuser=0&hl=zh-TW&rclk=1,0x3442a9666e9f721d:0x8aefbd57ef6d5d45
1327,球羊,5,1 年前,"很好的用餐品質

",2022-11-21,https://www.google.com.tw/maps/place/%E7%AF%89%E9%96%93%E5%B9%B8%E7%A6%8F%E9%8D%8B%E7%89%A9+%E5%8F%B0%E5%8C%97%E5%8D%97%E4%BA%AC%E4%B8%80%E5%BA%97/data=!4m7!3m6!1s0x3442a9666e9f721d:0x8aefbd57ef6d5d45!8m2!3d25.0518598!4d121.5273867!16s%2Fg%2F11b7cqtsy0!19sChIJHXKfbmapQjQRRV1t71e974o?authuser=0&hl=zh-TW&rclk=1,0x3442a9666e9f721d:0x8aefbd57ef6d5d45
1328,謝易融,5,1 年前,"

",2022-11-21,https://www.google.com.tw/maps/place/%E7%AF%89%E9%96%93%E5%B9%B8%E7%A6%8F%E9%8D%8B%E7%89%A9+%E5%8F%B0%E5%8C%97%E5%8D%97%E4%BA%AC%E4%B8%80%E5%BA%97/data=!4m7!3m6!1s0x3442a9666e9f721d:0x8aefbd57ef6d5d45!8m2!3d25.0518598!4d121.5273867!16s%2Fg%2F11b7cqtsy0!19sChIJHXKfbmapQjQRRV1t71e974o?authuser=0&hl=zh-TW&rclk=1,0x3442a9666e9f721d:0x8aefbd57ef6d5d45
1329,黃宏茹,5,1 年前,,2022-11-21,https://www.google.com.tw/maps/place/%E7%AF%89%E9%96%93%E5%B9%B8%E7%A6%8F%E9%8D%8B%E7%89%A9+%E5%8F%B0%E5%8C%97%E5%8D%97%E4%BA%AC%E4%B8%80%E5%BA%97/data=!4m7!3m6!1s0x3442a9666e9f721d:0x8aefbd57ef6d5d45!8m2!3d25.0518598!4d121.5273867!16s%2Fg%2F11b7cqtsy0!19sChIJHXKfbmapQjQRRV1t71e974o?authuser=0&hl=zh-TW&rclk=1,0x3442a9666e9f721d:0x8aefbd57ef6d5d45
1330,Ivan Lai,5,1 年前,"子庭好棒 慧俞好棒 大家都好棒

",2022-11-21,https://www.google.com.tw/maps/place/%E7%AF%89%E9%96%93%E5%B9%B8%E7%A6%8F%E9%8D%8B%E7%89%A9+%E5%8F%B0%E5%8C%97%E5%8D%97%E4%BA%AC%E4%B8%80%E5%BA%97/data=!4m7!3m6!1s0x3442a9666e9f721d:0x8aefbd57ef6d5d45!8m2!3d25.0518598!4d121.5273867!16s%2Fg%2F11b7cqtsy0!19sChIJHXKfbmapQjQRRV1t71e974o?authuser=0&hl=zh-TW&rclk=1,0x3442a9666e9f721d:0x8aefbd57ef6d5d45
1331,蔡彥暘,5,1 年前,"服務人員親切 鍋物選擇種類多 湯頭鮮美  
肉片份量很多

",2022-11-21,https://www.google.com.tw/maps/place/%E7%AF%89%E9%96%93%E5%B9%B8%E7%A6%8F%E9%8D%8B%E7%89%A9+%E5%8F%B0%E5%8C%97%E5%8D%97%E4%BA%AC%E4%B8%80%E5%BA%97/data=!4m7!3m6!1s0x3442a9666e9f721d:0x8aefbd57ef6d5d45!8m2!3d25.0518598!4d121.5273867!16s%2Fg%2F11b7cqtsy0!19sChIJHXKfbmapQjQRRV1t71e974o?authuser=0&hl=zh-TW&rclk=1,0x3442a9666e9f721d:0x8aefbd57ef6d5d45
1332,許恩寧,5,1 年前,"每週都來吃 很好吃 服務很好 野口服務很好

",2022-11-21,https://www.google.com.tw/maps/place/%E7%AF%89%E9%96%93%E5%B9%B8%E7%A6%8F%E9%8D%8B%E7%89%A9+%E5%8F%B0%E5%8C%97%E5%8D%97%E4%BA%AC%E4%B8%80%E5%BA%97/data=!4m7!3m6!1s0x3442a9666e9f721d:0x8aefbd57ef6d5d45!8m2!3d25.0518598!4d121.5273867!16s%2Fg%2F11b7cqtsy0!19sChIJHXKfbmapQjQRRV1t71e974o?authuser=0&hl=zh-TW&rclk=1,0x3442a9666e9f721d:0x8aefbd57ef6d5d45
1333,林林林,5,1 年前,,2022-11-21,https://www.google.com.tw/maps/place/%E7%AF%89%E9%96%93%E5%B9%B8%E7%A6%8F%E9%8D%8B%E7%89%A9+%E5%8F%B0%E5%8C%97%E5%8D%97%E4%BA%AC%E4%B8%80%E5%BA%97/data=!4m7!3m6!1s0x3442a9666e9f721d:0x8aefbd57ef6d5d45!8m2!3d25.0518598!4d121.5273867!16s%2Fg%2F11b7cqtsy0!19sChIJHXKfbmapQjQRRV1t71e974o?authuser=0&hl=zh-TW&rclk=1,0x3442a9666e9f721d:0x8aefbd57ef6d5d45
1334,馮智欣,5,1 年前,"海鮮好吃!! 服務生都好親切~我還會再來吃!!

",2022-11-21,https://www.google.com.tw/maps/place/%E7%AF%89%E9%96%93%E5%B9%B8%E7%A6%8F%E9%8D%8B%E7%89%A9+%E5%8F%B0%E5%8C%97%E5%8D%97%E4%BA%AC%E4%B8%80%E5%BA%97/data=!4m7!3m6!1s0x3442a9666e9f721d:0x8aefbd57ef6d5d45!8m2!3d25.0518598!4d121.5273867!16s%2Fg%2F11b7cqtsy0!19sChIJHXKfbmapQjQRRV1t71e974o?authuser=0&hl=zh-TW&rclk=1,0x3442a9666e9f721d:0x8aefbd57ef6d5d45
1335,陳Genie,4,1 年前,"空間太狹小（走道與座位離很近），地板有點滑，不過服務態度都不錯  
份量也很夠，特別是點數兌換的餐點，送來時真是驚為天人！

",2022-11-21,https://www.google.com.tw/maps/place/%E7%AF%89%E9%96%93%E5%B9%B8%E7%A6%8F%E9%8D%8B%E7%89%A9+%E5%8F%B0%E5%8C%97%E5%8D%97%E4%BA%AC%E4%B8%80%E5%BA%97/data=!4m7!3m6!1s0x3442a9666e9f721d:0x8aefbd57ef6d5d45!8m2!3d25.0518598!4d121.5273867!16s%2Fg%2F11b7cqtsy0!19sChIJHXKfbmapQjQRRV1t71e974o?authuser=0&hl=zh-TW&rclk=1,0x3442a9666e9f721d:0x8aefbd57ef6d5d45
1336,Jui Hsiang,5,1 年前,"好吃

",2022-11-21,https://www.google.com.tw/maps/place/%E7%AF%89%E9%96%93%E5%B9%B8%E7%A6%8F%E9%8D%8B%E7%89%A9+%E5%8F%B0%E5%8C%97%E5%8D%97%E4%BA%AC%E4%B8%80%E5%BA%97/data=!4m7!3m6!1s0x3442a9666e9f721d:0x8aefbd57ef6d5d45!8m2!3d25.0518598!4d121.5273867!16s%2Fg%2F11b7cqtsy0!19sChIJHXKfbmapQjQRRV1t71e974o?authuser=0&hl=zh-TW&rclk=1,0x3442a9666e9f721d:0x8aefbd57ef6d5d45
1337,Victoria Tsai,5,1 年前,"已經來訪無數次了，Echo招呼、服務細心，餐點品質佳！

",2022-11-21,https://www.google.com.tw/maps/place/%E7%AF%89%E9%96%93%E5%B9%B8%E7%A6%8F%E9%8D%8B%E7%89%A9+%E5%8F%B0%E5%8C%97%E5%8D%97%E4%BA%AC%E4%B8%80%E5%BA%97/data=!4m7!3m6!1s0x3442a9666e9f721d:0x8aefbd57ef6d5d45!8m2!3d25.0518598!4d121.5273867!16s%2Fg%2F11b7cqtsy0!19sChIJHXKfbmapQjQRRV1t71e974o?authuser=0&hl=zh-TW&rclk=1,0x3442a9666e9f721d:0x8aefbd57ef6d5d45
1338,任桂元,4,1 年前,,2022-11-21,https://www.google.com.tw/maps/place/%E7%AF%89%E9%96%93%E5%B9%B8%E7%A6%8F%E9%8D%8B%E7%89%A9+%E5%8F%B0%E5%8C%97%E5%8D%97%E4%BA%AC%E4%B8%80%E5%BA%97/data=!4m7!3m6!1s0x3442a9666e9f721d:0x8aefbd57ef6d5d45!8m2!3d25.0518598!4d121.5273867!16s%2Fg%2F11b7cqtsy0!19sChIJHXKfbmapQjQRRV1t71e974o?authuser=0&hl=zh-TW&rclk=1,0x3442a9666e9f721d:0x8aefbd57ef6d5d45
1339,阿衡,5,1 年前,"沒想到半夜的築間依然一堆人：雖然服務人員都很忙，但態度還是很親切，東西也很好吃，真的不給五星不行～

",2022-11-21,https://www.google.com.tw/maps/place/%E7%AF%89%E9%96%93%E5%B9%B8%E7%A6%8F%E9%8D%8B%E7%89%A9+%E5%8F%B0%E5%8C%97%E5%8D%97%E4%BA%AC%E4%B8%80%E5%BA%97/data=!4m7!3m6!1s0x3442a9666e9f721d:0x8aefbd57ef6d5d45!8m2!3d25.0518598!4d121.5273867!16s%2Fg%2F11b7cqtsy0!19sChIJHXKfbmapQjQRRV1t71e974o?authuser=0&hl=zh-TW&rclk=1,0x3442a9666e9f721d:0x8aefbd57ef6d5d45
1340,李畊葳,4,1 年前,"加會員送食物

",2022-11-21,https://www.google.com.tw/maps/place/%E7%AF%89%E9%96%93%E5%B9%B8%E7%A6%8F%E9%8D%8B%E7%89%A9+%E5%8F%B0%E5%8C%97%E5%8D%97%E4%BA%AC%E4%B8%80%E5%BA%97/data=!4m7!3m6!1s0x3442a9666e9f721d:0x8aefbd57ef6d5d45!8m2!3d25.0518598!4d121.5273867!16s%2Fg%2F11b7cqtsy0!19sChIJHXKfbmapQjQRRV1t71e974o?authuser=0&hl=zh-TW&rclk=1,0x3442a9666e9f721d:0x8aefbd57ef6d5d45
1341,劉晏竹,5,1 年前,"服務周到 餐點好吃

",2022-11-21,https://www.google.com.tw/maps/place/%E7%AF%89%E9%96%93%E5%B9%B8%E7%A6%8F%E9%8D%8B%E7%89%A9+%E5%8F%B0%E5%8C%97%E5%8D%97%E4%BA%AC%E4%B8%80%E5%BA%97/data=!4m7!3m6!1s0x3442a9666e9f721d:0x8aefbd57ef6d5d45!8m2!3d25.0518598!4d121.5273867!16s%2Fg%2F11b7cqtsy0!19sChIJHXKfbmapQjQRRV1t71e974o?authuser=0&hl=zh-TW&rclk=1,0x3442a9666e9f721d:0x8aefbd57ef6d5d45
1342,Jiahong Liu,5,1 年前,,2022-11-21,https://www.google.com.tw/maps/place/%E7%AF%89%E9%96%93%E5%B9%B8%E7%A6%8F%E9%8D%8B%E7%89%A9+%E5%8F%B0%E5%8C%97%E5%8D%97%E4%BA%AC%E4%B8%80%E5%BA%97/data=!4m7!3m6!1s0x3442a9666e9f721d:0x8aefbd57ef6d5d45!8m2!3d25.0518598!4d121.5273867!16s%2Fg%2F11b7cqtsy0!19sChIJHXKfbmapQjQRRV1t71e974o?authuser=0&hl=zh-TW&rclk=1,0x3442a9666e9f721d:0x8aefbd57ef6d5d45
1343,李紹羽,3,1 年前,"湯頭和食材都不錯，但是服務人員非常忙碌，坐下等了15分鐘才終於可以點餐，而且被告知附餐如果點白飯要等30分鐘QQ

",2022-11-21,https://www.google.com.tw/maps/place/%E7%AF%89%E9%96%93%E5%B9%B8%E7%A6%8F%E9%8D%8B%E7%89%A9+%E5%8F%B0%E5%8C%97%E5%8D%97%E4%BA%AC%E4%B8%80%E5%BA%97/data=!4m7!3m6!1s0x3442a9666e9f721d:0x8aefbd57ef6d5d45!8m2!3d25.0518598!4d121.5273867!16s%2Fg%2F11b7cqtsy0!19sChIJHXKfbmapQjQRRV1t71e974o?authuser=0&hl=zh-TW&rclk=1,0x3442a9666e9f721d:0x8aefbd57ef6d5d45
1344,陳小嘉,5,1 年前,"吃過很多間築間 這間算是設備最新的一間 飲料機 冰沙機 霜淇淋機  
咖啡機 無糖飲料 應有盡有 食材方面還是老樣子CP值超高 點數可換海鮮或是肉 換的份量跟主餐一樣  
聚餐 宵夜會讓人一再想去 讚

",2022-11-21,https://www.google.com.tw/maps/place/%E7%AF%89%E9%96%93%E5%B9%B8%E7%A6%8F%E9%8D%8B%E7%89%A9+%E5%8F%B0%E5%8C%97%E5%8D%97%E4%BA%AC%E4%B8%80%E5%BA%97/data=!4m7!3m6!1s0x3442a9666e9f721d:0x8aefbd57ef6d5d45!8m2!3d25.0518598!4d121.5273867!16s%2Fg%2F11b7cqtsy0!19sChIJHXKfbmapQjQRRV1t71e974o?authuser=0&hl=zh-TW&rclk=1,0x3442a9666e9f721d:0x8aefbd57ef6d5d45
1345,蔡欣耘,5,1 年前,,2022-11-21,https://www.google.com.tw/maps/place/%E7%AF%89%E9%96%93%E5%B9%B8%E7%A6%8F%E9%8D%8B%E7%89%A9+%E5%8F%B0%E5%8C%97%E5%8D%97%E4%BA%AC%E4%B8%80%E5%BA%97/data=!4m7!3m6!1s0x3442a9666e9f721d:0x8aefbd57ef6d5d45!8m2!3d25.0518598!4d121.5273867!16s%2Fg%2F11b7cqtsy0!19sChIJHXKfbmapQjQRRV1t71e974o?authuser=0&hl=zh-TW&rclk=1,0x3442a9666e9f721d:0x8aefbd57ef6d5d45
1346,蔡惠玲,5,1 年前,,2022-11-21,https://www.google.com.tw/maps/place/%E7%AF%89%E9%96%93%E5%B9%B8%E7%A6%8F%E9%8D%8B%E7%89%A9+%E5%8F%B0%E5%8C%97%E5%8D%97%E4%BA%AC%E4%B8%80%E5%BA%97/data=!4m7!3m6!1s0x3442a9666e9f721d:0x8aefbd57ef6d5d45!8m2!3d25.0518598!4d121.5273867!16s%2Fg%2F11b7cqtsy0!19sChIJHXKfbmapQjQRRV1t71e974o?authuser=0&hl=zh-TW&rclk=1,0x3442a9666e9f721d:0x8aefbd57ef6d5d45
1347,張朕瑩,5,1 年前,,2022-11-21,https://www.google.com.tw/maps/place/%E7%AF%89%E9%96%93%E5%B9%B8%E7%A6%8F%E9%8D%8B%E7%89%A9+%E5%8F%B0%E5%8C%97%E5%8D%97%E4%BA%AC%E4%B8%80%E5%BA%97/data=!4m7!3m6!1s0x3442a9666e9f721d:0x8aefbd57ef6d5d45!8m2!3d25.0518598!4d121.5273867!16s%2Fg%2F11b7cqtsy0!19sChIJHXKfbmapQjQRRV1t71e974o?authuser=0&hl=zh-TW&rclk=1,0x3442a9666e9f721d:0x8aefbd57ef6d5d45
1348,劉勁妘,5,1 年前,,2022-11-21,https://www.google.com.tw/maps/place/%E7%AF%89%E9%96%93%E5%B9%B8%E7%A6%8F%E9%8D%8B%E7%89%A9+%E5%8F%B0%E5%8C%97%E5%8D%97%E4%BA%AC%E4%B8%80%E5%BA%97/data=!4m7!3m6!1s0x3442a9666e9f721d:0x8aefbd57ef6d5d45!8m2!3d25.0518598!4d121.5273867!16s%2Fg%2F11b7cqtsy0!19sChIJHXKfbmapQjQRRV1t71e974o?authuser=0&hl=zh-TW&rclk=1,0x3442a9666e9f721d:0x8aefbd57ef6d5d45
1349,韓聿淇,5,1 年前,,2022-11-21,https://www.google.com.tw/maps/place/%E7%AF%89%E9%96%93%E5%B9%B8%E7%A6%8F%E9%8D%8B%E7%89%A9+%E5%8F%B0%E5%8C%97%E5%8D%97%E4%BA%AC%E4%B8%80%E5%BA%97/data=!4m7!3m6!1s0x3442a9666e9f721d:0x8aefbd57ef6d5d45!8m2!3d25.0518598!4d121.5273867!16s%2Fg%2F11b7cqtsy0!19sChIJHXKfbmapQjQRRV1t71e974o?authuser=0&hl=zh-TW&rclk=1,0x3442a9666e9f721d:0x8aefbd57ef6d5d45
1350,黃士瑋,5,1 年前,,2022-11-21,https://www.google.com.tw/maps/place/%E7%AF%89%E9%96%93%E5%B9%B8%E7%A6%8F%E9%8D%8B%E7%89%A9+%E5%8F%B0%E5%8C%97%E5%8D%97%E4%BA%AC%E4%B8%80%E5%BA%97/data=!4m7!3m6!1s0x3442a9666e9f721d:0x8aefbd57ef6d5d45!8m2!3d25.0518598!4d121.5273867!16s%2Fg%2F11b7cqtsy0!19sChIJHXKfbmapQjQRRV1t71e974o?authuser=0&hl=zh-TW&rclk=1,0x3442a9666e9f721d:0x8aefbd57ef6d5d45
1351,黃章烊,5,1 年前,"大約晚上6、7點到店用餐，服務人員都很親切，餐點又好吃，雖然有時候排隊要排很久，但吃到餐點後覺得等待是值得的～

",2022-11-21,https://www.google.com.tw/maps/place/%E7%AF%89%E9%96%93%E5%B9%B8%E7%A6%8F%E9%8D%8B%E7%89%A9+%E5%8F%B0%E5%8C%97%E5%8D%97%E4%BA%AC%E4%B8%80%E5%BA%97/data=!4m7!3m6!1s0x3442a9666e9f721d:0x8aefbd57ef6d5d45!8m2!3d25.0518598!4d121.5273867!16s%2Fg%2F11b7cqtsy0!19sChIJHXKfbmapQjQRRV1t71e974o?authuser=0&hl=zh-TW&rclk=1,0x3442a9666e9f721d:0x8aefbd57ef6d5d45
1352,陳思帆,5,1 年前,"最愛之一火鍋店 品質 這間分店的服務非常棒唷❤️

",2022-11-21,https://www.google.com.tw/maps/place/%E7%AF%89%E9%96%93%E5%B9%B8%E7%A6%8F%E9%8D%8B%E7%89%A9+%E5%8F%B0%E5%8C%97%E5%8D%97%E4%BA%AC%E4%B8%80%E5%BA%97/data=!4m7!3m6!1s0x3442a9666e9f721d:0x8aefbd57ef6d5d45!8m2!3d25.0518598!4d121.5273867!16s%2Fg%2F11b7cqtsy0!19sChIJHXKfbmapQjQRRV1t71e974o?authuser=0&hl=zh-TW&rclk=1,0x3442a9666e9f721d:0x8aefbd57ef6d5d45
1353,王昱凱,5,1 年前,"好吃，服務好，值得讚賞。

",2022-11-21,https://www.google.com.tw/maps/place/%E7%AF%89%E9%96%93%E5%B9%B8%E7%A6%8F%E9%8D%8B%E7%89%A9+%E5%8F%B0%E5%8C%97%E5%8D%97%E4%BA%AC%E4%B8%80%E5%BA%97/data=!4m7!3m6!1s0x3442a9666e9f721d:0x8aefbd57ef6d5d45!8m2!3d25.0518598!4d121.5273867!16s%2Fg%2F11b7cqtsy0!19sChIJHXKfbmapQjQRRV1t71e974o?authuser=0&hl=zh-TW&rclk=1,0x3442a9666e9f721d:0x8aefbd57ef6d5d45
1354,吳裕倫,5,1 年前,"服務人員都很棒，餐點好吃，飲料選擇多，還有霜淇淋真的很棒，很推薦來這邊用餐

",2022-11-21,https://www.google.com.tw/maps/place/%E7%AF%89%E9%96%93%E5%B9%B8%E7%A6%8F%E9%8D%8B%E7%89%A9+%E5%8F%B0%E5%8C%97%E5%8D%97%E4%BA%AC%E4%B8%80%E5%BA%97/data=!4m7!3m6!1s0x3442a9666e9f721d:0x8aefbd57ef6d5d45!8m2!3d25.0518598!4d121.5273867!16s%2Fg%2F11b7cqtsy0!19sChIJHXKfbmapQjQRRV1t71e974o?authuser=0&hl=zh-TW&rclk=1,0x3442a9666e9f721d:0x8aefbd57ef6d5d45
1355,李冠鋐,5,1 年前,"好吃 服務好 餐點豐盛

",2022-11-21,https://www.google.com.tw/maps/place/%E7%AF%89%E9%96%93%E5%B9%B8%E7%A6%8F%E9%8D%8B%E7%89%A9+%E5%8F%B0%E5%8C%97%E5%8D%97%E4%BA%AC%E4%B8%80%E5%BA%97/data=!4m7!3m6!1s0x3442a9666e9f721d:0x8aefbd57ef6d5d45!8m2!3d25.0518598!4d121.5273867!16s%2Fg%2F11b7cqtsy0!19sChIJHXKfbmapQjQRRV1t71e974o?authuser=0&hl=zh-TW&rclk=1,0x3442a9666e9f721d:0x8aefbd57ef6d5d45
1356,王冠宏,3,1 年前,"1/25下午一點左右用餐  
櫃檯人員一個胖胖的女生的態度非常的討厭讓人真的很不喜歡 如果對待客人是這種態度是不是要換人當櫃檯人員  
用餐環境 有點小  
送餐的男生 態度很好 點餐的時候也很有耐心的介紹  
餐點吃起來 還行 但是醬料碟子看了三個都有點髒 第四個還自己拿來擦一擦 餐具的衛生需要加強

",2022-11-21,https://www.google.com.tw/maps/place/%E7%AF%89%E9%96%93%E5%B9%B8%E7%A6%8F%E9%8D%8B%E7%89%A9+%E5%8F%B0%E5%8C%97%E5%8D%97%E4%BA%AC%E4%B8%80%E5%BA%97/data=!4m7!3m6!1s0x3442a9666e9f721d:0x8aefbd57ef6d5d45!8m2!3d25.0518598!4d121.5273867!16s%2Fg%2F11b7cqtsy0!19sChIJHXKfbmapQjQRRV1t71e974o?authuser=0&hl=zh-TW&rclk=1,0x3442a9666e9f721d:0x8aefbd57ef6d5d45
1357,leon wang,3,1 年前,,2022-11-21,https://www.google.com.tw/maps/place/%E7%AF%89%E9%96%93%E5%B9%B8%E7%A6%8F%E9%8D%8B%E7%89%A9+%E5%8F%B0%E5%8C%97%E5%8D%97%E4%BA%AC%E4%B8%80%E5%BA%97/data=!4m7!3m6!1s0x3442a9666e9f721d:0x8aefbd57ef6d5d45!8m2!3d25.0518598!4d121.5273867!16s%2Fg%2F11b7cqtsy0!19sChIJHXKfbmapQjQRRV1t71e974o?authuser=0&hl=zh-TW&rclk=1,0x3442a9666e9f721d:0x8aefbd57ef6d5d45
1358,Ray Liu,3,1 年前,,2022-11-21,https://www.google.com.tw/maps/place/%E7%AF%89%E9%96%93%E5%B9%B8%E7%A6%8F%E9%8D%8B%E7%89%A9+%E5%8F%B0%E5%8C%97%E5%8D%97%E4%BA%AC%E4%B8%80%E5%BA%97/data=!4m7!3m6!1s0x3442a9666e9f721d:0x8aefbd57ef6d5d45!8m2!3d25.0518598!4d121.5273867!16s%2Fg%2F11b7cqtsy0!19sChIJHXKfbmapQjQRRV1t71e974o?authuser=0&hl=zh-TW&rclk=1,0x3442a9666e9f721d:0x8aefbd57ef6d5d45
1359,陳榮耀,5,1 年前,"服務優良 食材新鮮 服務人員親切 用餐品質非常好

",2022-11-21,https://www.google.com.tw/maps/place/%E7%AF%89%E9%96%93%E5%B9%B8%E7%A6%8F%E9%8D%8B%E7%89%A9+%E5%8F%B0%E5%8C%97%E5%8D%97%E4%BA%AC%E4%B8%80%E5%BA%97/data=!4m7!3m6!1s0x3442a9666e9f721d:0x8aefbd57ef6d5d45!8m2!3d25.0518598!4d121.5273867!16s%2Fg%2F11b7cqtsy0!19sChIJHXKfbmapQjQRRV1t71e974o?authuser=0&hl=zh-TW&rclk=1,0x3442a9666e9f721d:0x8aefbd57ef6d5d45
1360,王少筠,5,1 年前,,2022-11-21,https://www.google.com.tw/maps/place/%E7%AF%89%E9%96%93%E5%B9%B8%E7%A6%8F%E9%8D%8B%E7%89%A9+%E5%8F%B0%E5%8C%97%E5%8D%97%E4%BA%AC%E4%B8%80%E5%BA%97/data=!4m7!3m6!1s0x3442a9666e9f721d:0x8aefbd57ef6d5d45!8m2!3d25.0518598!4d121.5273867!16s%2Fg%2F11b7cqtsy0!19sChIJHXKfbmapQjQRRV1t71e974o?authuser=0&hl=zh-TW&rclk=1,0x3442a9666e9f721d:0x8aefbd57ef6d5d45
1361,Karina,5,1 年前,"服務態度很好親切體貼的服務人員  
秦逸寧

",2022-11-21,https://www.google.com.tw/maps/place/%E7%AF%89%E9%96%93%E5%B9%B8%E7%A6%8F%E9%8D%8B%E7%89%A9+%E5%8F%B0%E5%8C%97%E5%8D%97%E4%BA%AC%E4%B8%80%E5%BA%97/data=!4m7!3m6!1s0x3442a9666e9f721d:0x8aefbd57ef6d5d45!8m2!3d25.0518598!4d121.5273867!16s%2Fg%2F11b7cqtsy0!19sChIJHXKfbmapQjQRRV1t71e974o?authuser=0&hl=zh-TW&rclk=1,0x3442a9666e9f721d:0x8aefbd57ef6d5d45
1362,Debby801005,5,1 年前,"一人份餐點份量十足  
很適合朋友聚餐  
用餐當天除了冰淇淋區需要加強清潔之外  
其他部分都很滿意

",2022-11-21,https://www.google.com.tw/maps/place/%E7%AF%89%E9%96%93%E5%B9%B8%E7%A6%8F%E9%8D%8B%E7%89%A9+%E5%8F%B0%E5%8C%97%E5%8D%97%E4%BA%AC%E4%B8%80%E5%BA%97/data=!4m7!3m6!1s0x3442a9666e9f721d:0x8aefbd57ef6d5d45!8m2!3d25.0518598!4d121.5273867!16s%2Fg%2F11b7cqtsy0!19sChIJHXKfbmapQjQRRV1t71e974o?authuser=0&hl=zh-TW&rclk=1,0x3442a9666e9f721d:0x8aefbd57ef6d5d45
1363,ryan lee,5,1 年前,"公司聚餐臨時比定位多人，一個瘦瘦的帥哥好像是冠倫（不知道名字對不對），店生意很好全滿，這帥哥幫我們協調到位子可以坐在一起，我們不小心翻倒飲料，他也都很貼心的先問客人也沒有被噴濺到，很棒的服務，一定要給5星，其他同仁也有幫忙，真的很棒的團隊

",2022-11-21,https://www.google.com.tw/maps/place/%E7%AF%89%E9%96%93%E5%B9%B8%E7%A6%8F%E9%8D%8B%E7%89%A9+%E5%8F%B0%E5%8C%97%E5%8D%97%E4%BA%AC%E4%B8%80%E5%BA%97/data=!4m7!3m6!1s0x3442a9666e9f721d:0x8aefbd57ef6d5d45!8m2!3d25.0518598!4d121.5273867!16s%2Fg%2F11b7cqtsy0!19sChIJHXKfbmapQjQRRV1t71e974o?authuser=0&hl=zh-TW&rclk=1,0x3442a9666e9f721d:0x8aefbd57ef6d5d45
1364,Richard,5,1 年前,,2022-11-21,https://www.google.com.tw/maps/place/%E7%AF%89%E9%96%93%E5%B9%B8%E7%A6%8F%E9%8D%8B%E7%89%A9+%E5%8F%B0%E5%8C%97%E5%8D%97%E4%BA%AC%E4%B8%80%E5%BA%97/data=!4m7!3m6!1s0x3442a9666e9f721d:0x8aefbd57ef6d5d45!8m2!3d25.0518598!4d121.5273867!16s%2Fg%2F11b7cqtsy0!19sChIJHXKfbmapQjQRRV1t71e974o?authuser=0&hl=zh-TW&rclk=1,0x3442a9666e9f721d:0x8aefbd57ef6d5d45
1365,oliver ho,5,1 年前,,2022-11-21,https://www.google.com.tw/maps/place/%E7%AF%89%E9%96%93%E5%B9%B8%E7%A6%8F%E9%8D%8B%E7%89%A9+%E5%8F%B0%E5%8C%97%E5%8D%97%E4%BA%AC%E4%B8%80%E5%BA%97/data=!4m7!3m6!1s0x3442a9666e9f721d:0x8aefbd57ef6d5d45!8m2!3d25.0518598!4d121.5273867!16s%2Fg%2F11b7cqtsy0!19sChIJHXKfbmapQjQRRV1t71e974o?authuser=0&hl=zh-TW&rclk=1,0x3442a9666e9f721d:0x8aefbd57ef6d5d45
1366,阿中,1,1 年前,"候位時約莫20分鐘，領檯帶我和我另一位友人入座。座位為最靠近廚房以及廁所的那一桌（店內還有其他空位，直到用餐完畢那桌依然空著！）這點沒關係。但是：1.離廚房近，廚房裡的油水分離槽及不明臭味，味道非常重，廚房裡的味道都飄到餐桌的位置2.服務人員進進出出，撞到用餐的我們也沒有說對不起，好像習以為常一樣（我們是來用餐，不是來給他們用屁股頂椅子的！）3.桌面清潔（也只是拿酒精隨便擦擦，入座時還有異味，旁邊隔板甚至還有油漬。）4.只要一起來，每走一步必須小心地走，地板上不知是水漬還是油污，一個不小心可能就準備到台大或到辛亥路。  
餐飲業最注重的食安我在這間店完全看不見！！！！！！  
前次用餐於農安店服務人員態度積極且服務又有笑容，與這次差距甚遠，不知道同品牌怎麼會差距如此之大。

",2022-11-21,https://www.google.com.tw/maps/place/%E7%AF%89%E9%96%93%E5%B9%B8%E7%A6%8F%E9%8D%8B%E7%89%A9+%E5%8F%B0%E5%8C%97%E5%8D%97%E4%BA%AC%E4%B8%80%E5%BA%97/data=!4m7!3m6!1s0x3442a9666e9f721d:0x8aefbd57ef6d5d45!8m2!3d25.0518598!4d121.5273867!16s%2Fg%2F11b7cqtsy0!19sChIJHXKfbmapQjQRRV1t71e974o?authuser=0&hl=zh-TW&rclk=1,0x3442a9666e9f721d:0x8aefbd57ef6d5d45
1367,林富美,5,1 年前,"慧俞服務贊

",2022-11-21,https://www.google.com.tw/maps/place/%E7%AF%89%E9%96%93%E5%B9%B8%E7%A6%8F%E9%8D%8B%E7%89%A9+%E5%8F%B0%E5%8C%97%E5%8D%97%E4%BA%AC%E4%B8%80%E5%BA%97/data=!4m7!3m6!1s0x3442a9666e9f721d:0x8aefbd57ef6d5d45!8m2!3d25.0518598!4d121.5273867!16s%2Fg%2F11b7cqtsy0!19sChIJHXKfbmapQjQRRV1t71e974o?authuser=0&hl=zh-TW&rclk=1,0x3442a9666e9f721d:0x8aefbd57ef6d5d45
1368,潘怡媗,5,1 年前,"店員活潑大方 岑珈  
美麗的店長也很讚～～～

",2022-11-21,https://www.google.com.tw/maps/place/%E7%AF%89%E9%96%93%E5%B9%B8%E7%A6%8F%E9%8D%8B%E7%89%A9+%E5%8F%B0%E5%8C%97%E5%8D%97%E4%BA%AC%E4%B8%80%E5%BA%97/data=!4m7!3m6!1s0x3442a9666e9f721d:0x8aefbd57ef6d5d45!8m2!3d25.0518598!4d121.5273867!16s%2Fg%2F11b7cqtsy0!19sChIJHXKfbmapQjQRRV1t71e974o?authuser=0&hl=zh-TW&rclk=1,0x3442a9666e9f721d:0x8aefbd57ef6d5d45
1369,陳宗旺,5,1 年前,,2022-11-21,https://www.google.com.tw/maps/place/%E7%AF%89%E9%96%93%E5%B9%B8%E7%A6%8F%E9%8D%8B%E7%89%A9+%E5%8F%B0%E5%8C%97%E5%8D%97%E4%BA%AC%E4%B8%80%E5%BA%97/data=!4m7!3m6!1s0x3442a9666e9f721d:0x8aefbd57ef6d5d45!8m2!3d25.0518598!4d121.5273867!16s%2Fg%2F11b7cqtsy0!19sChIJHXKfbmapQjQRRV1t71e974o?authuser=0&hl=zh-TW&rclk=1,0x3442a9666e9f721d:0x8aefbd57ef6d5d45
1370,胡宗榮（Huhu）,5,1 年前,"好吃餐點湯頭  
好吃甜品飲品

",2022-11-21,https://www.google.com.tw/maps/place/%E7%AF%89%E9%96%93%E5%B9%B8%E7%A6%8F%E9%8D%8B%E7%89%A9+%E5%8F%B0%E5%8C%97%E5%8D%97%E4%BA%AC%E4%B8%80%E5%BA%97/data=!4m7!3m6!1s0x3442a9666e9f721d:0x8aefbd57ef6d5d45!8m2!3d25.0518598!4d121.5273867!16s%2Fg%2F11b7cqtsy0!19sChIJHXKfbmapQjQRRV1t71e974o?authuser=0&hl=zh-TW&rclk=1,0x3442a9666e9f721d:0x8aefbd57ef6d5d45
1371,CHIA CHI CHEN,4,1 年前,,2022-11-21,https://www.google.com.tw/maps/place/%E7%AF%89%E9%96%93%E5%B9%B8%E7%A6%8F%E9%8D%8B%E7%89%A9+%E5%8F%B0%E5%8C%97%E5%8D%97%E4%BA%AC%E4%B8%80%E5%BA%97/data=!4m7!3m6!1s0x3442a9666e9f721d:0x8aefbd57ef6d5d45!8m2!3d25.0518598!4d121.5273867!16s%2Fg%2F11b7cqtsy0!19sChIJHXKfbmapQjQRRV1t71e974o?authuser=0&hl=zh-TW&rclk=1,0x3442a9666e9f721d:0x8aefbd57ef6d5d45
1372,吳曉恩,5,1 年前,"

",2022-11-21,https://www.google.com.tw/maps/place/%E7%AF%89%E9%96%93%E5%B9%B8%E7%A6%8F%E9%8D%8B%E7%89%A9+%E5%8F%B0%E5%8C%97%E5%8D%97%E4%BA%AC%E4%B8%80%E5%BA%97/data=!4m7!3m6!1s0x3442a9666e9f721d:0x8aefbd57ef6d5d45!8m2!3d25.0518598!4d121.5273867!16s%2Fg%2F11b7cqtsy0!19sChIJHXKfbmapQjQRRV1t71e974o?authuser=0&hl=zh-TW&rclk=1,0x3442a9666e9f721d:0x8aefbd57ef6d5d45
1373,邱冠程,5,1 年前,,2022-11-21,https://www.google.com.tw/maps/place/%E7%AF%89%E9%96%93%E5%B9%B8%E7%A6%8F%E9%8D%8B%E7%89%A9+%E5%8F%B0%E5%8C%97%E5%8D%97%E4%BA%AC%E4%B8%80%E5%BA%97/data=!4m7!3m6!1s0x3442a9666e9f721d:0x8aefbd57ef6d5d45!8m2!3d25.0518598!4d121.5273867!16s%2Fg%2F11b7cqtsy0!19sChIJHXKfbmapQjQRRV1t71e974o?authuser=0&hl=zh-TW&rclk=1,0x3442a9666e9f721d:0x8aefbd57ef6d5d45
1374,Aaron,5,1 年前,"食材新鮮 好吃 會常來的

",2022-11-21,https://www.google.com.tw/maps/place/%E7%AF%89%E9%96%93%E5%B9%B8%E7%A6%8F%E9%8D%8B%E7%89%A9+%E5%8F%B0%E5%8C%97%E5%8D%97%E4%BA%AC%E4%B8%80%E5%BA%97/data=!4m7!3m6!1s0x3442a9666e9f721d:0x8aefbd57ef6d5d45!8m2!3d25.0518598!4d121.5273867!16s%2Fg%2F11b7cqtsy0!19sChIJHXKfbmapQjQRRV1t71e974o?authuser=0&hl=zh-TW&rclk=1,0x3442a9666e9f721d:0x8aefbd57ef6d5d45
1375,陳金富,5,1 年前,"服務生”陳威仁”服務非常親切，很棒！

",2022-11-21,https://www.google.com.tw/maps/place/%E7%AF%89%E9%96%93%E5%B9%B8%E7%A6%8F%E9%8D%8B%E7%89%A9+%E5%8F%B0%E5%8C%97%E5%8D%97%E4%BA%AC%E4%B8%80%E5%BA%97/data=!4m7!3m6!1s0x3442a9666e9f721d:0x8aefbd57ef6d5d45!8m2!3d25.0518598!4d121.5273867!16s%2Fg%2F11b7cqtsy0!19sChIJHXKfbmapQjQRRV1t71e974o?authuser=0&hl=zh-TW&rclk=1,0x3442a9666e9f721d:0x8aefbd57ef6d5d45
1376,Log Ko,5,1 年前,"沒有事先訂位的話，到現場至少都要排1.5 -2小時喔！而且是很晚的時候也可能。去吃的時侯記得要穿不重要的衣服因為全身會都火鍋味。但是真的好吃沒話說

",2022-11-21,https://www.google.com.tw/maps/place/%E7%AF%89%E9%96%93%E5%B9%B8%E7%A6%8F%E9%8D%8B%E7%89%A9+%E5%8F%B0%E5%8C%97%E5%8D%97%E4%BA%AC%E4%B8%80%E5%BA%97/data=!4m7!3m6!1s0x3442a9666e9f721d:0x8aefbd57ef6d5d45!8m2!3d25.0518598!4d121.5273867!16s%2Fg%2F11b7cqtsy0!19sChIJHXKfbmapQjQRRV1t71e974o?authuser=0&hl=zh-TW&rclk=1,0x3442a9666e9f721d:0x8aefbd57ef6d5d45
1377,Tien-Huang Chiang,5,1 年前,,2022-11-21,https://www.google.com.tw/maps/place/%E7%AF%89%E9%96%93%E5%B9%B8%E7%A6%8F%E9%8D%8B%E7%89%A9+%E5%8F%B0%E5%8C%97%E5%8D%97%E4%BA%AC%E4%B8%80%E5%BA%97/data=!4m7!3m6!1s0x3442a9666e9f721d:0x8aefbd57ef6d5d45!8m2!3d25.0518598!4d121.5273867!16s%2Fg%2F11b7cqtsy0!19sChIJHXKfbmapQjQRRV1t71e974o?authuser=0&hl=zh-TW&rclk=1,0x3442a9666e9f721d:0x8aefbd57ef6d5d45
1378,Chang-Yuan Huang,3,1 年前,,2022-11-21,https://www.google.com.tw/maps/place/%E7%AF%89%E9%96%93%E5%B9%B8%E7%A6%8F%E9%8D%8B%E7%89%A9+%E5%8F%B0%E5%8C%97%E5%8D%97%E4%BA%AC%E4%B8%80%E5%BA%97/data=!4m7!3m6!1s0x3442a9666e9f721d:0x8aefbd57ef6d5d45!8m2!3d25.0518598!4d121.5273867!16s%2Fg%2F11b7cqtsy0!19sChIJHXKfbmapQjQRRV1t71e974o?authuser=0&hl=zh-TW&rclk=1,0x3442a9666e9f721d:0x8aefbd57ef6d5d45
1379,陳寬川yijau10431@gmail.com,3,1 年前,"服務親切，菜色尚可

",2022-11-21,https://www.google.com.tw/maps/place/%E7%AF%89%E9%96%93%E5%B9%B8%E7%A6%8F%E9%8D%8B%E7%89%A9+%E5%8F%B0%E5%8C%97%E5%8D%97%E4%BA%AC%E4%B8%80%E5%BA%97/data=!4m7!3m6!1s0x3442a9666e9f721d:0x8aefbd57ef6d5d45!8m2!3d25.0518598!4d121.5273867!16s%2Fg%2F11b7cqtsy0!19sChIJHXKfbmapQjQRRV1t71e974o?authuser=0&hl=zh-TW&rclk=1,0x3442a9666e9f721d:0x8aefbd57ef6d5d45
1380,劉芸,4,1 年前,"上菜很快、石頭湯有點鹹  
一定要訂位

",2022-11-21,https://www.google.com.tw/maps/place/%E7%AF%89%E9%96%93%E5%B9%B8%E7%A6%8F%E9%8D%8B%E7%89%A9+%E5%8F%B0%E5%8C%97%E5%8D%97%E4%BA%AC%E4%B8%80%E5%BA%97/data=!4m7!3m6!1s0x3442a9666e9f721d:0x8aefbd57ef6d5d45!8m2!3d25.0518598!4d121.5273867!16s%2Fg%2F11b7cqtsy0!19sChIJHXKfbmapQjQRRV1t71e974o?authuser=0&hl=zh-TW&rclk=1,0x3442a9666e9f721d:0x8aefbd57ef6d5d45
1381,YiTing Huang,1,1 年前,"前天宵夜跟朋友約好去吃，一進門口一個服務人員都沒有，看到朋友就先過去找他們了，旁邊忽然有一個員工大聲說，你們沒有量額溫要去門口量，口氣之差欸  
哈囉～是你們門口一個人都沒有好嗎，講得好像是我們不想量一樣  
是一個個子不高有點豐腴的女生，好像叫逸寧吧，應該沒看錯  
不知道是不是主管，結帳也是她結的，臉都有夠臭的，本想開心跟朋友聚餐的心情都被破壞了

",2022-11-21,https://www.google.com.tw/maps/place/%E7%AF%89%E9%96%93%E5%B9%B8%E7%A6%8F%E9%8D%8B%E7%89%A9+%E5%8F%B0%E5%8C%97%E5%8D%97%E4%BA%AC%E4%B8%80%E5%BA%97/data=!4m7!3m6!1s0x3442a9666e9f721d:0x8aefbd57ef6d5d45!8m2!3d25.0518598!4d121.5273867!16s%2Fg%2F11b7cqtsy0!19sChIJHXKfbmapQjQRRV1t71e974o?authuser=0&hl=zh-TW&rclk=1,0x3442a9666e9f721d:0x8aefbd57ef6d5d45
1382,Polar,3,1 年前,"我：請問可以換菜盤嗎？  
店員：你要換什麼？  
我：可以把芋頭換掉嗎？  
店員：我們可以換成沒有加工食品的菜盤喔。  
  
！？？  
我：...那可以把芋頭換掉嗎？  
店員：我們是可以換成沒有加工食品的菜盤喔（機器人狀）  
  
！！？？  
我：那芋頭是加工食品嗎？  
店員：不是。  
我：那有讓芋頭消失的選項嗎？  
店員：沒有。  
-  
  
  
不可以換就算了，你好歹早一點告訴我。我哭( ꈨຶ ˙̫̮ ꈨຶ )  
SOP要有、但也要注意聽客人在問什麼。  
  
不過東西好吃！菜盤新鮮度偶爾比較差。

",2022-11-21,https://www.google.com.tw/maps/place/%E7%AF%89%E9%96%93%E5%B9%B8%E7%A6%8F%E9%8D%8B%E7%89%A9+%E5%8F%B0%E5%8C%97%E5%8D%97%E4%BA%AC%E4%B8%80%E5%BA%97/data=!4m7!3m6!1s0x3442a9666e9f721d:0x8aefbd57ef6d5d45!8m2!3d25.0518598!4d121.5273867!16s%2Fg%2F11b7cqtsy0!19sChIJHXKfbmapQjQRRV1t71e974o?authuser=0&hl=zh-TW&rclk=1,0x3442a9666e9f721d:0x8aefbd57ef6d5d45
1383,黃俊逸,2,1 年前,"晚班不知道是在趕什麼，連最後點餐都沒告知，想點的時侯都廚房已經休息了是在哈囉？最後結帳時時侯是沒在看我在撈零錢？也不問一下，態度有夠差的

",2022-11-21,https://www.google.com.tw/maps/place/%E7%AF%89%E9%96%93%E5%B9%B8%E7%A6%8F%E9%8D%8B%E7%89%A9+%E5%8F%B0%E5%8C%97%E5%8D%97%E4%BA%AC%E4%B8%80%E5%BA%97/data=!4m7!3m6!1s0x3442a9666e9f721d:0x8aefbd57ef6d5d45!8m2!3d25.0518598!4d121.5273867!16s%2Fg%2F11b7cqtsy0!19sChIJHXKfbmapQjQRRV1t71e974o?authuser=0&hl=zh-TW&rclk=1,0x3442a9666e9f721d:0x8aefbd57ef6d5d45
1384,Yu Cheng,1,1 年前,"糟糕透頂的用餐體驗。  
加湯、上肉盤的速度實在是令人髮指，請服務員加湯要等15分鐘，肉盤則是要等40分鐘，同行的朋友都已經吃飽，我的肉盤遲遲看不到蹤影，後來給的理由是肉品結凍切不下來，在做過火鍋店的我眼裡實在是一個很好笑的藉口。熱騰騰的白飯經過時間的摧殘都已經轉涼了，原本只想要請服務人員換一碗給我，順便婉轉的表達等很久的事實，卻在出餐口看到外場服務員與內場切肉員相互使出不屑的眼色，一邊鬼打牆的回覆說飯都是從飯鍋拿出來的，沒有變涼的問題。請問貴餐廳讓我等餐等加湯的時間讓飯變涼，會是飯鍋的問題嗎？順帶一提使眼色的服務員是一名瘦瘦上了年紀的一位男服務生，穿的是黑鞋白勾勾的NIKE鞋。

",2022-11-21,https://www.google.com.tw/maps/place/%E7%AF%89%E9%96%93%E5%B9%B8%E7%A6%8F%E9%8D%8B%E7%89%A9+%E5%8F%B0%E5%8C%97%E5%8D%97%E4%BA%AC%E4%B8%80%E5%BA%97/data=!4m7!3m6!1s0x3442a9666e9f721d:0x8aefbd57ef6d5d45!8m2!3d25.0518598!4d121.5273867!16s%2Fg%2F11b7cqtsy0!19sChIJHXKfbmapQjQRRV1t71e974o?authuser=0&hl=zh-TW&rclk=1,0x3442a9666e9f721d:0x8aefbd57ef6d5d45
1385,Ching-Hung Hsieh,3,1 年前,"食材0K , 但是店內挺擠的, 桌間距離真的太近, 為了坪效我能理解, 不過還是不太舒服 霖淇琳個人不太推薦~

",2022-11-21,https://www.google.com.tw/maps/place/%E7%AF%89%E9%96%93%E5%B9%B8%E7%A6%8F%E9%8D%8B%E7%89%A9+%E5%8F%B0%E5%8C%97%E5%8D%97%E4%BA%AC%E4%B8%80%E5%BA%97/data=!4m7!3m6!1s0x3442a9666e9f721d:0x8aefbd57ef6d5d45!8m2!3d25.0518598!4d121.5273867!16s%2Fg%2F11b7cqtsy0!19sChIJHXKfbmapQjQRRV1t71e974o?authuser=0&hl=zh-TW&rclk=1,0x3442a9666e9f721d:0x8aefbd57ef6d5d45
1386,紫米粥,4,1 年前,"好吃，  
不錯。  
厕所及洗手台空間太小，人多時，有点点髒亂。

",2022-11-21,https://www.google.com.tw/maps/place/%E7%AF%89%E9%96%93%E5%B9%B8%E7%A6%8F%E9%8D%8B%E7%89%A9+%E5%8F%B0%E5%8C%97%E5%8D%97%E4%BA%AC%E4%B8%80%E5%BA%97/data=!4m7!3m6!1s0x3442a9666e9f721d:0x8aefbd57ef6d5d45!8m2!3d25.0518598!4d121.5273867!16s%2Fg%2F11b7cqtsy0!19sChIJHXKfbmapQjQRRV1t71e974o?authuser=0&hl=zh-TW&rclk=1,0x3442a9666e9f721d:0x8aefbd57ef6d5d45
1387,Crinnie Chen,5,1 年前,"菜盤不馬虎 飲料都是有品牌的 明治冰淇淋好好吃  
湯頭美味 料實在

",2022-11-21,https://www.google.com.tw/maps/place/%E7%AF%89%E9%96%93%E5%B9%B8%E7%A6%8F%E9%8D%8B%E7%89%A9+%E5%8F%B0%E5%8C%97%E5%8D%97%E4%BA%AC%E4%B8%80%E5%BA%97/data=!4m7!3m6!1s0x3442a9666e9f721d:0x8aefbd57ef6d5d45!8m2!3d25.0518598!4d121.5273867!16s%2Fg%2F11b7cqtsy0!19sChIJHXKfbmapQjQRRV1t71e974o?authuser=0&hl=zh-TW&rclk=1,0x3442a9666e9f721d:0x8aefbd57ef6d5d45
1388,Ting Li Wang,4,1 年前,"豬骨胡椒湯很推

",2022-11-21,https://www.google.com.tw/maps/place/%E7%AF%89%E9%96%93%E5%B9%B8%E7%A6%8F%E9%8D%8B%E7%89%A9+%E5%8F%B0%E5%8C%97%E5%8D%97%E4%BA%AC%E4%B8%80%E5%BA%97/data=!4m7!3m6!1s0x3442a9666e9f721d:0x8aefbd57ef6d5d45!8m2!3d25.0518598!4d121.5273867!16s%2Fg%2F11b7cqtsy0!19sChIJHXKfbmapQjQRRV1t71e974o?authuser=0&hl=zh-TW&rclk=1,0x3442a9666e9f721d:0x8aefbd57ef6d5d45
1389,Farbio Hu,3,1 年前,"價格可接受，東西也真的不錯吃，吃的出來菜盤食材有固定小農配合，品質很穩定也很優。  
最大敗筆就是店內無排氣或空氣交換之類的，吃完全身衣物都很臭，頭髮也是，回家得馬上洗澡換衣。原本以為南京店1，2樓改裝後會改善，結果都一樣。也去了高雄吃也一樣臭。可見全省應該都一樣。  
好吃一回事，要用全身衣物換洗代價太高

",2022-11-21,https://www.google.com.tw/maps/place/%E7%AF%89%E9%96%93%E5%B9%B8%E7%A6%8F%E9%8D%8B%E7%89%A9+%E5%8F%B0%E5%8C%97%E5%8D%97%E4%BA%AC%E4%B8%80%E5%BA%97/data=!4m7!3m6!1s0x3442a9666e9f721d:0x8aefbd57ef6d5d45!8m2!3d25.0518598!4d121.5273867!16s%2Fg%2F11b7cqtsy0!19sChIJHXKfbmapQjQRRV1t71e974o?authuser=0&hl=zh-TW&rclk=1,0x3442a9666e9f721d:0x8aefbd57ef6d5d45
1390,池奕麟,5,1 年前,"湯頭夠香 位子小了點

",2022-11-21,https://www.google.com.tw/maps/place/%E7%AF%89%E9%96%93%E5%B9%B8%E7%A6%8F%E9%8D%8B%E7%89%A9+%E5%8F%B0%E5%8C%97%E5%8D%97%E4%BA%AC%E4%B8%80%E5%BA%97/data=!4m7!3m6!1s0x3442a9666e9f721d:0x8aefbd57ef6d5d45!8m2!3d25.0518598!4d121.5273867!16s%2Fg%2F11b7cqtsy0!19sChIJHXKfbmapQjQRRV1t71e974o?authuser=0&hl=zh-TW&rclk=1,0x3442a9666e9f721d:0x8aefbd57ef6d5d45
1391,妮露,5,1 年前,"服務人員迅速，餐點，配料及甜點飲料多元，適合再來聚餐

",2022-11-21,https://www.google.com.tw/maps/place/%E7%AF%89%E9%96%93%E5%B9%B8%E7%A6%8F%E9%8D%8B%E7%89%A9+%E5%8F%B0%E5%8C%97%E5%8D%97%E4%BA%AC%E4%B8%80%E5%BA%97/data=!4m7!3m6!1s0x3442a9666e9f721d:0x8aefbd57ef6d5d45!8m2!3d25.0518598!4d121.5273867!16s%2Fg%2F11b7cqtsy0!19sChIJHXKfbmapQjQRRV1t71e974o?authuser=0&hl=zh-TW&rclk=1,0x3442a9666e9f721d:0x8aefbd57ef6d5d45
1392,王巧儀,1,1 年前,"這家極度不推薦！極差的用餐體驗！！  
我是在平日晚餐用餐，  
肉片等很久才上不說，我座位的電磁爐熱度不夠 完全煮不開，食材生肉全部泡在湯裡，還很難找到服務生反應。  
好不容易看到服務生，  
反應了第一次只幫我擦桌子後重按桌面開關 就走了  
當然電磁爐還是沒熱。  
反應第二次只把電磁爐桌下插頭重插 就走了，  
當然電磁爐還是沒熱，  
然後又找不到服務生了。  
在這些等待的過程，朋友們都用完餐了。  
硬吃了生肉水煮的其他配料，沒有得到合理及時的協助、沒有主動說可延長用餐時間、沒有什麼優惠券或折扣補償，當然也沒有任何道歉。

",2022-11-21,https://www.google.com.tw/maps/place/%E7%AF%89%E9%96%93%E5%B9%B8%E7%A6%8F%E9%8D%8B%E7%89%A9+%E5%8F%B0%E5%8C%97%E5%8D%97%E4%BA%AC%E4%B8%80%E5%BA%97/data=!4m7!3m6!1s0x3442a9666e9f721d:0x8aefbd57ef6d5d45!8m2!3d25.0518598!4d121.5273867!16s%2Fg%2F11b7cqtsy0!19sChIJHXKfbmapQjQRRV1t71e974o?authuser=0&hl=zh-TW&rclk=1,0x3442a9666e9f721d:0x8aefbd57ef6d5d45
1393,YIN CHIU,4,1 年前,"明治冰淇淋好吃

",2022-11-21,https://www.google.com.tw/maps/place/%E7%AF%89%E9%96%93%E5%B9%B8%E7%A6%8F%E9%8D%8B%E7%89%A9+%E5%8F%B0%E5%8C%97%E5%8D%97%E4%BA%AC%E4%B8%80%E5%BA%97/data=!4m7!3m6!1s0x3442a9666e9f721d:0x8aefbd57ef6d5d45!8m2!3d25.0518598!4d121.5273867!16s%2Fg%2F11b7cqtsy0!19sChIJHXKfbmapQjQRRV1t71e974o?authuser=0&hl=zh-TW&rclk=1,0x3442a9666e9f721d:0x8aefbd57ef6d5d45
1394,H.T. Liao,4,1 年前,,2022-11-21,https://www.google.com.tw/maps/place/%E7%AF%89%E9%96%93%E5%B9%B8%E7%A6%8F%E9%8D%8B%E7%89%A9+%E5%8F%B0%E5%8C%97%E5%8D%97%E4%BA%AC%E4%B8%80%E5%BA%97/data=!4m7!3m6!1s0x3442a9666e9f721d:0x8aefbd57ef6d5d45!8m2!3d25.0518598!4d121.5273867!16s%2Fg%2F11b7cqtsy0!19sChIJHXKfbmapQjQRRV1t71e974o?authuser=0&hl=zh-TW&rclk=1,0x3442a9666e9f721d:0x8aefbd57ef6d5d45
1395,KIDD阿德師傅,5,1 年前,,2022-11-21,https://www.google.com.tw/maps/place/%E7%AF%89%E9%96%93%E5%B9%B8%E7%A6%8F%E9%8D%8B%E7%89%A9+%E5%8F%B0%E5%8C%97%E5%8D%97%E4%BA%AC%E4%B8%80%E5%BA%97/data=!4m7!3m6!1s0x3442a9666e9f721d:0x8aefbd57ef6d5d45!8m2!3d25.0518598!4d121.5273867!16s%2Fg%2F11b7cqtsy0!19sChIJHXKfbmapQjQRRV1t71e974o?authuser=0&hl=zh-TW&rclk=1,0x3442a9666e9f721d:0x8aefbd57ef6d5d45
1396,周千佐,5,1 年前,"高CP值鍋物，菜盤新鮮好吃

",2022-11-21,https://www.google.com.tw/maps/place/%E7%AF%89%E9%96%93%E5%B9%B8%E7%A6%8F%E9%8D%8B%E7%89%A9+%E5%8F%B0%E5%8C%97%E5%8D%97%E4%BA%AC%E4%B8%80%E5%BA%97/data=!4m7!3m6!1s0x3442a9666e9f721d:0x8aefbd57ef6d5d45!8m2!3d25.0518598!4d121.5273867!16s%2Fg%2F11b7cqtsy0!19sChIJHXKfbmapQjQRRV1t71e974o?authuser=0&hl=zh-TW&rclk=1,0x3442a9666e9f721d:0x8aefbd57ef6d5d45
1397,Tsai Andy,4,1 年前,,2022-11-21,https://www.google.com.tw/maps/place/%E7%AF%89%E9%96%93%E5%B9%B8%E7%A6%8F%E9%8D%8B%E7%89%A9+%E5%8F%B0%E5%8C%97%E5%8D%97%E4%BA%AC%E4%B8%80%E5%BA%97/data=!4m7!3m6!1s0x3442a9666e9f721d:0x8aefbd57ef6d5d45!8m2!3d25.0518598!4d121.5273867!16s%2Fg%2F11b7cqtsy0!19sChIJHXKfbmapQjQRRV1t71e974o?authuser=0&hl=zh-TW&rclk=1,0x3442a9666e9f721d:0x8aefbd57ef6d5d45
1398,SHUO II,4,1 年前,"很不賴

",2022-11-21,https://www.google.com.tw/maps/place/%E7%AF%89%E9%96%93%E5%B9%B8%E7%A6%8F%E9%8D%8B%E7%89%A9+%E5%8F%B0%E5%8C%97%E5%8D%97%E4%BA%AC%E4%B8%80%E5%BA%97/data=!4m7!3m6!1s0x3442a9666e9f721d:0x8aefbd57ef6d5d45!8m2!3d25.0518598!4d121.5273867!16s%2Fg%2F11b7cqtsy0!19sChIJHXKfbmapQjQRRV1t71e974o?authuser=0&hl=zh-TW&rclk=1,0x3442a9666e9f721d:0x8aefbd57ef6d5d45
1399,CW C,2,1 年前,,2022-11-21,https://www.google.com.tw/maps/place/%E7%AF%89%E9%96%93%E5%B9%B8%E7%A6%8F%E9%8D%8B%E7%89%A9+%E5%8F%B0%E5%8C%97%E5%8D%97%E4%BA%AC%E4%B8%80%E5%BA%97/data=!4m7!3m6!1s0x3442a9666e9f721d:0x8aefbd57ef6d5d45!8m2!3d25.0518598!4d121.5273867!16s%2Fg%2F11b7cqtsy0!19sChIJHXKfbmapQjQRRV1t71e974o?authuser=0&hl=zh-TW&rclk=1,0x3442a9666e9f721d:0x8aefbd57ef6d5d45
1400,ruei wang,3,1 年前,,2022-11-21,https://www.google.com.tw/maps/place/%E7%AF%89%E9%96%93%E5%B9%B8%E7%A6%8F%E9%8D%8B%E7%89%A9+%E5%8F%B0%E5%8C%97%E5%8D%97%E4%BA%AC%E4%B8%80%E5%BA%97/data=!4m7!3m6!1s0x3442a9666e9f721d:0x8aefbd57ef6d5d45!8m2!3d25.0518598!4d121.5273867!16s%2Fg%2F11b7cqtsy0!19sChIJHXKfbmapQjQRRV1t71e974o?authuser=0&hl=zh-TW&rclk=1,0x3442a9666e9f721d:0x8aefbd57ef6d5d45
1401,榆盈黃,4,1 年前,"服務比中壢店好，因為笑臉迎人。這是吃飯可人小小的要求。

",2022-11-21,https://www.google.com.tw/maps/place/%E7%AF%89%E9%96%93%E5%B9%B8%E7%A6%8F%E9%8D%8B%E7%89%A9+%E5%8F%B0%E5%8C%97%E5%8D%97%E4%BA%AC%E4%B8%80%E5%BA%97/data=!4m7!3m6!1s0x3442a9666e9f721d:0x8aefbd57ef6d5d45!8m2!3d25.0518598!4d121.5273867!16s%2Fg%2F11b7cqtsy0!19sChIJHXKfbmapQjQRRV1t71e974o?authuser=0&hl=zh-TW&rclk=1,0x3442a9666e9f721d:0x8aefbd57ef6d5d45
1402,Guan-Yi Li,5,1 年前,,2022-11-21,https://www.google.com.tw/maps/place/%E7%AF%89%E9%96%93%E5%B9%B8%E7%A6%8F%E9%8D%8B%E7%89%A9+%E5%8F%B0%E5%8C%97%E5%8D%97%E4%BA%AC%E4%B8%80%E5%BA%97/data=!4m7!3m6!1s0x3442a9666e9f721d:0x8aefbd57ef6d5d45!8m2!3d25.0518598!4d121.5273867!16s%2Fg%2F11b7cqtsy0!19sChIJHXKfbmapQjQRRV1t71e974o?authuser=0&hl=zh-TW&rclk=1,0x3442a9666e9f721d:0x8aefbd57ef6d5d45
1403,Elsa Chou,1,1 年前,,2022-11-21,https://www.google.com.tw/maps/place/%E7%AF%89%E9%96%93%E5%B9%B8%E7%A6%8F%E9%8D%8B%E7%89%A9+%E5%8F%B0%E5%8C%97%E5%8D%97%E4%BA%AC%E4%B8%80%E5%BA%97/data=!4m7!3m6!1s0x3442a9666e9f721d:0x8aefbd57ef6d5d45!8m2!3d25.0518598!4d121.5273867!16s%2Fg%2F11b7cqtsy0!19sChIJHXKfbmapQjQRRV1t71e974o?authuser=0&hl=zh-TW&rclk=1,0x3442a9666e9f721d:0x8aefbd57ef6d5d45
1404,咬到八角,4,1 年前,"霜降牛好吃，價格中等偏便宜，不過不知道是不是在聖誕節當天去用餐所以感覺吃得很趕，。

",2022-11-21,https://www.google.com.tw/maps/place/%E7%AF%89%E9%96%93%E5%B9%B8%E7%A6%8F%E9%8D%8B%E7%89%A9+%E5%8F%B0%E5%8C%97%E5%8D%97%E4%BA%AC%E4%B8%80%E5%BA%97/data=!4m7!3m6!1s0x3442a9666e9f721d:0x8aefbd57ef6d5d45!8m2!3d25.0518598!4d121.5273867!16s%2Fg%2F11b7cqtsy0!19sChIJHXKfbmapQjQRRV1t71e974o?authuser=0&hl=zh-TW&rclk=1,0x3442a9666e9f721d:0x8aefbd57ef6d5d45
1405,鄭麗虹,1,1 年前,"菜色還可以，服務態度要加強，青菜清洗的不到位，還是菜蟲

",2022-11-21,https://www.google.com.tw/maps/place/%E7%AF%89%E9%96%93%E5%B9%B8%E7%A6%8F%E9%8D%8B%E7%89%A9+%E5%8F%B0%E5%8C%97%E5%8D%97%E4%BA%AC%E4%B8%80%E5%BA%97/data=!4m7!3m6!1s0x3442a9666e9f721d:0x8aefbd57ef6d5d45!8m2!3d25.0518598!4d121.5273867!16s%2Fg%2F11b7cqtsy0!19sChIJHXKfbmapQjQRRV1t71e974o?authuser=0&hl=zh-TW&rclk=1,0x3442a9666e9f721d:0x8aefbd57ef6d5d45
1406,羅文辰,5,1 年前,,2022-11-21,https://www.google.com.tw/maps/place/%E7%AF%89%E9%96%93%E5%B9%B8%E7%A6%8F%E9%8D%8B%E7%89%A9+%E5%8F%B0%E5%8C%97%E5%8D%97%E4%BA%AC%E4%B8%80%E5%BA%97/data=!4m7!3m6!1s0x3442a9666e9f721d:0x8aefbd57ef6d5d45!8m2!3d25.0518598!4d121.5273867!16s%2Fg%2F11b7cqtsy0!19sChIJHXKfbmapQjQRRV1t71e974o?authuser=0&hl=zh-TW&rclk=1,0x3442a9666e9f721d:0x8aefbd57ef6d5d45
1407,Miya ฅ'ω'ฅ 咪,4,1 年前,"服務人員不夠，很忙

",2022-11-21,https://www.google.com.tw/maps/place/%E7%AF%89%E9%96%93%E5%B9%B8%E7%A6%8F%E9%8D%8B%E7%89%A9+%E5%8F%B0%E5%8C%97%E5%8D%97%E4%BA%AC%E4%B8%80%E5%BA%97/data=!4m7!3m6!1s0x3442a9666e9f721d:0x8aefbd57ef6d5d45!8m2!3d25.0518598!4d121.5273867!16s%2Fg%2F11b7cqtsy0!19sChIJHXKfbmapQjQRRV1t71e974o?authuser=0&hl=zh-TW&rclk=1,0x3442a9666e9f721d:0x8aefbd57ef6d5d45
1408,Mentou Tseng,4,1 年前,"環境乾淨舒適，訂位熱門，附近橋下可以停車，會員、生日、中國信託有折扣卷

",2022-11-21,https://www.google.com.tw/maps/place/%E7%AF%89%E9%96%93%E5%B9%B8%E7%A6%8F%E9%8D%8B%E7%89%A9+%E5%8F%B0%E5%8C%97%E5%8D%97%E4%BA%AC%E4%B8%80%E5%BA%97/data=!4m7!3m6!1s0x3442a9666e9f721d:0x8aefbd57ef6d5d45!8m2!3d25.0518598!4d121.5273867!16s%2Fg%2F11b7cqtsy0!19sChIJHXKfbmapQjQRRV1t71e974o?authuser=0&hl=zh-TW&rclk=1,0x3442a9666e9f721d:0x8aefbd57ef6d5d45
1409,林峻民,5,1 年前,,2022-11-21,https://www.google.com.tw/maps/place/%E7%AF%89%E9%96%93%E5%B9%B8%E7%A6%8F%E9%8D%8B%E7%89%A9+%E5%8F%B0%E5%8C%97%E5%8D%97%E4%BA%AC%E4%B8%80%E5%BA%97/data=!4m7!3m6!1s0x3442a9666e9f721d:0x8aefbd57ef6d5d45!8m2!3d25.0518598!4d121.5273867!16s%2Fg%2F11b7cqtsy0!19sChIJHXKfbmapQjQRRV1t71e974o?authuser=0&hl=zh-TW&rclk=1,0x3442a9666e9f721d:0x8aefbd57ef6d5d45
1410,Bryan顏君愷,3,1 年前,"真的超級超級擠

",2022-11-21,https://www.google.com.tw/maps/place/%E7%AF%89%E9%96%93%E5%B9%B8%E7%A6%8F%E9%8D%8B%E7%89%A9+%E5%8F%B0%E5%8C%97%E5%8D%97%E4%BA%AC%E4%B8%80%E5%BA%97/data=!4m7!3m6!1s0x3442a9666e9f721d:0x8aefbd57ef6d5d45!8m2!3d25.0518598!4d121.5273867!16s%2Fg%2F11b7cqtsy0!19sChIJHXKfbmapQjQRRV1t71e974o?authuser=0&hl=zh-TW&rclk=1,0x3442a9666e9f721d:0x8aefbd57ef6d5d45
1411,Water Su,3,1 年前,"點了老饕牛肉搭招牌石頭鍋底，覺得普通。可能本人不喜歡太多調味，還不如點一般口味。  
其餘用餐環境，冷熱飲，咖啡機，冰沙，明治冰淇淋等等算不錯。服務態度不錯。  
可惜主餐口味不合，只給3星。

",2022-11-21,https://www.google.com.tw/maps/place/%E7%AF%89%E9%96%93%E5%B9%B8%E7%A6%8F%E9%8D%8B%E7%89%A9+%E5%8F%B0%E5%8C%97%E5%8D%97%E4%BA%AC%E4%B8%80%E5%BA%97/data=!4m7!3m6!1s0x3442a9666e9f721d:0x8aefbd57ef6d5d45!8m2!3d25.0518598!4d121.5273867!16s%2Fg%2F11b7cqtsy0!19sChIJHXKfbmapQjQRRV1t71e974o?authuser=0&hl=zh-TW&rclk=1,0x3442a9666e9f721d:0x8aefbd57ef6d5d45
1412,張弘毅,5,1 年前,,2022-11-21,https://www.google.com.tw/maps/place/%E7%AF%89%E9%96%93%E5%B9%B8%E7%A6%8F%E9%8D%8B%E7%89%A9+%E5%8F%B0%E5%8C%97%E5%8D%97%E4%BA%AC%E4%B8%80%E5%BA%97/data=!4m7!3m6!1s0x3442a9666e9f721d:0x8aefbd57ef6d5d45!8m2!3d25.0518598!4d121.5273867!16s%2Fg%2F11b7cqtsy0!19sChIJHXKfbmapQjQRRV1t71e974o?authuser=0&hl=zh-TW&rclk=1,0x3442a9666e9f721d:0x8aefbd57ef6d5d45
1413,陳宇皇,5,1 年前,"換裝潢讚

",2022-11-21,https://www.google.com.tw/maps/place/%E7%AF%89%E9%96%93%E5%B9%B8%E7%A6%8F%E9%8D%8B%E7%89%A9+%E5%8F%B0%E5%8C%97%E5%8D%97%E4%BA%AC%E4%B8%80%E5%BA%97/data=!4m7!3m6!1s0x3442a9666e9f721d:0x8aefbd57ef6d5d45!8m2!3d25.0518598!4d121.5273867!16s%2Fg%2F11b7cqtsy0!19sChIJHXKfbmapQjQRRV1t71e974o?authuser=0&hl=zh-TW&rclk=1,0x3442a9666e9f721d:0x8aefbd57ef6d5d45
1414,Aston Kuo,5,1 年前,"服務很好！  
之前去三民店的時候，超差的服務態度！  
再說一次，築間三民店的服務真的是超爛的！  
但是這裡的服務卻非常非常得好。  
只是有時候人多了一些，  
對於要加湯的服務，  
有點慢了一些。  
不過還算是不錯！  
給讚！

",2022-11-21,https://www.google.com.tw/maps/place/%E7%AF%89%E9%96%93%E5%B9%B8%E7%A6%8F%E9%8D%8B%E7%89%A9+%E5%8F%B0%E5%8C%97%E5%8D%97%E4%BA%AC%E4%B8%80%E5%BA%97/data=!4m7!3m6!1s0x3442a9666e9f721d:0x8aefbd57ef6d5d45!8m2!3d25.0518598!4d121.5273867!16s%2Fg%2F11b7cqtsy0!19sChIJHXKfbmapQjQRRV1t71e974o?authuser=0&hl=zh-TW&rclk=1,0x3442a9666e9f721d:0x8aefbd57ef6d5d45
1415,郭大俠,4,1 年前,"用餐環境很好，東西也很乾淨，但動線有點不方便，廁所、廚房會卡著，飲料區與用餐區也卡著，飲料區很小，取用時容易卡住，員工訓練很不錯，態度很和善，但加湯常常都會被遺忘，小小缺點。

",2022-11-21,https://www.google.com.tw/maps/place/%E7%AF%89%E9%96%93%E5%B9%B8%E7%A6%8F%E9%8D%8B%E7%89%A9+%E5%8F%B0%E5%8C%97%E5%8D%97%E4%BA%AC%E4%B8%80%E5%BA%97/data=!4m7!3m6!1s0x3442a9666e9f721d:0x8aefbd57ef6d5d45!8m2!3d25.0518598!4d121.5273867!16s%2Fg%2F11b7cqtsy0!19sChIJHXKfbmapQjQRRV1t71e974o?authuser=0&hl=zh-TW&rclk=1,0x3442a9666e9f721d:0x8aefbd57ef6d5d45
1416,スフレ,5,1 年前,"今年發現的高性價比鍋物首選  
就連消費累積的點數所兌換的食材，  
上桌也全都不馬虎！  
  
期許接下來餐點及服務品質  
在生意爆棚後能維持久一點……

",2022-11-21,https://www.google.com.tw/maps/place/%E7%AF%89%E9%96%93%E5%B9%B8%E7%A6%8F%E9%8D%8B%E7%89%A9+%E5%8F%B0%E5%8C%97%E5%8D%97%E4%BA%AC%E4%B8%80%E5%BA%97/data=!4m7!3m6!1s0x3442a9666e9f721d:0x8aefbd57ef6d5d45!8m2!3d25.0518598!4d121.5273867!16s%2Fg%2F11b7cqtsy0!19sChIJHXKfbmapQjQRRV1t71e974o?authuser=0&hl=zh-TW&rclk=1,0x3442a9666e9f721d:0x8aefbd57ef6d5d45
1417,鄭凱偉,5,1 年前,,2022-11-21,https://www.google.com.tw/maps/place/%E7%AF%89%E9%96%93%E5%B9%B8%E7%A6%8F%E9%8D%8B%E7%89%A9+%E5%8F%B0%E5%8C%97%E5%8D%97%E4%BA%AC%E4%B8%80%E5%BA%97/data=!4m7!3m6!1s0x3442a9666e9f721d:0x8aefbd57ef6d5d45!8m2!3d25.0518598!4d121.5273867!16s%2Fg%2F11b7cqtsy0!19sChIJHXKfbmapQjQRRV1t71e974o?authuser=0&hl=zh-TW&rclk=1,0x3442a9666e9f721d:0x8aefbd57ef6d5d45
1418,Alisa sun,5,1 年前,,2022-11-21,https://www.google.com.tw/maps/place/%E7%AF%89%E9%96%93%E5%B9%B8%E7%A6%8F%E9%8D%8B%E7%89%A9+%E5%8F%B0%E5%8C%97%E5%8D%97%E4%BA%AC%E4%B8%80%E5%BA%97/data=!4m7!3m6!1s0x3442a9666e9f721d:0x8aefbd57ef6d5d45!8m2!3d25.0518598!4d121.5273867!16s%2Fg%2F11b7cqtsy0!19sChIJHXKfbmapQjQRRV1t71e974o?authuser=0&hl=zh-TW&rclk=1,0x3442a9666e9f721d:0x8aefbd57ef6d5d45
1419,鄭皓方,5,1 年前,,2022-11-21,https://www.google.com.tw/maps/place/%E7%AF%89%E9%96%93%E5%B9%B8%E7%A6%8F%E9%8D%8B%E7%89%A9+%E5%8F%B0%E5%8C%97%E5%8D%97%E4%BA%AC%E4%B8%80%E5%BA%97/data=!4m7!3m6!1s0x3442a9666e9f721d:0x8aefbd57ef6d5d45!8m2!3d25.0518598!4d121.5273867!16s%2Fg%2F11b7cqtsy0!19sChIJHXKfbmapQjQRRV1t71e974o?authuser=0&hl=zh-TW&rclk=1,0x3442a9666e9f721d:0x8aefbd57ef6d5d45
1420,Megan Hsieh,1,1 年前,"12/16，下午5點左右來，在櫃檯罰站10分鐘，店員寧可忙自己的，也不來至少讓我們入座，乾等超久

",2022-11-21,https://www.google.com.tw/maps/place/%E7%AF%89%E9%96%93%E5%B9%B8%E7%A6%8F%E9%8D%8B%E7%89%A9+%E5%8F%B0%E5%8C%97%E5%8D%97%E4%BA%AC%E4%B8%80%E5%BA%97/data=!4m7!3m6!1s0x3442a9666e9f721d:0x8aefbd57ef6d5d45!8m2!3d25.0518598!4d121.5273867!16s%2Fg%2F11b7cqtsy0!19sChIJHXKfbmapQjQRRV1t71e974o?authuser=0&hl=zh-TW&rclk=1,0x3442a9666e9f721d:0x8aefbd57ef6d5d45
1421,安莳莳,1,1 年前,"氣到差點忘了補評價  
LV皮帶男服務員態度有夠沒禮貌  
還敢收服務費喔

",2022-11-21,https://www.google.com.tw/maps/place/%E7%AF%89%E9%96%93%E5%B9%B8%E7%A6%8F%E9%8D%8B%E7%89%A9+%E5%8F%B0%E5%8C%97%E5%8D%97%E4%BA%AC%E4%B8%80%E5%BA%97/data=!4m7!3m6!1s0x3442a9666e9f721d:0x8aefbd57ef6d5d45!8m2!3d25.0518598!4d121.5273867!16s%2Fg%2F11b7cqtsy0!19sChIJHXKfbmapQjQRRV1t71e974o?authuser=0&hl=zh-TW&rclk=1,0x3442a9666e9f721d:0x8aefbd57ef6d5d45
1422,孫宇,4,1 年前,,2022-11-21,https://www.google.com.tw/maps/place/%E7%AF%89%E9%96%93%E5%B9%B8%E7%A6%8F%E9%8D%8B%E7%89%A9+%E5%8F%B0%E5%8C%97%E5%8D%97%E4%BA%AC%E4%B8%80%E5%BA%97/data=!4m7!3m6!1s0x3442a9666e9f721d:0x8aefbd57ef6d5d45!8m2!3d25.0518598!4d121.5273867!16s%2Fg%2F11b7cqtsy0!19sChIJHXKfbmapQjQRRV1t71e974o?authuser=0&hl=zh-TW&rclk=1,0x3442a9666e9f721d:0x8aefbd57ef6d5d45
1423,高世達,3,1 年前,,2022-11-21,https://www.google.com.tw/maps/place/%E7%AF%89%E9%96%93%E5%B9%B8%E7%A6%8F%E9%8D%8B%E7%89%A9+%E5%8F%B0%E5%8C%97%E5%8D%97%E4%BA%AC%E4%B8%80%E5%BA%97/data=!4m7!3m6!1s0x3442a9666e9f721d:0x8aefbd57ef6d5d45!8m2!3d25.0518598!4d121.5273867!16s%2Fg%2F11b7cqtsy0!19sChIJHXKfbmapQjQRRV1t71e974o?authuser=0&hl=zh-TW&rclk=1,0x3442a9666e9f721d:0x8aefbd57ef6d5d45
1424,徐家慧,5,1 年前,"湯頭多樣選擇又好喝，食材新鮮

",2022-11-21,https://www.google.com.tw/maps/place/%E7%AF%89%E9%96%93%E5%B9%B8%E7%A6%8F%E9%8D%8B%E7%89%A9+%E5%8F%B0%E5%8C%97%E5%8D%97%E4%BA%AC%E4%B8%80%E5%BA%97/data=!4m7!3m6!1s0x3442a9666e9f721d:0x8aefbd57ef6d5d45!8m2!3d25.0518598!4d121.5273867!16s%2Fg%2F11b7cqtsy0!19sChIJHXKfbmapQjQRRV1t71e974o?authuser=0&hl=zh-TW&rclk=1,0x3442a9666e9f721d:0x8aefbd57ef6d5d45
1425,王丹丹,4,1 年前,"吃了台北市所有築間，最喜歡南京店的空間與飲品甜食，選項多樣豐富。

",2022-11-21,https://www.google.com.tw/maps/place/%E7%AF%89%E9%96%93%E5%B9%B8%E7%A6%8F%E9%8D%8B%E7%89%A9+%E5%8F%B0%E5%8C%97%E5%8D%97%E4%BA%AC%E4%B8%80%E5%BA%97/data=!4m7!3m6!1s0x3442a9666e9f721d:0x8aefbd57ef6d5d45!8m2!3d25.0518598!4d121.5273867!16s%2Fg%2F11b7cqtsy0!19sChIJHXKfbmapQjQRRV1t71e974o?authuser=0&hl=zh-TW&rclk=1,0x3442a9666e9f721d:0x8aefbd57ef6d5d45
1426,Serendipity,3,1 年前,"前陣子新裝潢  
但裝潢好以後食材味道新鮮度變差了

",2022-11-21,https://www.google.com.tw/maps/place/%E7%AF%89%E9%96%93%E5%B9%B8%E7%A6%8F%E9%8D%8B%E7%89%A9+%E5%8F%B0%E5%8C%97%E5%8D%97%E4%BA%AC%E4%B8%80%E5%BA%97/data=!4m7!3m6!1s0x3442a9666e9f721d:0x8aefbd57ef6d5d45!8m2!3d25.0518598!4d121.5273867!16s%2Fg%2F11b7cqtsy0!19sChIJHXKfbmapQjQRRV1t71e974o?authuser=0&hl=zh-TW&rclk=1,0x3442a9666e9f721d:0x8aefbd57ef6d5d45
1427,陳彥翔,5,1 年前,,2022-11-21,https://www.google.com.tw/maps/place/%E7%AF%89%E9%96%93%E5%B9%B8%E7%A6%8F%E9%8D%8B%E7%89%A9+%E5%8F%B0%E5%8C%97%E5%8D%97%E4%BA%AC%E4%B8%80%E5%BA%97/data=!4m7!3m6!1s0x3442a9666e9f721d:0x8aefbd57ef6d5d45!8m2!3d25.0518598!4d121.5273867!16s%2Fg%2F11b7cqtsy0!19sChIJHXKfbmapQjQRRV1t71e974o?authuser=0&hl=zh-TW&rclk=1,0x3442a9666e9f721d:0x8aefbd57ef6d5d45
1428,Chou Mi,5,1 年前,,2022-11-21,https://www.google.com.tw/maps/place/%E7%AF%89%E9%96%93%E5%B9%B8%E7%A6%8F%E9%8D%8B%E7%89%A9+%E5%8F%B0%E5%8C%97%E5%8D%97%E4%BA%AC%E4%B8%80%E5%BA%97/data=!4m7!3m6!1s0x3442a9666e9f721d:0x8aefbd57ef6d5d45!8m2!3d25.0518598!4d121.5273867!16s%2Fg%2F11b7cqtsy0!19sChIJHXKfbmapQjQRRV1t71e974o?authuser=0&hl=zh-TW&rclk=1,0x3442a9666e9f721d:0x8aefbd57ef6d5d45
1429,Ben Tseng,4,1 年前,,2022-11-21,https://www.google.com.tw/maps/place/%E7%AF%89%E9%96%93%E5%B9%B8%E7%A6%8F%E9%8D%8B%E7%89%A9+%E5%8F%B0%E5%8C%97%E5%8D%97%E4%BA%AC%E4%B8%80%E5%BA%97/data=!4m7!3m6!1s0x3442a9666e9f721d:0x8aefbd57ef6d5d45!8m2!3d25.0518598!4d121.5273867!16s%2Fg%2F11b7cqtsy0!19sChIJHXKfbmapQjQRRV1t71e974o?authuser=0&hl=zh-TW&rclk=1,0x3442a9666e9f721d:0x8aefbd57ef6d5d45
1430,黃MR,2,1 年前,"為了2樓活動導致1樓人力不足,牛肉品項也疑似因為2樓的吃到飽,造成1樓在晚上5點就沒有牛肉的某些品項,看在店內大多時間只有2個店員給2星

",2022-11-21,https://www.google.com.tw/maps/place/%E7%AF%89%E9%96%93%E5%B9%B8%E7%A6%8F%E9%8D%8B%E7%89%A9+%E5%8F%B0%E5%8C%97%E5%8D%97%E4%BA%AC%E4%B8%80%E5%BA%97/data=!4m7!3m6!1s0x3442a9666e9f721d:0x8aefbd57ef6d5d45!8m2!3d25.0518598!4d121.5273867!16s%2Fg%2F11b7cqtsy0!19sChIJHXKfbmapQjQRRV1t71e974o?authuser=0&hl=zh-TW&rclk=1,0x3442a9666e9f721d:0x8aefbd57ef6d5d45
1431,ivory H,5,1 年前,,2022-11-21,https://www.google.com.tw/maps/place/%E7%AF%89%E9%96%93%E5%B9%B8%E7%A6%8F%E9%8D%8B%E7%89%A9+%E5%8F%B0%E5%8C%97%E5%8D%97%E4%BA%AC%E4%B8%80%E5%BA%97/data=!4m7!3m6!1s0x3442a9666e9f721d:0x8aefbd57ef6d5d45!8m2!3d25.0518598!4d121.5273867!16s%2Fg%2F11b7cqtsy0!19sChIJHXKfbmapQjQRRV1t71e974o?authuser=0&hl=zh-TW&rclk=1,0x3442a9666e9f721d:0x8aefbd57ef6d5d45
1432,劉茜茜,5,1 年前,"很愛南京店的冰淇淋  
雖然我的技術有待加強....

",2022-11-21,https://www.google.com.tw/maps/place/%E7%AF%89%E9%96%93%E5%B9%B8%E7%A6%8F%E9%8D%8B%E7%89%A9+%E5%8F%B0%E5%8C%97%E5%8D%97%E4%BA%AC%E4%B8%80%E5%BA%97/data=!4m7!3m6!1s0x3442a9666e9f721d:0x8aefbd57ef6d5d45!8m2!3d25.0518598!4d121.5273867!16s%2Fg%2F11b7cqtsy0!19sChIJHXKfbmapQjQRRV1t71e974o?authuser=0&hl=zh-TW&rclk=1,0x3442a9666e9f721d:0x8aefbd57ef6d5d45
1433,蕭怡寧,4,1 年前,,2022-11-21,https://www.google.com.tw/maps/place/%E7%AF%89%E9%96%93%E5%B9%B8%E7%A6%8F%E9%8D%8B%E7%89%A9+%E5%8F%B0%E5%8C%97%E5%8D%97%E4%BA%AC%E4%B8%80%E5%BA%97/data=!4m7!3m6!1s0x3442a9666e9f721d:0x8aefbd57ef6d5d45!8m2!3d25.0518598!4d121.5273867!16s%2Fg%2F11b7cqtsy0!19sChIJHXKfbmapQjQRRV1t71e974o?authuser=0&hl=zh-TW&rclk=1,0x3442a9666e9f721d:0x8aefbd57ef6d5d45
1434,Crystal Chi.,1,1 年前,"吃過台北這麼多間築間 這間真心不推  
1.餐具都很髒 有菜渣和油漬殘留  
2.櫃檯男服務員態度很不客氣  
3.點餐後等了半小時連湯底都沒上  
4.菜盤很噁心 茼蒿蒂頭沒挑掉 高麗菜都黑黑的  
5.加湯叫了快半小時還不來 最後來了還加錯品項 胡椒湯底加原味的 問了店員還說沒有加錯 超級不敬業  
  
綜合以上踩雷經驗  
這間分店絕對不會再來光顧  
這種水準你們好意思收服務費 我也只能當笑話

",2022-11-21,https://www.google.com.tw/maps/place/%E7%AF%89%E9%96%93%E5%B9%B8%E7%A6%8F%E9%8D%8B%E7%89%A9+%E5%8F%B0%E5%8C%97%E5%8D%97%E4%BA%AC%E4%B8%80%E5%BA%97/data=!4m7!3m6!1s0x3442a9666e9f721d:0x8aefbd57ef6d5d45!8m2!3d25.0518598!4d121.5273867!16s%2Fg%2F11b7cqtsy0!19sChIJHXKfbmapQjQRRV1t71e974o?authuser=0&hl=zh-TW&rclk=1,0x3442a9666e9f721d:0x8aefbd57ef6d5d45
1435,安安,4,1 年前,,2022-11-21,https://www.google.com.tw/maps/place/%E7%AF%89%E9%96%93%E5%B9%B8%E7%A6%8F%E9%8D%8B%E7%89%A9+%E5%8F%B0%E5%8C%97%E5%8D%97%E4%BA%AC%E4%B8%80%E5%BA%97/data=!4m7!3m6!1s0x3442a9666e9f721d:0x8aefbd57ef6d5d45!8m2!3d25.0518598!4d121.5273867!16s%2Fg%2F11b7cqtsy0!19sChIJHXKfbmapQjQRRV1t71e974o?authuser=0&hl=zh-TW&rclk=1,0x3442a9666e9f721d:0x8aefbd57ef6d5d45
1436,うえのよつば,4,1 年前,"這家有限用餐時間，時間快到了就會開始提醒還剩多久，加入會員會有五點可以換肉，算是不錯的小優惠，整體用餐時間有些緊繃。選鍋物時先選湯底，再選肉，最後選擇附餐是免費的，牛奶湯底要60塊，初嘗挺不錯的口感，但吃到最後有些疲乏，不過還有多種湯底可供選擇，多樣性十分豐富，下次來還可以換口味；冰淇淋是明治的，抹茶吃起來是宇治口感，相當道地，日式煎茶也很爽口甘甜，適合解除油膩來搭配，還有摩卡巧克力冰沙+牛奶巧克力冰沙也都很好吃。

",2022-11-21,https://www.google.com.tw/maps/place/%E7%AF%89%E9%96%93%E5%B9%B8%E7%A6%8F%E9%8D%8B%E7%89%A9+%E5%8F%B0%E5%8C%97%E5%8D%97%E4%BA%AC%E4%B8%80%E5%BA%97/data=!4m7!3m6!1s0x3442a9666e9f721d:0x8aefbd57ef6d5d45!8m2!3d25.0518598!4d121.5273867!16s%2Fg%2F11b7cqtsy0!19sChIJHXKfbmapQjQRRV1t71e974o?authuser=0&hl=zh-TW&rclk=1,0x3442a9666e9f721d:0x8aefbd57ef6d5d45
1437,Ting Ren Jian,3,1 年前,"食材ok、但是自助吧的東西不多，空間很擠，覺得cp值不高，價格偏高

",2022-11-21,https://www.google.com.tw/maps/place/%E7%AF%89%E9%96%93%E5%B9%B8%E7%A6%8F%E9%8D%8B%E7%89%A9+%E5%8F%B0%E5%8C%97%E5%8D%97%E4%BA%AC%E4%B8%80%E5%BA%97/data=!4m7!3m6!1s0x3442a9666e9f721d:0x8aefbd57ef6d5d45!8m2!3d25.0518598!4d121.5273867!16s%2Fg%2F11b7cqtsy0!19sChIJHXKfbmapQjQRRV1t71e974o?authuser=0&hl=zh-TW&rclk=1,0x3442a9666e9f721d:0x8aefbd57ef6d5d45
1438,李聯鴻,5,1 年前,,2022-11-21,https://www.google.com.tw/maps/place/%E7%AF%89%E9%96%93%E5%B9%B8%E7%A6%8F%E9%8D%8B%E7%89%A9+%E5%8F%B0%E5%8C%97%E5%8D%97%E4%BA%AC%E4%B8%80%E5%BA%97/data=!4m7!3m6!1s0x3442a9666e9f721d:0x8aefbd57ef6d5d45!8m2!3d25.0518598!4d121.5273867!16s%2Fg%2F11b7cqtsy0!19sChIJHXKfbmapQjQRRV1t71e974o?authuser=0&hl=zh-TW&rclk=1,0x3442a9666e9f721d:0x8aefbd57ef6d5d45
1439,Mok.S,5,1 年前,"半夜肚子餓一個很棒的選擇。  
點了雪花牛跟嫩肩羊，肉質非常軟嫩。

",2022-11-21,https://www.google.com.tw/maps/place/%E7%AF%89%E9%96%93%E5%B9%B8%E7%A6%8F%E9%8D%8B%E7%89%A9+%E5%8F%B0%E5%8C%97%E5%8D%97%E4%BA%AC%E4%B8%80%E5%BA%97/data=!4m7!3m6!1s0x3442a9666e9f721d:0x8aefbd57ef6d5d45!8m2!3d25.0518598!4d121.5273867!16s%2Fg%2F11b7cqtsy0!19sChIJHXKfbmapQjQRRV1t71e974o?authuser=0&hl=zh-TW&rclk=1,0x3442a9666e9f721d:0x8aefbd57ef6d5d45
1440,32-李振維,5,1 年前,"好吃

",2022-11-21,https://www.google.com.tw/maps/place/%E7%AF%89%E9%96%93%E5%B9%B8%E7%A6%8F%E9%8D%8B%E7%89%A9+%E5%8F%B0%E5%8C%97%E5%8D%97%E4%BA%AC%E4%B8%80%E5%BA%97/data=!4m7!3m6!1s0x3442a9666e9f721d:0x8aefbd57ef6d5d45!8m2!3d25.0518598!4d121.5273867!16s%2Fg%2F11b7cqtsy0!19sChIJHXKfbmapQjQRRV1t71e974o?authuser=0&hl=zh-TW&rclk=1,0x3442a9666e9f721d:0x8aefbd57ef6d5d45
1441,陳芝嫺,4,1 年前,,2022-11-21,https://www.google.com.tw/maps/place/%E7%AF%89%E9%96%93%E5%B9%B8%E7%A6%8F%E9%8D%8B%E7%89%A9+%E5%8F%B0%E5%8C%97%E5%8D%97%E4%BA%AC%E4%B8%80%E5%BA%97/data=!4m7!3m6!1s0x3442a9666e9f721d:0x8aefbd57ef6d5d45!8m2!3d25.0518598!4d121.5273867!16s%2Fg%2F11b7cqtsy0!19sChIJHXKfbmapQjQRRV1t71e974o?authuser=0&hl=zh-TW&rclk=1,0x3442a9666e9f721d:0x8aefbd57ef6d5d45
1442,Daguerreotype,1,1 年前,"人手嚴重不足  
入座後等湯底上桌等了25分  
吃到中途請服務人員加湯叫了四次最後還是沒來  
得自己跑去廚房叫人才過來，四個鍋子都熄火等了超過40分  
最後吃得超趕還來不及吃完  
櫃台也沒人，電話響不停和店內音樂混在一起真是夠令人煩躁的 :)

",2022-11-21,https://www.google.com.tw/maps/place/%E7%AF%89%E9%96%93%E5%B9%B8%E7%A6%8F%E9%8D%8B%E7%89%A9+%E5%8F%B0%E5%8C%97%E5%8D%97%E4%BA%AC%E4%B8%80%E5%BA%97/data=!4m7!3m6!1s0x3442a9666e9f721d:0x8aefbd57ef6d5d45!8m2!3d25.0518598!4d121.5273867!16s%2Fg%2F11b7cqtsy0!19sChIJHXKfbmapQjQRRV1t71e974o?authuser=0&hl=zh-TW&rclk=1,0x3442a9666e9f721d:0x8aefbd57ef6d5d45
1443,Yuan An,5,1 年前,"覺得CP值蠻高的呀!  
搭配酷碰券很值得,肉質算不錯湯頭也很多種,有飲料有冰淇淋還是明治的!

",2022-11-21,https://www.google.com.tw/maps/place/%E7%AF%89%E9%96%93%E5%B9%B8%E7%A6%8F%E9%8D%8B%E7%89%A9+%E5%8F%B0%E5%8C%97%E5%8D%97%E4%BA%AC%E4%B8%80%E5%BA%97/data=!4m7!3m6!1s0x3442a9666e9f721d:0x8aefbd57ef6d5d45!8m2!3d25.0518598!4d121.5273867!16s%2Fg%2F11b7cqtsy0!19sChIJHXKfbmapQjQRRV1t71e974o?authuser=0&hl=zh-TW&rclk=1,0x3442a9666e9f721d:0x8aefbd57ef6d5d45
1444,陳彥翔,5,1 年前,,2022-11-21,https://www.google.com.tw/maps/place/%E7%AF%89%E9%96%93%E5%B9%B8%E7%A6%8F%E9%8D%8B%E7%89%A9+%E5%8F%B0%E5%8C%97%E5%8D%97%E4%BA%AC%E4%B8%80%E5%BA%97/data=!4m7!3m6!1s0x3442a9666e9f721d:0x8aefbd57ef6d5d45!8m2!3d25.0518598!4d121.5273867!16s%2Fg%2F11b7cqtsy0!19sChIJHXKfbmapQjQRRV1t71e974o?authuser=0&hl=zh-TW&rclk=1,0x3442a9666e9f721d:0x8aefbd57ef6d5d45
1445,Olivia Kuo,5,1 年前,"比起農安店，這一間東西更多而且空間更舒適！  
有霜淇淋、Hershey’s 冰沙、自動咖啡機、烏梅汁、甜筒 、無糖綠茶！  
  
-  
  
服務態度一樣很好，這一間很棒！

",2022-11-21,https://www.google.com.tw/maps/place/%E7%AF%89%E9%96%93%E5%B9%B8%E7%A6%8F%E9%8D%8B%E7%89%A9+%E5%8F%B0%E5%8C%97%E5%8D%97%E4%BA%AC%E4%B8%80%E5%BA%97/data=!4m7!3m6!1s0x3442a9666e9f721d:0x8aefbd57ef6d5d45!8m2!3d25.0518598!4d121.5273867!16s%2Fg%2F11b7cqtsy0!19sChIJHXKfbmapQjQRRV1t71e974o?authuser=0&hl=zh-TW&rclk=1,0x3442a9666e9f721d:0x8aefbd57ef6d5d45
1446,吳瑞彬,5,1 年前,,2022-11-21,https://www.google.com.tw/maps/place/%E7%AF%89%E9%96%93%E5%B9%B8%E7%A6%8F%E9%8D%8B%E7%89%A9+%E5%8F%B0%E5%8C%97%E5%8D%97%E4%BA%AC%E4%B8%80%E5%BA%97/data=!4m7!3m6!1s0x3442a9666e9f721d:0x8aefbd57ef6d5d45!8m2!3d25.0518598!4d121.5273867!16s%2Fg%2F11b7cqtsy0!19sChIJHXKfbmapQjQRRV1t71e974o?authuser=0&hl=zh-TW&rclk=1,0x3442a9666e9f721d:0x8aefbd57ef6d5d45
1447,王龍,1,1 年前,"餐點平凡無特色 用餐設限時間 上餐慢到不行 不推

",2022-11-21,https://www.google.com.tw/maps/place/%E7%AF%89%E9%96%93%E5%B9%B8%E7%A6%8F%E9%8D%8B%E7%89%A9+%E5%8F%B0%E5%8C%97%E5%8D%97%E4%BA%AC%E4%B8%80%E5%BA%97/data=!4m7!3m6!1s0x3442a9666e9f721d:0x8aefbd57ef6d5d45!8m2!3d25.0518598!4d121.5273867!16s%2Fg%2F11b7cqtsy0!19sChIJHXKfbmapQjQRRV1t71e974o?authuser=0&hl=zh-TW&rclk=1,0x3442a9666e9f721d:0x8aefbd57ef6d5d45
1448,chuang Hao-hsiang,3,1 年前,,2022-11-21,https://www.google.com.tw/maps/place/%E7%AF%89%E9%96%93%E5%B9%B8%E7%A6%8F%E9%8D%8B%E7%89%A9+%E5%8F%B0%E5%8C%97%E5%8D%97%E4%BA%AC%E4%B8%80%E5%BA%97/data=!4m7!3m6!1s0x3442a9666e9f721d:0x8aefbd57ef6d5d45!8m2!3d25.0518598!4d121.5273867!16s%2Fg%2F11b7cqtsy0!19sChIJHXKfbmapQjQRRV1t71e974o?authuser=0&hl=zh-TW&rclk=1,0x3442a9666e9f721d:0x8aefbd57ef6d5d45
1449,Zorro Ma,4,1 年前,,2022-11-21,https://www.google.com.tw/maps/place/%E7%AF%89%E9%96%93%E5%B9%B8%E7%A6%8F%E9%8D%8B%E7%89%A9+%E5%8F%B0%E5%8C%97%E5%8D%97%E4%BA%AC%E4%B8%80%E5%BA%97/data=!4m7!3m6!1s0x3442a9666e9f721d:0x8aefbd57ef6d5d45!8m2!3d25.0518598!4d121.5273867!16s%2Fg%2F11b7cqtsy0!19sChIJHXKfbmapQjQRRV1t71e974o?authuser=0&hl=zh-TW&rclk=1,0x3442a9666e9f721d:0x8aefbd57ef6d5d45
1450,吳佳明,4,1 年前,,2022-11-21,https://www.google.com.tw/maps/place/%E7%AF%89%E9%96%93%E5%B9%B8%E7%A6%8F%E9%8D%8B%E7%89%A9+%E5%8F%B0%E5%8C%97%E5%8D%97%E4%BA%AC%E4%B8%80%E5%BA%97/data=!4m7!3m6!1s0x3442a9666e9f721d:0x8aefbd57ef6d5d45!8m2!3d25.0518598!4d121.5273867!16s%2Fg%2F11b7cqtsy0!19sChIJHXKfbmapQjQRRV1t71e974o?authuser=0&hl=zh-TW&rclk=1,0x3442a9666e9f721d:0x8aefbd57ef6d5d45
1451,Penny (柴犬皮皮 我不皮),5,1 年前,"環境乾淨、肉質不錯、用了中國信託領錢的優惠券換肉，吃起來價格很優惠  
這家分店有新型的咖啡機、霜淇淋機、Hershey’s冰沙（有些分店沒有）  
  
可惜冷氣不強

",2022-11-21,https://www.google.com.tw/maps/place/%E7%AF%89%E9%96%93%E5%B9%B8%E7%A6%8F%E9%8D%8B%E7%89%A9+%E5%8F%B0%E5%8C%97%E5%8D%97%E4%BA%AC%E4%B8%80%E5%BA%97/data=!4m7!3m6!1s0x3442a9666e9f721d:0x8aefbd57ef6d5d45!8m2!3d25.0518598!4d121.5273867!16s%2Fg%2F11b7cqtsy0!19sChIJHXKfbmapQjQRRV1t71e974o?authuser=0&hl=zh-TW&rclk=1,0x3442a9666e9f721d:0x8aefbd57ef6d5d45
1452,金柏莉,3,1 年前,"1\. 位置桌距窄、醬料區很髒有小蟑螂、肉質最便宜的不佳，要從第二便宜的肉類點起才可以  
2\. 湯頭及飲料選擇多且好喝、冰淇淋亦是

",2022-11-21,https://www.google.com.tw/maps/place/%E7%AF%89%E9%96%93%E5%B9%B8%E7%A6%8F%E9%8D%8B%E7%89%A9+%E5%8F%B0%E5%8C%97%E5%8D%97%E4%BA%AC%E4%B8%80%E5%BA%97/data=!4m7!3m6!1s0x3442a9666e9f721d:0x8aefbd57ef6d5d45!8m2!3d25.0518598!4d121.5273867!16s%2Fg%2F11b7cqtsy0!19sChIJHXKfbmapQjQRRV1t71e974o?authuser=0&hl=zh-TW&rclk=1,0x3442a9666e9f721d:0x8aefbd57ef6d5d45
1453,吳中天,5,1 年前,"美味

",2022-11-21,https://www.google.com.tw/maps/place/%E7%AF%89%E9%96%93%E5%B9%B8%E7%A6%8F%E9%8D%8B%E7%89%A9+%E5%8F%B0%E5%8C%97%E5%8D%97%E4%BA%AC%E4%B8%80%E5%BA%97/data=!4m7!3m6!1s0x3442a9666e9f721d:0x8aefbd57ef6d5d45!8m2!3d25.0518598!4d121.5273867!16s%2Fg%2F11b7cqtsy0!19sChIJHXKfbmapQjQRRV1t71e974o?authuser=0&hl=zh-TW&rclk=1,0x3442a9666e9f721d:0x8aefbd57ef6d5d45
1454,chloe chen,3,1 年前,"普普通通，但醬料豐富，但魚肉的部分吃起來有一點不新鮮的感覺，不會特別想再訪

",2022-11-21,https://www.google.com.tw/maps/place/%E7%AF%89%E9%96%93%E5%B9%B8%E7%A6%8F%E9%8D%8B%E7%89%A9+%E5%8F%B0%E5%8C%97%E5%8D%97%E4%BA%AC%E4%B8%80%E5%BA%97/data=!4m7!3m6!1s0x3442a9666e9f721d:0x8aefbd57ef6d5d45!8m2!3d25.0518598!4d121.5273867!16s%2Fg%2F11b7cqtsy0!19sChIJHXKfbmapQjQRRV1t71e974o?authuser=0&hl=zh-TW&rclk=1,0x3442a9666e9f721d:0x8aefbd57ef6d5d45
1455,王龍奇,5,2 年前,,2022-11-21,https://www.google.com.tw/maps/place/%E7%AF%89%E9%96%93%E5%B9%B8%E7%A6%8F%E9%8D%8B%E7%89%A9+%E5%8F%B0%E5%8C%97%E5%8D%97%E4%BA%AC%E4%B8%80%E5%BA%97/data=!4m7!3m6!1s0x3442a9666e9f721d:0x8aefbd57ef6d5d45!8m2!3d25.0518598!4d121.5273867!16s%2Fg%2F11b7cqtsy0!19sChIJHXKfbmapQjQRRV1t71e974o?authuser=0&hl=zh-TW&rclk=1,0x3442a9666e9f721d:0x8aefbd57ef6d5d45
1456,雷保,5,2 年前,"好吃

",2022-11-21,https://www.google.com.tw/maps/place/%E7%AF%89%E9%96%93%E5%B9%B8%E7%A6%8F%E9%8D%8B%E7%89%A9+%E5%8F%B0%E5%8C%97%E5%8D%97%E4%BA%AC%E4%B8%80%E5%BA%97/data=!4m7!3m6!1s0x3442a9666e9f721d:0x8aefbd57ef6d5d45!8m2!3d25.0518598!4d121.5273867!16s%2Fg%2F11b7cqtsy0!19sChIJHXKfbmapQjQRRV1t71e974o?authuser=0&hl=zh-TW&rclk=1,0x3442a9666e9f721d:0x8aefbd57ef6d5d45
1457,daniel chien,5,2 年前,"東西乾淨好吃而且吃的飽，現在還有atm優惠卷可以兌一盤肉真的非常划算。

",2022-11-21,https://www.google.com.tw/maps/place/%E7%AF%89%E9%96%93%E5%B9%B8%E7%A6%8F%E9%8D%8B%E7%89%A9+%E5%8F%B0%E5%8C%97%E5%8D%97%E4%BA%AC%E4%B8%80%E5%BA%97/data=!4m7!3m6!1s0x3442a9666e9f721d:0x8aefbd57ef6d5d45!8m2!3d25.0518598!4d121.5273867!16s%2Fg%2F11b7cqtsy0!19sChIJHXKfbmapQjQRRV1t71e974o?authuser=0&hl=zh-TW&rclk=1,0x3442a9666e9f721d:0x8aefbd57ef6d5d45
1458,陳煒智,5,2 年前,,2022-11-21,https://www.google.com.tw/maps/place/%E7%AF%89%E9%96%93%E5%B9%B8%E7%A6%8F%E9%8D%8B%E7%89%A9+%E5%8F%B0%E5%8C%97%E5%8D%97%E4%BA%AC%E4%B8%80%E5%BA%97/data=!4m7!3m6!1s0x3442a9666e9f721d:0x8aefbd57ef6d5d45!8m2!3d25.0518598!4d121.5273867!16s%2Fg%2F11b7cqtsy0!19sChIJHXKfbmapQjQRRV1t71e974o?authuser=0&hl=zh-TW&rclk=1,0x3442a9666e9f721d:0x8aefbd57ef6d5d45
1459,Lucie Fang,5,2 年前,"每次路過都發現很多人在排隊~  
趁平日晚間來用餐  
南京店的店內座位比較少  
原本服務員問我們要不要去另一間分店有位置  
不過還是選擇留下來現場等候  
等了大概30分鐘至一小時之間  
湯頭的選擇很多樣 還有石頭鍋  
選了牛髓和石頭鍋 鯛魚和梅花豬  
剛好配合中信ATM提領錢有優惠券  
換了兩盤霜降牛  
原本份量已經夠多了  
多了兩盤肉真的吃超飽！  
醬料區也很多種選擇  
飲料 甜品更是不錯！  
奶茶咖啡冰沙氣泡水飲料選擇很多樣  
最後已經飽到沒辦法吃冰淇淋真的很可惜！  
整體來說CP值很高～比我想像中便宜

",2022-11-21,https://www.google.com.tw/maps/place/%E7%AF%89%E9%96%93%E5%B9%B8%E7%A6%8F%E9%8D%8B%E7%89%A9+%E5%8F%B0%E5%8C%97%E5%8D%97%E4%BA%AC%E4%B8%80%E5%BA%97/data=!4m7!3m6!1s0x3442a9666e9f721d:0x8aefbd57ef6d5d45!8m2!3d25.0518598!4d121.5273867!16s%2Fg%2F11b7cqtsy0!19sChIJHXKfbmapQjQRRV1t71e974o?authuser=0&hl=zh-TW&rclk=1,0x3442a9666e9f721d:0x8aefbd57ef6d5d45
1460,黃小屁,1,2 年前,"在外面現場後位等了一個小時在問店員還說要再等一個小時，一開始也不說要等二個小時，要我們自己去問，搖頭

",2022-11-21,https://www.google.com.tw/maps/place/%E7%AF%89%E9%96%93%E5%B9%B8%E7%A6%8F%E9%8D%8B%E7%89%A9+%E5%8F%B0%E5%8C%97%E5%8D%97%E4%BA%AC%E4%B8%80%E5%BA%97/data=!4m7!3m6!1s0x3442a9666e9f721d:0x8aefbd57ef6d5d45!8m2!3d25.0518598!4d121.5273867!16s%2Fg%2F11b7cqtsy0!19sChIJHXKfbmapQjQRRV1t71e974o?authuser=0&hl=zh-TW&rclk=1,0x3442a9666e9f721d:0x8aefbd57ef6d5d45
1461,羅文彬,2,2 年前,"好吃 但是電話打不進去然後雖然有用餐時間但是真的太短了在最後十分鐘我們人還在座位上東西就已經把我們收光光了⋯⋯

",2022-11-21,https://www.google.com.tw/maps/place/%E7%AF%89%E9%96%93%E5%B9%B8%E7%A6%8F%E9%8D%8B%E7%89%A9+%E5%8F%B0%E5%8C%97%E5%8D%97%E4%BA%AC%E4%B8%80%E5%BA%97/data=!4m7!3m6!1s0x3442a9666e9f721d:0x8aefbd57ef6d5d45!8m2!3d25.0518598!4d121.5273867!16s%2Fg%2F11b7cqtsy0!19sChIJHXKfbmapQjQRRV1t71e974o?authuser=0&hl=zh-TW&rclk=1,0x3442a9666e9f721d:0x8aefbd57ef6d5d45
1462,Blake Joker,1,2 年前,"訂位人數聽錯，到場店員要求分開坐，也沒有任何補償表示，單點式餐點，時間到也不讓人用餐完就趕人

",2022-11-21,https://www.google.com.tw/maps/place/%E7%AF%89%E9%96%93%E5%B9%B8%E7%A6%8F%E9%8D%8B%E7%89%A9+%E5%8F%B0%E5%8C%97%E5%8D%97%E4%BA%AC%E4%B8%80%E5%BA%97/data=!4m7!3m6!1s0x3442a9666e9f721d:0x8aefbd57ef6d5d45!8m2!3d25.0518598!4d121.5273867!16s%2Fg%2F11b7cqtsy0!19sChIJHXKfbmapQjQRRV1t71e974o?authuser=0&hl=zh-TW&rclk=1,0x3442a9666e9f721d:0x8aefbd57ef6d5d45
1463,楊朝富,5,2 年前,"集點送的肉片很有誠意

",2022-11-21,https://www.google.com.tw/maps/place/%E7%AF%89%E9%96%93%E5%B9%B8%E7%A6%8F%E9%8D%8B%E7%89%A9+%E5%8F%B0%E5%8C%97%E5%8D%97%E4%BA%AC%E4%B8%80%E5%BA%97/data=!4m7!3m6!1s0x3442a9666e9f721d:0x8aefbd57ef6d5d45!8m2!3d25.0518598!4d121.5273867!16s%2Fg%2F11b7cqtsy0!19sChIJHXKfbmapQjQRRV1t71e974o?authuser=0&hl=zh-TW&rclk=1,0x3442a9666e9f721d:0x8aefbd57ef6d5d45
1464,Vivian Liu,4,2 年前,"石頭鍋，湯底風味獨特

",2022-11-21,https://www.google.com.tw/maps/place/%E7%AF%89%E9%96%93%E5%B9%B8%E7%A6%8F%E9%8D%8B%E7%89%A9+%E5%8F%B0%E5%8C%97%E5%8D%97%E4%BA%AC%E4%B8%80%E5%BA%97/data=!4m7!3m6!1s0x3442a9666e9f721d:0x8aefbd57ef6d5d45!8m2!3d25.0518598!4d121.5273867!16s%2Fg%2F11b7cqtsy0!19sChIJHXKfbmapQjQRRV1t71e974o?authuser=0&hl=zh-TW&rclk=1,0x3442a9666e9f721d:0x8aefbd57ef6d5d45
1465,Leviathanye,1,2 年前,"等了2個小時才排到位置...

",2022-11-21,https://www.google.com.tw/maps/place/%E7%AF%89%E9%96%93%E5%B9%B8%E7%A6%8F%E9%8D%8B%E7%89%A9+%E5%8F%B0%E5%8C%97%E5%8D%97%E4%BA%AC%E4%B8%80%E5%BA%97/data=!4m7!3m6!1s0x3442a9666e9f721d:0x8aefbd57ef6d5d45!8m2!3d25.0518598!4d121.5273867!16s%2Fg%2F11b7cqtsy0!19sChIJHXKfbmapQjQRRV1t71e974o?authuser=0&hl=zh-TW&rclk=1,0x3442a9666e9f721d:0x8aefbd57ef6d5d45
1466,泳霖沈,2,2 年前,"電話打了5天都不接電話  
最後終於接了 然後沒位置了  
厲害了

",2022-11-21,https://www.google.com.tw/maps/place/%E7%AF%89%E9%96%93%E5%B9%B8%E7%A6%8F%E9%8D%8B%E7%89%A9+%E5%8F%B0%E5%8C%97%E5%8D%97%E4%BA%AC%E4%B8%80%E5%BA%97/data=!4m7!3m6!1s0x3442a9666e9f721d:0x8aefbd57ef6d5d45!8m2!3d25.0518598!4d121.5273867!16s%2Fg%2F11b7cqtsy0!19sChIJHXKfbmapQjQRRV1t71e974o?authuser=0&hl=zh-TW&rclk=1,0x3442a9666e9f721d:0x8aefbd57ef6d5d45
1467,你在不在,5,2 年前,"重新裝潢後質感提升，飲料選擇變很多，沒訂位建議中午來吃，晚上一定要訂不然現場候位要等一小時以上

",2022-11-21,https://www.google.com.tw/maps/place/%E7%AF%89%E9%96%93%E5%B9%B8%E7%A6%8F%E9%8D%8B%E7%89%A9+%E5%8F%B0%E5%8C%97%E5%8D%97%E4%BA%AC%E4%B8%80%E5%BA%97/data=!4m7!3m6!1s0x3442a9666e9f721d:0x8aefbd57ef6d5d45!8m2!3d25.0518598!4d121.5273867!16s%2Fg%2F11b7cqtsy0!19sChIJHXKfbmapQjQRRV1t71e974o?authuser=0&hl=zh-TW&rclk=1,0x3442a9666e9f721d:0x8aefbd57ef6d5d45
1468,清泉このき,5,2 年前,"牛髓湯底和牛奶湯底很香，推薦一式  
肉品分量很多

",2022-11-21,https://www.google.com.tw/maps/place/%E7%AF%89%E9%96%93%E5%B9%B8%E7%A6%8F%E9%8D%8B%E7%89%A9+%E5%8F%B0%E5%8C%97%E5%8D%97%E4%BA%AC%E4%B8%80%E5%BA%97/data=!4m7!3m6!1s0x3442a9666e9f721d:0x8aefbd57ef6d5d45!8m2!3d25.0518598!4d121.5273867!16s%2Fg%2F11b7cqtsy0!19sChIJHXKfbmapQjQRRV1t71e974o?authuser=0&hl=zh-TW&rclk=1,0x3442a9666e9f721d:0x8aefbd57ef6d5d45
1469,水天,5,2 年前,,2022-11-21,https://www.google.com.tw/maps/place/%E7%AF%89%E9%96%93%E5%B9%B8%E7%A6%8F%E9%8D%8B%E7%89%A9+%E5%8F%B0%E5%8C%97%E5%8D%97%E4%BA%AC%E4%B8%80%E5%BA%97/data=!4m7!3m6!1s0x3442a9666e9f721d:0x8aefbd57ef6d5d45!8m2!3d25.0518598!4d121.5273867!16s%2Fg%2F11b7cqtsy0!19sChIJHXKfbmapQjQRRV1t71e974o?authuser=0&hl=zh-TW&rclk=1,0x3442a9666e9f721d:0x8aefbd57ef6d5d45
1470,李小育,5,2 年前,"平價火鍋，食材新鮮，環境及服務不錯。  
自助區有白飯、飲品、冰淇淋及醬料。  
假日生意極好，務必訂位，以免久候。

",2022-11-21,https://www.google.com.tw/maps/place/%E7%AF%89%E9%96%93%E5%B9%B8%E7%A6%8F%E9%8D%8B%E7%89%A9+%E5%8F%B0%E5%8C%97%E5%8D%97%E4%BA%AC%E4%B8%80%E5%BA%97/data=!4m7!3m6!1s0x3442a9666e9f721d:0x8aefbd57ef6d5d45!8m2!3d25.0518598!4d121.5273867!16s%2Fg%2F11b7cqtsy0!19sChIJHXKfbmapQjQRRV1t71e974o?authuser=0&hl=zh-TW&rclk=1,0x3442a9666e9f721d:0x8aefbd57ef6d5d45
1471,點點,3,2 年前,"口味和之前吃過的分店是一樣的，但服務沒什麼溫度，這間店多了台冰淇淋機，感覺蠻有趣，門市看起來人手不太足，無法顧及服務態度（微笑、語調..等）

",2022-11-21,https://www.google.com.tw/maps/place/%E7%AF%89%E9%96%93%E5%B9%B8%E7%A6%8F%E9%8D%8B%E7%89%A9+%E5%8F%B0%E5%8C%97%E5%8D%97%E4%BA%AC%E4%B8%80%E5%BA%97/data=!4m7!3m6!1s0x3442a9666e9f721d:0x8aefbd57ef6d5d45!8m2!3d25.0518598!4d121.5273867!16s%2Fg%2F11b7cqtsy0!19sChIJHXKfbmapQjQRRV1t71e974o?authuser=0&hl=zh-TW&rclk=1,0x3442a9666e9f721d:0x8aefbd57ef6d5d45
1472,李敦睦,5,2 年前,"好吃 但座位比較少 要提前預約

",2022-11-21,https://www.google.com.tw/maps/place/%E7%AF%89%E9%96%93%E5%B9%B8%E7%A6%8F%E9%8D%8B%E7%89%A9+%E5%8F%B0%E5%8C%97%E5%8D%97%E4%BA%AC%E4%B8%80%E5%BA%97/data=!4m7!3m6!1s0x3442a9666e9f721d:0x8aefbd57ef6d5d45!8m2!3d25.0518598!4d121.5273867!16s%2Fg%2F11b7cqtsy0!19sChIJHXKfbmapQjQRRV1t71e974o?authuser=0&hl=zh-TW&rclk=1,0x3442a9666e9f721d:0x8aefbd57ef6d5d45
1473,Alvin Chiu,5,2 年前,"今天中午去吃的，這家好吃，份量滿足夠的，明治冰淇淋種類滿多的，冷凍的溫度非常剛好，不像很多buffet的冰淇淋的溫度都把溫度調太低，導致口感太硬又難挖，這家完全不會。霜降牛和松坂豬都好吃，海鮮有新鮮。服務人員態度超好又有耐心。一定會再次光顧。

",2022-11-21,https://www.google.com.tw/maps/place/%E7%AF%89%E9%96%93%E5%B9%B8%E7%A6%8F%E9%8D%8B%E7%89%A9+%E5%8F%B0%E5%8C%97%E5%8D%97%E4%BA%AC%E4%B8%80%E5%BA%97/data=!4m7!3m6!1s0x3442a9666e9f721d:0x8aefbd57ef6d5d45!8m2!3d25.0518598!4d121.5273867!16s%2Fg%2F11b7cqtsy0!19sChIJHXKfbmapQjQRRV1t71e974o?authuser=0&hl=zh-TW&rclk=1,0x3442a9666e9f721d:0x8aefbd57ef6d5d45
1474,Jung Shen,1,2 年前,"掛我電話？？哈囉？？？

",2022-11-21,https://www.google.com.tw/maps/place/%E7%AF%89%E9%96%93%E5%B9%B8%E7%A6%8F%E9%8D%8B%E7%89%A9+%E5%8F%B0%E5%8C%97%E5%8D%97%E4%BA%AC%E4%B8%80%E5%BA%97/data=!4m7!3m6!1s0x3442a9666e9f721d:0x8aefbd57ef6d5d45!8m2!3d25.0518598!4d121.5273867!16s%2Fg%2F11b7cqtsy0!19sChIJHXKfbmapQjQRRV1t71e974o?authuser=0&hl=zh-TW&rclk=1,0x3442a9666e9f721d:0x8aefbd57ef6d5d45
1475,張明明,4,2 年前,"台灣大型連鎖經營餐廳，重新裝潢整修，為知名料理火鍋店

",2022-11-21,https://www.google.com.tw/maps/place/%E7%AF%89%E9%96%93%E5%B9%B8%E7%A6%8F%E9%8D%8B%E7%89%A9+%E5%8F%B0%E5%8C%97%E5%8D%97%E4%BA%AC%E4%B8%80%E5%BA%97/data=!4m7!3m6!1s0x3442a9666e9f721d:0x8aefbd57ef6d5d45!8m2!3d25.0518598!4d121.5273867!16s%2Fg%2F11b7cqtsy0!19sChIJHXKfbmapQjQRRV1t71e974o?authuser=0&hl=zh-TW&rclk=1,0x3442a9666e9f721d:0x8aefbd57ef6d5d45
1476,Pei,5,2 年前,"好吃 宵夜好選擇

",2022-11-21,https://www.google.com.tw/maps/place/%E7%AF%89%E9%96%93%E5%B9%B8%E7%A6%8F%E9%8D%8B%E7%89%A9+%E5%8F%B0%E5%8C%97%E5%8D%97%E4%BA%AC%E4%B8%80%E5%BA%97/data=!4m7!3m6!1s0x3442a9666e9f721d:0x8aefbd57ef6d5d45!8m2!3d25.0518598!4d121.5273867!16s%2Fg%2F11b7cqtsy0!19sChIJHXKfbmapQjQRRV1t71e974o?authuser=0&hl=zh-TW&rclk=1,0x3442a9666e9f721d:0x8aefbd57ef6d5d45
1477,藍偉禎,5,2 年前,"好吃，食材新鮮店員親切

",2022-11-21,https://www.google.com.tw/maps/place/%E7%AF%89%E9%96%93%E5%B9%B8%E7%A6%8F%E9%8D%8B%E7%89%A9+%E5%8F%B0%E5%8C%97%E5%8D%97%E4%BA%AC%E4%B8%80%E5%BA%97/data=!4m7!3m6!1s0x3442a9666e9f721d:0x8aefbd57ef6d5d45!8m2!3d25.0518598!4d121.5273867!16s%2Fg%2F11b7cqtsy0!19sChIJHXKfbmapQjQRRV1t71e974o?authuser=0&hl=zh-TW&rclk=1,0x3442a9666e9f721d:0x8aefbd57ef6d5d45
1478,劉珈妤,1,2 年前,"打電話訂位服務人員叫我等一下  
我等了快兩分鐘都沒下落  
看位置要看那麼久嗎

",2022-11-21,https://www.google.com.tw/maps/place/%E7%AF%89%E9%96%93%E5%B9%B8%E7%A6%8F%E9%8D%8B%E7%89%A9+%E5%8F%B0%E5%8C%97%E5%8D%97%E4%BA%AC%E4%B8%80%E5%BA%97/data=!4m7!3m6!1s0x3442a9666e9f721d:0x8aefbd57ef6d5d45!8m2!3d25.0518598!4d121.5273867!16s%2Fg%2F11b7cqtsy0!19sChIJHXKfbmapQjQRRV1t71e974o?authuser=0&hl=zh-TW&rclk=1,0x3442a9666e9f721d:0x8aefbd57ef6d5d45
1479,吳蕙君,5,2 年前,,2022-11-21,https://www.google.com.tw/maps/place/%E7%AF%89%E9%96%93%E5%B9%B8%E7%A6%8F%E9%8D%8B%E7%89%A9+%E5%8F%B0%E5%8C%97%E5%8D%97%E4%BA%AC%E4%B8%80%E5%BA%97/data=!4m7!3m6!1s0x3442a9666e9f721d:0x8aefbd57ef6d5d45!8m2!3d25.0518598!4d121.5273867!16s%2Fg%2F11b7cqtsy0!19sChIJHXKfbmapQjQRRV1t71e974o?authuser=0&hl=zh-TW&rclk=1,0x3442a9666e9f721d:0x8aefbd57ef6d5d45
1480,翁振峰,5,2 年前,"好吃，但店員太操勞

",2022-11-21,https://www.google.com.tw/maps/place/%E7%AF%89%E9%96%93%E5%B9%B8%E7%A6%8F%E9%8D%8B%E7%89%A9+%E5%8F%B0%E5%8C%97%E5%8D%97%E4%BA%AC%E4%B8%80%E5%BA%97/data=!4m7!3m6!1s0x3442a9666e9f721d:0x8aefbd57ef6d5d45!8m2!3d25.0518598!4d121.5273867!16s%2Fg%2F11b7cqtsy0!19sChIJHXKfbmapQjQRRV1t71e974o?authuser=0&hl=zh-TW&rclk=1,0x3442a9666e9f721d:0x8aefbd57ef6d5d45
1481,Monica Wang,5,2 年前,,2022-11-21,https://www.google.com.tw/maps/place/%E7%AF%89%E9%96%93%E5%B9%B8%E7%A6%8F%E9%8D%8B%E7%89%A9+%E5%8F%B0%E5%8C%97%E5%8D%97%E4%BA%AC%E4%B8%80%E5%BA%97/data=!4m7!3m6!1s0x3442a9666e9f721d:0x8aefbd57ef6d5d45!8m2!3d25.0518598!4d121.5273867!16s%2Fg%2F11b7cqtsy0!19sChIJHXKfbmapQjQRRV1t71e974o?authuser=0&hl=zh-TW&rclk=1,0x3442a9666e9f721d:0x8aefbd57ef6d5d45
1482,Victor Huang,5,2 年前,,2022-11-21,https://www.google.com.tw/maps/place/%E7%AF%89%E9%96%93%E5%B9%B8%E7%A6%8F%E9%8D%8B%E7%89%A9+%E5%8F%B0%E5%8C%97%E5%8D%97%E4%BA%AC%E4%B8%80%E5%BA%97/data=!4m7!3m6!1s0x3442a9666e9f721d:0x8aefbd57ef6d5d45!8m2!3d25.0518598!4d121.5273867!16s%2Fg%2F11b7cqtsy0!19sChIJHXKfbmapQjQRRV1t71e974o?authuser=0&hl=zh-TW&rclk=1,0x3442a9666e9f721d:0x8aefbd57ef6d5d45
1483,Lee Forge,2,2 年前,,2022-11-21,https://www.google.com.tw/maps/place/%E7%AF%89%E9%96%93%E5%B9%B8%E7%A6%8F%E9%8D%8B%E7%89%A9+%E5%8F%B0%E5%8C%97%E5%8D%97%E4%BA%AC%E4%B8%80%E5%BA%97/data=!4m7!3m6!1s0x3442a9666e9f721d:0x8aefbd57ef6d5d45!8m2!3d25.0518598!4d121.5273867!16s%2Fg%2F11b7cqtsy0!19sChIJHXKfbmapQjQRRV1t71e974o?authuser=0&hl=zh-TW&rclk=1,0x3442a9666e9f721d:0x8aefbd57ef6d5d45
1484,YUHSIN YEH (YoYoHsin),4,2 年前,,2022-11-21,https://www.google.com.tw/maps/place/%E7%AF%89%E9%96%93%E5%B9%B8%E7%A6%8F%E9%8D%8B%E7%89%A9+%E5%8F%B0%E5%8C%97%E5%8D%97%E4%BA%AC%E4%B8%80%E5%BA%97/data=!4m7!3m6!1s0x3442a9666e9f721d:0x8aefbd57ef6d5d45!8m2!3d25.0518598!4d121.5273867!16s%2Fg%2F11b7cqtsy0!19sChIJHXKfbmapQjQRRV1t71e974o?authuser=0&hl=zh-TW&rclk=1,0x3442a9666e9f721d:0x8aefbd57ef6d5d45
1485,Dennis Huang,4,2 年前,,2022-11-21,https://www.google.com.tw/maps/place/%E7%AF%89%E9%96%93%E5%B9%B8%E7%A6%8F%E9%8D%8B%E7%89%A9+%E5%8F%B0%E5%8C%97%E5%8D%97%E4%BA%AC%E4%B8%80%E5%BA%97/data=!4m7!3m6!1s0x3442a9666e9f721d:0x8aefbd57ef6d5d45!8m2!3d25.0518598!4d121.5273867!16s%2Fg%2F11b7cqtsy0!19sChIJHXKfbmapQjQRRV1t71e974o?authuser=0&hl=zh-TW&rclk=1,0x3442a9666e9f721d:0x8aefbd57ef6d5d45
1486,Candice Chuang,2,2 年前,"沒有提早訂位的話建議不要來  
因為侯位會侯到天長地久  
原本以為店家開放侯位是有留座位給現場排隊的人  
但實際現場看感覺沒有  
我們是當天打電話問  
店員回覆我們是排現場侯位第四組  
我們到現場後直接又等了2個多小時  
還只能開兩鍋  
用餐時間90分鐘似乎是從帶位開始算的  
因為我們從單子上點餐的時間後起算  
加上店員說的剩餘的五分鐘  
合計後並不滿表訂的90分鐘  
餐點雖然好吃但我覺得不值得等這個時間  
臺灣好吃的火鍋店非常多  
不想等很久又吃得不盡興  
建議吃別的  
看其他回應似乎還有湯補很慢的問題  
但我們沒有遇到  
所以多給1星好了  
建議店家仔細考慮店內座位數後  
再決定是否要讓顧客侯位

",2022-11-21,https://www.google.com.tw/maps/place/%E7%AF%89%E9%96%93%E5%B9%B8%E7%A6%8F%E9%8D%8B%E7%89%A9+%E5%8F%B0%E5%8C%97%E5%8D%97%E4%BA%AC%E4%B8%80%E5%BA%97/data=!4m7!3m6!1s0x3442a9666e9f721d:0x8aefbd57ef6d5d45!8m2!3d25.0518598!4d121.5273867!16s%2Fg%2F11b7cqtsy0!19sChIJHXKfbmapQjQRRV1t71e974o?authuser=0&hl=zh-TW&rclk=1,0x3442a9666e9f721d:0x8aefbd57ef6d5d45
1487,Lynn Huang,1,2 年前,"好吃是好吃  
但洗手台嚴重堵住 超噁心...  
然後醬料碟很多明顯沒洗乾淨（殘留一大堆乾掉的蘿蔔泥？之類的）  
卻還是放上來 真的很髒.....  
有個女店員補充湯底也不會依照客人的湯底味道更換口味  
就一律加原味高湯  
後來別的服務生來加湯 才知道原來加湯也有分湯底....

",2022-11-21,https://www.google.com.tw/maps/place/%E7%AF%89%E9%96%93%E5%B9%B8%E7%A6%8F%E9%8D%8B%E7%89%A9+%E5%8F%B0%E5%8C%97%E5%8D%97%E4%BA%AC%E4%B8%80%E5%BA%97/data=!4m7!3m6!1s0x3442a9666e9f721d:0x8aefbd57ef6d5d45!8m2!3d25.0518598!4d121.5273867!16s%2Fg%2F11b7cqtsy0!19sChIJHXKfbmapQjQRRV1t71e974o?authuser=0&hl=zh-TW&rclk=1,0x3442a9666e9f721d:0x8aefbd57ef6d5d45
1488,梁瑜,2,2 年前,"連一顆星都不想給，如果沒有那個接客的能力，可以直接回絕，不要說可以等侯位，然後要人一路等兩個多小時還沒有位子，問就說再等一下，這是要等到天荒地老？就不能估算一下時間嗎？這很難嗎？尤其你們是有給限制時間的，給一個時段區間很難？未來想吃這家築間的人真誠的建議：先訂位吧！！！  
食物還可以，是一個不用等這麼久會給3-4顆星的概念，但是光是候位就覺得有些雷，而且最厲害的是它是認真會催人的，所以到底為什麼不能估個時間？  
但憑良心說食物是真的還ok，尤其是冰淇淋真的很好吃（？，飲料我比較喜歡紅茶，奶茶的味道有些淡，是一個有訂位，然後又不想跟對面聊天（分手擂台？？）的好去處。（默默再加一顆心好了！

",2022-11-21,https://www.google.com.tw/maps/place/%E7%AF%89%E9%96%93%E5%B9%B8%E7%A6%8F%E9%8D%8B%E7%89%A9+%E5%8F%B0%E5%8C%97%E5%8D%97%E4%BA%AC%E4%B8%80%E5%BA%97/data=!4m7!3m6!1s0x3442a9666e9f721d:0x8aefbd57ef6d5d45!8m2!3d25.0518598!4d121.5273867!16s%2Fg%2F11b7cqtsy0!19sChIJHXKfbmapQjQRRV1t71e974o?authuser=0&hl=zh-TW&rclk=1,0x3442a9666e9f721d:0x8aefbd57ef6d5d45
1489,Rex Pan,3,2 年前,"價格中高的精緻火鍋，提供的食材種類多且新鮮，湯頭選擇多樣，包含招牌石頭湯底（NT$12）、鮮菇奶香湯底（NT$60）、川味麻法湯底（NT$60）、韓式泡菜湯底（NT$60）、老佛爺御膳湯（NT$80）、養生藥膳湯底（NT$80），菜單選擇豐富。  
迎合消費者而備有兩款飲料及明治冰淇淋無限享用。  
  
地點近新生高架橋停車場，停車尚稱便利，二店須由巷內樓梯上樓用餐，行動不便者需注意。  
  
服務人員巡視頻率偏低，並常會製造巨大聲響，略顯美中不足。  
  
價格 ★★★★☆  
口味 ★★★★☆  
服務 ★★☆☆☆

",2022-11-21,https://www.google.com.tw/maps/place/%E7%AF%89%E9%96%93%E5%B9%B8%E7%A6%8F%E9%8D%8B%E7%89%A9+%E5%8F%B0%E5%8C%97%E5%8D%97%E4%BA%AC%E4%B8%80%E5%BA%97/data=!4m7!3m6!1s0x3442a9666e9f721d:0x8aefbd57ef6d5d45!8m2!3d25.0518598!4d121.5273867!16s%2Fg%2F11b7cqtsy0!19sChIJHXKfbmapQjQRRV1t71e974o?authuser=0&hl=zh-TW&rclk=1,0x3442a9666e9f721d:0x8aefbd57ef6d5d45
1490,小魚,5,2 年前,,2022-11-21,https://www.google.com.tw/maps/place/%E7%AF%89%E9%96%93%E5%B9%B8%E7%A6%8F%E9%8D%8B%E7%89%A9+%E5%8F%B0%E5%8C%97%E5%8D%97%E4%BA%AC%E4%B8%80%E5%BA%97/data=!4m7!3m6!1s0x3442a9666e9f721d:0x8aefbd57ef6d5d45!8m2!3d25.0518598!4d121.5273867!16s%2Fg%2F11b7cqtsy0!19sChIJHXKfbmapQjQRRV1t71e974o?authuser=0&hl=zh-TW&rclk=1,0x3442a9666e9f721d:0x8aefbd57ef6d5d45
1491,宋孟倫,5,2 年前,,2022-11-21,https://www.google.com.tw/maps/place/%E7%AF%89%E9%96%93%E5%B9%B8%E7%A6%8F%E9%8D%8B%E7%89%A9+%E5%8F%B0%E5%8C%97%E5%8D%97%E4%BA%AC%E4%B8%80%E5%BA%97/data=!4m7!3m6!1s0x3442a9666e9f721d:0x8aefbd57ef6d5d45!8m2!3d25.0518598!4d121.5273867!16s%2Fg%2F11b7cqtsy0!19sChIJHXKfbmapQjQRRV1t71e974o?authuser=0&hl=zh-TW&rclk=1,0x3442a9666e9f721d:0x8aefbd57ef6d5d45
1492,Aunbis Aunbis,4,2 年前,,2022-11-21,https://www.google.com.tw/maps/place/%E7%AF%89%E9%96%93%E5%B9%B8%E7%A6%8F%E9%8D%8B%E7%89%A9+%E5%8F%B0%E5%8C%97%E5%8D%97%E4%BA%AC%E4%B8%80%E5%BA%97/data=!4m7!3m6!1s0x3442a9666e9f721d:0x8aefbd57ef6d5d45!8m2!3d25.0518598!4d121.5273867!16s%2Fg%2F11b7cqtsy0!19sChIJHXKfbmapQjQRRV1t71e974o?authuser=0&hl=zh-TW&rclk=1,0x3442a9666e9f721d:0x8aefbd57ef6d5d45
1493,Hans Lin,3,2 年前,"雖然有提醒90分鐘  
但上菜大約就要15分 如果雞肉類的大約要30分  
加上還要吃冰  
  
店家很早就準時提醒時間要到了  
真的太趕了.....

",2022-11-21,https://www.google.com.tw/maps/place/%E7%AF%89%E9%96%93%E5%B9%B8%E7%A6%8F%E9%8D%8B%E7%89%A9+%E5%8F%B0%E5%8C%97%E5%8D%97%E4%BA%AC%E4%B8%80%E5%BA%97/data=!4m7!3m6!1s0x3442a9666e9f721d:0x8aefbd57ef6d5d45!8m2!3d25.0518598!4d121.5273867!16s%2Fg%2F11b7cqtsy0!19sChIJHXKfbmapQjQRRV1t71e974o?authuser=0&hl=zh-TW&rclk=1,0x3442a9666e9f721d:0x8aefbd57ef6d5d45
1494,大衛Chin,4,2 年前,,2022-11-21,https://www.google.com.tw/maps/place/%E7%AF%89%E9%96%93%E5%B9%B8%E7%A6%8F%E9%8D%8B%E7%89%A9+%E5%8F%B0%E5%8C%97%E5%8D%97%E4%BA%AC%E4%B8%80%E5%BA%97/data=!4m7!3m6!1s0x3442a9666e9f721d:0x8aefbd57ef6d5d45!8m2!3d25.0518598!4d121.5273867!16s%2Fg%2F11b7cqtsy0!19sChIJHXKfbmapQjQRRV1t71e974o?authuser=0&hl=zh-TW&rclk=1,0x3442a9666e9f721d:0x8aefbd57ef6d5d45
1495,郭慧雯,4,2 年前,,2022-11-21,https://www.google.com.tw/maps/place/%E7%AF%89%E9%96%93%E5%B9%B8%E7%A6%8F%E9%8D%8B%E7%89%A9+%E5%8F%B0%E5%8C%97%E5%8D%97%E4%BA%AC%E4%B8%80%E5%BA%97/data=!4m7!3m6!1s0x3442a9666e9f721d:0x8aefbd57ef6d5d45!8m2!3d25.0518598!4d121.5273867!16s%2Fg%2F11b7cqtsy0!19sChIJHXKfbmapQjQRRV1t71e974o?authuser=0&hl=zh-TW&rclk=1,0x3442a9666e9f721d:0x8aefbd57ef6d5d45
1496,William Lin,3,2 年前,"平常日中午去用餐，一進店滿滿的火鍋味，因為是上班日穿西裝，希望能將外套另外吊或是有衣套子可以套起來，櫃台人員說沒有這種服務  
  
用餐空間及佐料區/飲品區稍小，同時有兩三人就會覺得擁擠；飲品只有2種略嫌單調，冰淇淋雖有8種但亦不如其分他店有16種口味  
  
午餐時間服務人員只有兩位，期間請求加湯但過了超過十分鐘沒來，去櫃台摧才說湯(沒了？)還在煮，沒有主動提前來告知讓來賓枯等，湯都快煮乾了…Orz  
  
結帳時，因為發票剛好用完系統無法開發票，要等總公司""授權""，但總公司電話沒人接？！就這樣又在櫃台站著等了超過十幾分鐘…  
  
食材OK，但很多細節需要再加強！

",2022-11-21,https://www.google.com.tw/maps/place/%E7%AF%89%E9%96%93%E5%B9%B8%E7%A6%8F%E9%8D%8B%E7%89%A9+%E5%8F%B0%E5%8C%97%E5%8D%97%E4%BA%AC%E4%B8%80%E5%BA%97/data=!4m7!3m6!1s0x3442a9666e9f721d:0x8aefbd57ef6d5d45!8m2!3d25.0518598!4d121.5273867!16s%2Fg%2F11b7cqtsy0!19sChIJHXKfbmapQjQRRV1t71e974o?authuser=0&hl=zh-TW&rclk=1,0x3442a9666e9f721d:0x8aefbd57ef6d5d45
1497,楊淨閔,1,2 年前,"昨天去吃點了雞肉+鯛魚  
結果在裡面有一隻蟲  
店家也沒任何的表示  
肉盤等了很久才上 上來沒多久後直接跟我們說用餐時間快到了？？？  
根本就還沒煮完就被趕著走的感覺  
湯到最後也沒有加 火鍋煮到整個乾掉  
吃到最後非常不愉快  
  
訂位的大家也都是餐飲服務業的 第一次碰到這麼不愉快的用餐經驗 應該是不會再來了

",2022-11-21,https://www.google.com.tw/maps/place/%E7%AF%89%E9%96%93%E5%B9%B8%E7%A6%8F%E9%8D%8B%E7%89%A9+%E5%8F%B0%E5%8C%97%E5%8D%97%E4%BA%AC%E4%B8%80%E5%BA%97/data=!4m7!3m6!1s0x3442a9666e9f721d:0x8aefbd57ef6d5d45!8m2!3d25.0518598!4d121.5273867!16s%2Fg%2F11b7cqtsy0!19sChIJHXKfbmapQjQRRV1t71e974o?authuser=0&hl=zh-TW&rclk=1,0x3442a9666e9f721d:0x8aefbd57ef6d5d45
1498,王盈堯,3,2 年前,"服務不錯

",2022-11-21,https://www.google.com.tw/maps/place/%E7%AF%89%E9%96%93%E5%B9%B8%E7%A6%8F%E9%8D%8B%E7%89%A9+%E5%8F%B0%E5%8C%97%E5%8D%97%E4%BA%AC%E4%B8%80%E5%BA%97/data=!4m7!3m6!1s0x3442a9666e9f721d:0x8aefbd57ef6d5d45!8m2!3d25.0518598!4d121.5273867!16s%2Fg%2F11b7cqtsy0!19sChIJHXKfbmapQjQRRV1t71e974o?authuser=0&hl=zh-TW&rclk=1,0x3442a9666e9f721d:0x8aefbd57ef6d5d45
1499,Tai Yi Tseng,5,2 年前,"一定要提前訂位的築間～  
加入會員後換得霜降牛好吃到哭  
三個人吃多換兩盤肉剛剛好  
有隱藏版湯頭柴魚昆布不用錢！  
適合喜歡清淡口味的人點☺️  
明治 的北海道牛奶&草莓起司  
美中不足的是店員好忙都找不到人來幫忙加湯..  
雖然築間越漲越貴了但真的好吃  
又有優惠卷可用～會再訪

",2022-11-21,https://www.google.com.tw/maps/place/%E7%AF%89%E9%96%93%E5%B9%B8%E7%A6%8F%E9%8D%8B%E7%89%A9+%E5%8F%B0%E5%8C%97%E5%8D%97%E4%BA%AC%E4%B8%80%E5%BA%97/data=!4m7!3m6!1s0x3442a9666e9f721d:0x8aefbd57ef6d5d45!8m2!3d25.0518598!4d121.5273867!16s%2Fg%2F11b7cqtsy0!19sChIJHXKfbmapQjQRRV1t71e974o?authuser=0&hl=zh-TW&rclk=1,0x3442a9666e9f721d:0x8aefbd57ef6d5d45
1500,SP T,5,2 年前,,2022-11-21,https://www.google.com.tw/maps/place/%E7%AF%89%E9%96%93%E5%B9%B8%E7%A6%8F%E9%8D%8B%E7%89%A9+%E5%8F%B0%E5%8C%97%E5%8D%97%E4%BA%AC%E4%B8%80%E5%BA%97/data=!4m7!3m6!1s0x3442a9666e9f721d:0x8aefbd57ef6d5d45!8m2!3d25.0518598!4d121.5273867!16s%2Fg%2F11b7cqtsy0!19sChIJHXKfbmapQjQRRV1t71e974o?authuser=0&hl=zh-TW&rclk=1,0x3442a9666e9f721d:0x8aefbd57ef6d5d45
1501,KH L,1,2 年前,"電話不通

",2022-11-21,https://www.google.com.tw/maps/place/%E7%AF%89%E9%96%93%E5%B9%B8%E7%A6%8F%E9%8D%8B%E7%89%A9+%E5%8F%B0%E5%8C%97%E5%8D%97%E4%BA%AC%E4%B8%80%E5%BA%97/data=!4m7!3m6!1s0x3442a9666e9f721d:0x8aefbd57ef6d5d45!8m2!3d25.0518598!4d121.5273867!16s%2Fg%2F11b7cqtsy0!19sChIJHXKfbmapQjQRRV1t71e974o?authuser=0&hl=zh-TW&rclk=1,0x3442a9666e9f721d:0x8aefbd57ef6d5d45
1502,Doza Hsu,1,2 年前,"我真心很喜歡吃築間，我覺得物超所值超好吃的！但今天第一次跟朋友到這門市，我只能說我一樣會跟朋友約築間，但絕對不會南京店再來第二次了！首先菜盤部分我不想浪費食材我說「麻煩幫我拿掉，不用加其他東西沒關係」然後店員回我「你可以自己丟掉！」其他門市還會問說還是我幫你多加菜我都會說不用因為麻煩人家已經很不好意思了
再來我點白飯，結果上錯上泡麵，我就說「不好意思，那個我是白飯不是泡麵...」來～你們店員直接從隔壁桌拿過來給我！因爲他說上錯上到隔壁桌，雖然隔壁的說還沒碰過啦～我真的一臉問號看著他他才問說「還是我幫你換碗新的」我是相信有幫我裝新的，但那感覺已經很不好了...我知道你們可能很忙，也真的辛苦了
但還是希望不會再有客人遇到跟我一樣的問題了 ‍♀️

",2022-11-21,https://www.google.com.tw/maps/place/%E7%AF%89%E9%96%93%E5%B9%B8%E7%A6%8F%E9%8D%8B%E7%89%A9+%E5%8F%B0%E5%8C%97%E5%8D%97%E4%BA%AC%E4%B8%80%E5%BA%97/data=!4m7!3m6!1s0x3442a9666e9f721d:0x8aefbd57ef6d5d45!8m2!3d25.0518598!4d121.5273867!16s%2Fg%2F11b7cqtsy0!19sChIJHXKfbmapQjQRRV1t71e974o?authuser=0&hl=zh-TW&rclk=1,0x3442a9666e9f721d:0x8aefbd57ef6d5d45
1503,范晉銘,5,2 年前,,2022-11-21,https://www.google.com.tw/maps/place/%E7%AF%89%E9%96%93%E5%B9%B8%E7%A6%8F%E9%8D%8B%E7%89%A9+%E5%8F%B0%E5%8C%97%E5%8D%97%E4%BA%AC%E4%B8%80%E5%BA%97/data=!4m7!3m6!1s0x3442a9666e9f721d:0x8aefbd57ef6d5d45!8m2!3d25.0518598!4d121.5273867!16s%2Fg%2F11b7cqtsy0!19sChIJHXKfbmapQjQRRV1t71e974o?authuser=0&hl=zh-TW&rclk=1,0x3442a9666e9f721d:0x8aefbd57ef6d5d45
1504,楊心慈,4,2 年前,"2020/10/09來這吃了好幾次、這次宵夜場也是選擇這家的築間❤️怎麼吃都是牛奶與石頭鍋～霜降大份、雞腿蛤蠣！這次加點了芋頭（因為我要變成芋頭牛奶鍋～果然變成很芋頭味！哈哈）  
可能樓下整修關係這時1點多人還是好多～辛苦了阿！  
忙歸忙～服務員還是很親切、熱心！  
  
辛苦了～下次宵夜場這裡也是首選！  
推薦推薦

",2022-11-21,https://www.google.com.tw/maps/place/%E7%AF%89%E9%96%93%E5%B9%B8%E7%A6%8F%E9%8D%8B%E7%89%A9+%E5%8F%B0%E5%8C%97%E5%8D%97%E4%BA%AC%E4%B8%80%E5%BA%97/data=!4m7!3m6!1s0x3442a9666e9f721d:0x8aefbd57ef6d5d45!8m2!3d25.0518598!4d121.5273867!16s%2Fg%2F11b7cqtsy0!19sChIJHXKfbmapQjQRRV1t71e974o?authuser=0&hl=zh-TW&rclk=1,0x3442a9666e9f721d:0x8aefbd57ef6d5d45
1505,歐強,5,2 年前,"常來聚餐，建議一定要先訂位喔！

",2022-11-21,https://www.google.com.tw/maps/place/%E7%AF%89%E9%96%93%E5%B9%B8%E7%A6%8F%E9%8D%8B%E7%89%A9+%E5%8F%B0%E5%8C%97%E5%8D%97%E4%BA%AC%E4%B8%80%E5%BA%97/data=!4m7!3m6!1s0x3442a9666e9f721d:0x8aefbd57ef6d5d45!8m2!3d25.0518598!4d121.5273867!16s%2Fg%2F11b7cqtsy0!19sChIJHXKfbmapQjQRRV1t71e974o?authuser=0&hl=zh-TW&rclk=1,0x3442a9666e9f721d:0x8aefbd57ef6d5d45
1506,Ritchie Chang,3,2 年前,"*精製個人鍋  
*食材新鮮  
*簡單自助霸

",2022-11-21,https://www.google.com.tw/maps/place/%E7%AF%89%E9%96%93%E5%B9%B8%E7%A6%8F%E9%8D%8B%E7%89%A9+%E5%8F%B0%E5%8C%97%E5%8D%97%E4%BA%AC%E4%B8%80%E5%BA%97/data=!4m7!3m6!1s0x3442a9666e9f721d:0x8aefbd57ef6d5d45!8m2!3d25.0518598!4d121.5273867!16s%2Fg%2F11b7cqtsy0!19sChIJHXKfbmapQjQRRV1t71e974o?authuser=0&hl=zh-TW&rclk=1,0x3442a9666e9f721d:0x8aefbd57ef6d5d45
1507,捲毛捲毛,3,2 年前,"菜盤不錯 希望冰淇淋沒了可以補  
份量也多

",2022-11-21,https://www.google.com.tw/maps/place/%E7%AF%89%E9%96%93%E5%B9%B8%E7%A6%8F%E9%8D%8B%E7%89%A9+%E5%8F%B0%E5%8C%97%E5%8D%97%E4%BA%AC%E4%B8%80%E5%BA%97/data=!4m7!3m6!1s0x3442a9666e9f721d:0x8aefbd57ef6d5d45!8m2!3d25.0518598!4d121.5273867!16s%2Fg%2F11b7cqtsy0!19sChIJHXKfbmapQjQRRV1t71e974o?authuser=0&hl=zh-TW&rclk=1,0x3442a9666e9f721d:0x8aefbd57ef6d5d45
1508,如嫺,4,2 年前,"東西不錯吃～但服務員有點少

",2022-11-21,https://www.google.com.tw/maps/place/%E7%AF%89%E9%96%93%E5%B9%B8%E7%A6%8F%E9%8D%8B%E7%89%A9+%E5%8F%B0%E5%8C%97%E5%8D%97%E4%BA%AC%E4%B8%80%E5%BA%97/data=!4m7!3m6!1s0x3442a9666e9f721d:0x8aefbd57ef6d5d45!8m2!3d25.0518598!4d121.5273867!16s%2Fg%2F11b7cqtsy0!19sChIJHXKfbmapQjQRRV1t71e974o?authuser=0&hl=zh-TW&rclk=1,0x3442a9666e9f721d:0x8aefbd57ef6d5d45
1509,林鼎鼎,3,2 年前,,2022-11-21,https://www.google.com.tw/maps/place/%E7%AF%89%E9%96%93%E5%B9%B8%E7%A6%8F%E9%8D%8B%E7%89%A9+%E5%8F%B0%E5%8C%97%E5%8D%97%E4%BA%AC%E4%B8%80%E5%BA%97/data=!4m7!3m6!1s0x3442a9666e9f721d:0x8aefbd57ef6d5d45!8m2!3d25.0518598!4d121.5273867!16s%2Fg%2F11b7cqtsy0!19sChIJHXKfbmapQjQRRV1t71e974o?authuser=0&hl=zh-TW&rclk=1,0x3442a9666e9f721d:0x8aefbd57ef6d5d45
1510,林凱瑜,4,2 年前,,2022-11-21,https://www.google.com.tw/maps/place/%E7%AF%89%E9%96%93%E5%B9%B8%E7%A6%8F%E9%8D%8B%E7%89%A9+%E5%8F%B0%E5%8C%97%E5%8D%97%E4%BA%AC%E4%B8%80%E5%BA%97/data=!4m7!3m6!1s0x3442a9666e9f721d:0x8aefbd57ef6d5d45!8m2!3d25.0518598!4d121.5273867!16s%2Fg%2F11b7cqtsy0!19sChIJHXKfbmapQjQRRV1t71e974o?authuser=0&hl=zh-TW&rclk=1,0x3442a9666e9f721d:0x8aefbd57ef6d5d45
1511,Eason Li,5,2 年前,,2022-11-21,https://www.google.com.tw/maps/place/%E7%AF%89%E9%96%93%E5%B9%B8%E7%A6%8F%E9%8D%8B%E7%89%A9+%E5%8F%B0%E5%8C%97%E5%8D%97%E4%BA%AC%E4%B8%80%E5%BA%97/data=!4m7!3m6!1s0x3442a9666e9f721d:0x8aefbd57ef6d5d45!8m2!3d25.0518598!4d121.5273867!16s%2Fg%2F11b7cqtsy0!19sChIJHXKfbmapQjQRRV1t71e974o?authuser=0&hl=zh-TW&rclk=1,0x3442a9666e9f721d:0x8aefbd57ef6d5d45
1512,gi gi,3,2 年前,"門市服務人員很親切有笑容，用餐環境乾淨！  
但在FB的messenger提供幾次意見及建議，店家從來不會有給任何回應訊息！反觀平價的錢都火鍋經營者（或者小編），顧客有反應，馬上用心回覆。

",2022-11-21,https://www.google.com.tw/maps/place/%E7%AF%89%E9%96%93%E5%B9%B8%E7%A6%8F%E9%8D%8B%E7%89%A9+%E5%8F%B0%E5%8C%97%E5%8D%97%E4%BA%AC%E4%B8%80%E5%BA%97/data=!4m7!3m6!1s0x3442a9666e9f721d:0x8aefbd57ef6d5d45!8m2!3d25.0518598!4d121.5273867!16s%2Fg%2F11b7cqtsy0!19sChIJHXKfbmapQjQRRV1t71e974o?authuser=0&hl=zh-TW&rclk=1,0x3442a9666e9f721d:0x8aefbd57ef6d5d45
1513,Irene Kao,5,2 年前,"服務不錯，食物鮮美。冰淇淋很好挖。我點的是紐西蘭羊肩肉盤，搭配菇菇牛奶鍋。牛奶湯汁很提味但不適合大碗大碗喝，會膩。朋友點雪花豬肉盤，也吃的很開心。

",2022-11-21,https://www.google.com.tw/maps/place/%E7%AF%89%E9%96%93%E5%B9%B8%E7%A6%8F%E9%8D%8B%E7%89%A9+%E5%8F%B0%E5%8C%97%E5%8D%97%E4%BA%AC%E4%B8%80%E5%BA%97/data=!4m7!3m6!1s0x3442a9666e9f721d:0x8aefbd57ef6d5d45!8m2!3d25.0518598!4d121.5273867!16s%2Fg%2F11b7cqtsy0!19sChIJHXKfbmapQjQRRV1t71e974o?authuser=0&hl=zh-TW&rclk=1,0x3442a9666e9f721d:0x8aefbd57ef6d5d45
1514,Mimi Yang,4,2 年前,"海鮮新鮮！份量還好！

",2022-11-21,https://www.google.com.tw/maps/place/%E7%AF%89%E9%96%93%E5%B9%B8%E7%A6%8F%E9%8D%8B%E7%89%A9+%E5%8F%B0%E5%8C%97%E5%8D%97%E4%BA%AC%E4%B8%80%E5%BA%97/data=!4m7!3m6!1s0x3442a9666e9f721d:0x8aefbd57ef6d5d45!8m2!3d25.0518598!4d121.5273867!16s%2Fg%2F11b7cqtsy0!19sChIJHXKfbmapQjQRRV1t71e974o?authuser=0&hl=zh-TW&rclk=1,0x3442a9666e9f721d:0x8aefbd57ef6d5d45
1515,Janet Wang,4,2 年前,"牛奶鍋湯頭$60不錯，海陸總匯$680份量很足，海鮮不錯，肉品普通了些，整體滿意，但價格稍貴。

",2022-11-21,https://www.google.com.tw/maps/place/%E7%AF%89%E9%96%93%E5%B9%B8%E7%A6%8F%E9%8D%8B%E7%89%A9+%E5%8F%B0%E5%8C%97%E5%8D%97%E4%BA%AC%E4%B8%80%E5%BA%97/data=!4m7!3m6!1s0x3442a9666e9f721d:0x8aefbd57ef6d5d45!8m2!3d25.0518598!4d121.5273867!16s%2Fg%2F11b7cqtsy0!19sChIJHXKfbmapQjQRRV1t71e974o?authuser=0&hl=zh-TW&rclk=1,0x3442a9666e9f721d:0x8aefbd57ef6d5d45
1516,陳長炯,4,2 年前,"喜歡這邊的吃飯環境

",2022-11-21,https://www.google.com.tw/maps/place/%E7%AF%89%E9%96%93%E5%B9%B8%E7%A6%8F%E9%8D%8B%E7%89%A9+%E5%8F%B0%E5%8C%97%E5%8D%97%E4%BA%AC%E4%B8%80%E5%BA%97/data=!4m7!3m6!1s0x3442a9666e9f721d:0x8aefbd57ef6d5d45!8m2!3d25.0518598!4d121.5273867!16s%2Fg%2F11b7cqtsy0!19sChIJHXKfbmapQjQRRV1t71e974o?authuser=0&hl=zh-TW&rclk=1,0x3442a9666e9f721d:0x8aefbd57ef6d5d45
1517,多多,4,2 年前,"東西好吃但稍貴

",2022-11-21,https://www.google.com.tw/maps/place/%E7%AF%89%E9%96%93%E5%B9%B8%E7%A6%8F%E9%8D%8B%E7%89%A9+%E5%8F%B0%E5%8C%97%E5%8D%97%E4%BA%AC%E4%B8%80%E5%BA%97/data=!4m7!3m6!1s0x3442a9666e9f721d:0x8aefbd57ef6d5d45!8m2!3d25.0518598!4d121.5273867!16s%2Fg%2F11b7cqtsy0!19sChIJHXKfbmapQjQRRV1t71e974o?authuser=0&hl=zh-TW&rclk=1,0x3442a9666e9f721d:0x8aefbd57ef6d5d45
1518,A-Kwon Fang,3,2 年前,"近來也是挺熱門的一家個人鍋店，在林森公園接鄰新生高架橋一側的對面，這間擁有著一二樓、也由該店一二店分據的店面在假日晚上顯得排隊人潮特別多、不過排隊一次的位子名額等於是一二店共用就是了；一店裡的座位區分外精緻，不過也因此顯得實在是太擁擠狹小了，或許也因此讓人潮的去化顯得分外的慢吧；除了明治的冰淇淋外，醬料部分也有著現在火鍋店家常有的胡麻醬，而比較特別的是自己特製的黑色辣粉和麻辣牛B醬味道偏淡但也挺香。  
  
450的小霜降牛肉鍋配上32元的魷魚石頭鍋底本身在肉量和菜量的份量就很夠一個人飽上一整晚，而更不用說目前搭配隨加即用的會員優惠還能夠再贈肉，雖然價位實在是偏高，但給的量夠多外和肉質實在是鮮美。

",2022-11-21,https://www.google.com.tw/maps/place/%E7%AF%89%E9%96%93%E5%B9%B8%E7%A6%8F%E9%8D%8B%E7%89%A9+%E5%8F%B0%E5%8C%97%E5%8D%97%E4%BA%AC%E4%B8%80%E5%BA%97/data=!4m7!3m6!1s0x3442a9666e9f721d:0x8aefbd57ef6d5d45!8m2!3d25.0518598!4d121.5273867!16s%2Fg%2F11b7cqtsy0!19sChIJHXKfbmapQjQRRV1t71e974o?authuser=0&hl=zh-TW&rclk=1,0x3442a9666e9f721d:0x8aefbd57ef6d5d45
1519,Mina Kuo,3,2 年前,,2022-11-21,https://www.google.com.tw/maps/place/%E7%AF%89%E9%96%93%E5%B9%B8%E7%A6%8F%E9%8D%8B%E7%89%A9+%E5%8F%B0%E5%8C%97%E5%8D%97%E4%BA%AC%E4%B8%80%E5%BA%97/data=!4m7!3m6!1s0x3442a9666e9f721d:0x8aefbd57ef6d5d45!8m2!3d25.0518598!4d121.5273867!16s%2Fg%2F11b7cqtsy0!19sChIJHXKfbmapQjQRRV1t71e974o?authuser=0&hl=zh-TW&rclk=1,0x3442a9666e9f721d:0x8aefbd57ef6d5d45
1520,YU JU LU,5,2 年前,"海鮮鍋搭配炒乾魷魚的石頭火鍋湯底很新鮮又美味，全部吃光光了。

",2022-11-21,https://www.google.com.tw/maps/place/%E7%AF%89%E9%96%93%E5%B9%B8%E7%A6%8F%E9%8D%8B%E7%89%A9+%E5%8F%B0%E5%8C%97%E5%8D%97%E4%BA%AC%E4%B8%80%E5%BA%97/data=!4m7!3m6!1s0x3442a9666e9f721d:0x8aefbd57ef6d5d45!8m2!3d25.0518598!4d121.5273867!16s%2Fg%2F11b7cqtsy0!19sChIJHXKfbmapQjQRRV1t71e974o?authuser=0&hl=zh-TW&rclk=1,0x3442a9666e9f721d:0x8aefbd57ef6d5d45
1521,Damow,3,2 年前,"服務人員很好 但吃起來沒有特別驚豔，就是不錯的火鍋

",2022-11-21,https://www.google.com.tw/maps/place/%E7%AF%89%E9%96%93%E5%B9%B8%E7%A6%8F%E9%8D%8B%E7%89%A9+%E5%8F%B0%E5%8C%97%E5%8D%97%E4%BA%AC%E4%B8%80%E5%BA%97/data=!4m7!3m6!1s0x3442a9666e9f721d:0x8aefbd57ef6d5d45!8m2!3d25.0518598!4d121.5273867!16s%2Fg%2F11b7cqtsy0!19sChIJHXKfbmapQjQRRV1t71e974o?authuser=0&hl=zh-TW&rclk=1,0x3442a9666e9f721d:0x8aefbd57ef6d5d45
1522,Jacob Lin,1,2 年前,"餐具很髒，一換再換都是髒的。  
但是，服務人員態度良好，食材新鮮度還可以。

",2022-11-21,https://www.google.com.tw/maps/place/%E7%AF%89%E9%96%93%E5%B9%B8%E7%A6%8F%E9%8D%8B%E7%89%A9+%E5%8F%B0%E5%8C%97%E5%8D%97%E4%BA%AC%E4%B8%80%E5%BA%97/data=!4m7!3m6!1s0x3442a9666e9f721d:0x8aefbd57ef6d5d45!8m2!3d25.0518598!4d121.5273867!16s%2Fg%2F11b7cqtsy0!19sChIJHXKfbmapQjQRRV1t71e974o?authuser=0&hl=zh-TW&rclk=1,0x3442a9666e9f721d:0x8aefbd57ef6d5d45
1523,Claire Lin,5,2 年前,"肉品好吃、海鮮也很新鮮、魚片沒有腥味

",2022-11-21,https://www.google.com.tw/maps/place/%E7%AF%89%E9%96%93%E5%B9%B8%E7%A6%8F%E9%8D%8B%E7%89%A9+%E5%8F%B0%E5%8C%97%E5%8D%97%E4%BA%AC%E4%B8%80%E5%BA%97/data=!4m7!3m6!1s0x3442a9666e9f721d:0x8aefbd57ef6d5d45!8m2!3d25.0518598!4d121.5273867!16s%2Fg%2F11b7cqtsy0!19sChIJHXKfbmapQjQRRV1t71e974o?authuser=0&hl=zh-TW&rclk=1,0x3442a9666e9f721d:0x8aefbd57ef6d5d45
1524,Angel TAIWAN,2,2 年前,"用餐時間為假日，但員工數量稍嫌不足，點餐或是加湯都需要提出好幾次需求，用餐時間為1.5小時。海鮮算新鮮，份量也算食在，湯底點牛奶鍋，吃到後來滿容易膩的。2020

",2022-11-21,https://www.google.com.tw/maps/place/%E7%AF%89%E9%96%93%E5%B9%B8%E7%A6%8F%E9%8D%8B%E7%89%A9+%E5%8F%B0%E5%8C%97%E5%8D%97%E4%BA%AC%E4%B8%80%E5%BA%97/data=!4m7!3m6!1s0x3442a9666e9f721d:0x8aefbd57ef6d5d45!8m2!3d25.0518598!4d121.5273867!16s%2Fg%2F11b7cqtsy0!19sChIJHXKfbmapQjQRRV1t71e974o?authuser=0&hl=zh-TW&rclk=1,0x3442a9666e9f721d:0x8aefbd57ef6d5d45
1525,哈娜 Hanna S.,1,2 年前,"兩人點兩鍋+單點鴨血，要價1500多，非常不划算！重點是吃的食材很差，蛤蠣吐了一堆沙在鍋子跟碗裡，怎麼吃？？電磁爐還壞掉不會滾，跟店員反應也沒用。絕對反推這家店，不會再去！

",2022-11-21,https://www.google.com.tw/maps/place/%E7%AF%89%E9%96%93%E5%B9%B8%E7%A6%8F%E9%8D%8B%E7%89%A9+%E5%8F%B0%E5%8C%97%E5%8D%97%E4%BA%AC%E4%B8%80%E5%BA%97/data=!4m7!3m6!1s0x3442a9666e9f721d:0x8aefbd57ef6d5d45!8m2!3d25.0518598!4d121.5273867!16s%2Fg%2F11b7cqtsy0!19sChIJHXKfbmapQjQRRV1t71e974o?authuser=0&hl=zh-TW&rclk=1,0x3442a9666e9f721d:0x8aefbd57ef6d5d45
1526,Jenny Wu,5,2 年前,"石頭湯底好喝、肉品份量足夠也新鮮  
蔬菜盤料多豐富  
稍嫌不足是飲料不冰選擇少、  
配料蔥的部分感覺老掉不夠新鮮

",2022-11-21,https://www.google.com.tw/maps/place/%E7%AF%89%E9%96%93%E5%B9%B8%E7%A6%8F%E9%8D%8B%E7%89%A9+%E5%8F%B0%E5%8C%97%E5%8D%97%E4%BA%AC%E4%B8%80%E5%BA%97/data=!4m7!3m6!1s0x3442a9666e9f721d:0x8aefbd57ef6d5d45!8m2!3d25.0518598!4d121.5273867!16s%2Fg%2F11b7cqtsy0!19sChIJHXKfbmapQjQRRV1t71e974o?authuser=0&hl=zh-TW&rclk=1,0x3442a9666e9f721d:0x8aefbd57ef6d5d45
1527,TZU YU,4,2 年前,"築間是吃宵夜場的好選擇  
  
這家分店來過3次，接待人員很不錯，會盡量協助調整座位。  
三次都是在二樓用餐，環境普通，服務人員可能因忙碌，服務也普通。  
餐點的部分，胡椒豬骨湯底很好喝！推薦  
菜盤和肉片份量也很夠吃，總體而言還會再來囉！

",2022-11-21,https://www.google.com.tw/maps/place/%E7%AF%89%E9%96%93%E5%B9%B8%E7%A6%8F%E9%8D%8B%E7%89%A9+%E5%8F%B0%E5%8C%97%E5%8D%97%E4%BA%AC%E4%B8%80%E5%BA%97/data=!4m7!3m6!1s0x3442a9666e9f721d:0x8aefbd57ef6d5d45!8m2!3d25.0518598!4d121.5273867!16s%2Fg%2F11b7cqtsy0!19sChIJHXKfbmapQjQRRV1t71e974o?authuser=0&hl=zh-TW&rclk=1,0x3442a9666e9f721d:0x8aefbd57ef6d5d45
1528,yun 5,5,2 年前,,2022-11-21,https://www.google.com.tw/maps/place/%E7%AF%89%E9%96%93%E5%B9%B8%E7%A6%8F%E9%8D%8B%E7%89%A9+%E5%8F%B0%E5%8C%97%E5%8D%97%E4%BA%AC%E4%B8%80%E5%BA%97/data=!4m7!3m6!1s0x3442a9666e9f721d:0x8aefbd57ef6d5d45!8m2!3d25.0518598!4d121.5273867!16s%2Fg%2F11b7cqtsy0!19sChIJHXKfbmapQjQRRV1t71e974o?authuser=0&hl=zh-TW&rclk=1,0x3442a9666e9f721d:0x8aefbd57ef6d5d45
1529,蔡易勳,3,2 年前,"湯頭選擇多，牛肉肉質海鮮中規中矩，份量足，自助吧免費使用，服務人員訓練有術，介紹很詳細。

",2022-11-21,https://www.google.com.tw/maps/place/%E7%AF%89%E9%96%93%E5%B9%B8%E7%A6%8F%E9%8D%8B%E7%89%A9+%E5%8F%B0%E5%8C%97%E5%8D%97%E4%BA%AC%E4%B8%80%E5%BA%97/data=!4m7!3m6!1s0x3442a9666e9f721d:0x8aefbd57ef6d5d45!8m2!3d25.0518598!4d121.5273867!16s%2Fg%2F11b7cqtsy0!19sChIJHXKfbmapQjQRRV1t71e974o?authuser=0&hl=zh-TW&rclk=1,0x3442a9666e9f721d:0x8aefbd57ef6d5d45
1530,Angus Huang,4,2 年前,,2022-11-21,https://www.google.com.tw/maps/place/%E7%AF%89%E9%96%93%E5%B9%B8%E7%A6%8F%E9%8D%8B%E7%89%A9+%E5%8F%B0%E5%8C%97%E5%8D%97%E4%BA%AC%E4%B8%80%E5%BA%97/data=!4m7!3m6!1s0x3442a9666e9f721d:0x8aefbd57ef6d5d45!8m2!3d25.0518598!4d121.5273867!16s%2Fg%2F11b7cqtsy0!19sChIJHXKfbmapQjQRRV1t71e974o?authuser=0&hl=zh-TW&rclk=1,0x3442a9666e9f721d:0x8aefbd57ef6d5d45
1531,Ni Ni,4,2 年前,"湯頭不錯、肉質不錯，整體cp值高，  
店員很忙，要很久才能加到湯。

",2022-11-21,https://www.google.com.tw/maps/place/%E7%AF%89%E9%96%93%E5%B9%B8%E7%A6%8F%E9%8D%8B%E7%89%A9+%E5%8F%B0%E5%8C%97%E5%8D%97%E4%BA%AC%E4%B8%80%E5%BA%97/data=!4m7!3m6!1s0x3442a9666e9f721d:0x8aefbd57ef6d5d45!8m2!3d25.0518598!4d121.5273867!16s%2Fg%2F11b7cqtsy0!19sChIJHXKfbmapQjQRRV1t71e974o?authuser=0&hl=zh-TW&rclk=1,0x3442a9666e9f721d:0x8aefbd57ef6d5d45
1532,陳正榮,5,2 年前,,2022-11-21,https://www.google.com.tw/maps/place/%E7%AF%89%E9%96%93%E5%B9%B8%E7%A6%8F%E9%8D%8B%E7%89%A9+%E5%8F%B0%E5%8C%97%E5%8D%97%E4%BA%AC%E4%B8%80%E5%BA%97/data=!4m7!3m6!1s0x3442a9666e9f721d:0x8aefbd57ef6d5d45!8m2!3d25.0518598!4d121.5273867!16s%2Fg%2F11b7cqtsy0!19sChIJHXKfbmapQjQRRV1t71e974o?authuser=0&hl=zh-TW&rclk=1,0x3442a9666e9f721d:0x8aefbd57ef6d5d45
1533,Schumacker Chiang,4,2 年前,"火鍋好吃，份量比一般鍋店大，  
帶小孩容易不小心點太多，  
點餐拿捏需要注意。

",2022-11-21,https://www.google.com.tw/maps/place/%E7%AF%89%E9%96%93%E5%B9%B8%E7%A6%8F%E9%8D%8B%E7%89%A9+%E5%8F%B0%E5%8C%97%E5%8D%97%E4%BA%AC%E4%B8%80%E5%BA%97/data=!4m7!3m6!1s0x3442a9666e9f721d:0x8aefbd57ef6d5d45!8m2!3d25.0518598!4d121.5273867!16s%2Fg%2F11b7cqtsy0!19sChIJHXKfbmapQjQRRV1t71e974o?authuser=0&hl=zh-TW&rclk=1,0x3442a9666e9f721d:0x8aefbd57ef6d5d45
1534,徐蒨薇,4,2 年前,,2022-11-21,https://www.google.com.tw/maps/place/%E7%AF%89%E9%96%93%E5%B9%B8%E7%A6%8F%E9%8D%8B%E7%89%A9+%E5%8F%B0%E5%8C%97%E5%8D%97%E4%BA%AC%E4%B8%80%E5%BA%97/data=!4m7!3m6!1s0x3442a9666e9f721d:0x8aefbd57ef6d5d45!8m2!3d25.0518598!4d121.5273867!16s%2Fg%2F11b7cqtsy0!19sChIJHXKfbmapQjQRRV1t71e974o?authuser=0&hl=zh-TW&rclk=1,0x3442a9666e9f721d:0x8aefbd57ef6d5d45
1535,靖文,3,2 年前,"用餐時間嚴格，下次要來可以挑戰不聊天的情況吃完餐點  
  
訂位人數：2人  
18：26出完主菜（海鮮總匯+松阪豬）  
19：15告知用餐時間還有20分鐘  
19：39結帳完成  
價位符合食物品質與期待  
整趟吃下來被催三次以上，原因是後面還有預約的客人，其實當時尚有空桌，並未全滿。  
結論：第一次拜訪也第一次體驗到這麼有壓力的一餐。

",2022-11-21,https://www.google.com.tw/maps/place/%E7%AF%89%E9%96%93%E5%B9%B8%E7%A6%8F%E9%8D%8B%E7%89%A9+%E5%8F%B0%E5%8C%97%E5%8D%97%E4%BA%AC%E4%B8%80%E5%BA%97/data=!4m7!3m6!1s0x3442a9666e9f721d:0x8aefbd57ef6d5d45!8m2!3d25.0518598!4d121.5273867!16s%2Fg%2F11b7cqtsy0!19sChIJHXKfbmapQjQRRV1t71e974o?authuser=0&hl=zh-TW&rclk=1,0x3442a9666e9f721d:0x8aefbd57ef6d5d45
1536,高名姿,5,2 年前,,2022-11-21,https://www.google.com.tw/maps/place/%E7%AF%89%E9%96%93%E5%B9%B8%E7%A6%8F%E9%8D%8B%E7%89%A9+%E5%8F%B0%E5%8C%97%E5%8D%97%E4%BA%AC%E4%B8%80%E5%BA%97/data=!4m7!3m6!1s0x3442a9666e9f721d:0x8aefbd57ef6d5d45!8m2!3d25.0518598!4d121.5273867!16s%2Fg%2F11b7cqtsy0!19sChIJHXKfbmapQjQRRV1t71e974o?authuser=0&hl=zh-TW&rclk=1,0x3442a9666e9f721d:0x8aefbd57ef6d5d45
1537,Karlene Liang,4,2 年前,"中規中矩，點了松板豬$450 和霜降牛$450  
石頭湯底+12、麻辣湯底+60  
  
環境和服務加了一顆星  
剛好帶位的服務生非常親切敬業  
湯頭味道都還不錯  
唯一可惜是這天菜盤的菜感覺沒有很新鮮  
高麗菜和菇類軟軟的，有種缺水狀態  
青江菜枯枯的⋯ 感覺就是放了一陣子的感覺  
雖然還不到壞掉，但新鮮度有差  
  
到了晚上7:00左右就客滿開始排隊  
畢竟在中山附近  
最好先訂位

",2022-11-21,https://www.google.com.tw/maps/place/%E7%AF%89%E9%96%93%E5%B9%B8%E7%A6%8F%E9%8D%8B%E7%89%A9+%E5%8F%B0%E5%8C%97%E5%8D%97%E4%BA%AC%E4%B8%80%E5%BA%97/data=!4m7!3m6!1s0x3442a9666e9f721d:0x8aefbd57ef6d5d45!8m2!3d25.0518598!4d121.5273867!16s%2Fg%2F11b7cqtsy0!19sChIJHXKfbmapQjQRRV1t71e974o?authuser=0&hl=zh-TW&rclk=1,0x3442a9666e9f721d:0x8aefbd57ef6d5d45
1538,潘大,3,2 年前,"食材新鮮，湯頭好喝，服務態度有待加強！

",2022-11-21,https://www.google.com.tw/maps/place/%E7%AF%89%E9%96%93%E5%B9%B8%E7%A6%8F%E9%8D%8B%E7%89%A9+%E5%8F%B0%E5%8C%97%E5%8D%97%E4%BA%AC%E4%B8%80%E5%BA%97/data=!4m7!3m6!1s0x3442a9666e9f721d:0x8aefbd57ef6d5d45!8m2!3d25.0518598!4d121.5273867!16s%2Fg%2F11b7cqtsy0!19sChIJHXKfbmapQjQRRV1t71e974o?authuser=0&hl=zh-TW&rclk=1,0x3442a9666e9f721d:0x8aefbd57ef6d5d45
1539,Edward Yao,4,2 年前,,2022-11-21,https://www.google.com.tw/maps/place/%E7%AF%89%E9%96%93%E5%B9%B8%E7%A6%8F%E9%8D%8B%E7%89%A9+%E5%8F%B0%E5%8C%97%E5%8D%97%E4%BA%AC%E4%B8%80%E5%BA%97/data=!4m7!3m6!1s0x3442a9666e9f721d:0x8aefbd57ef6d5d45!8m2!3d25.0518598!4d121.5273867!16s%2Fg%2F11b7cqtsy0!19sChIJHXKfbmapQjQRRV1t71e974o?authuser=0&hl=zh-TW&rclk=1,0x3442a9666e9f721d:0x8aefbd57ef6d5d45
1540,蔡明亘,4,2 年前,"還不錯吃，不過一樓座位偏窄，容易撞到其他桌的客人

",2022-11-21,https://www.google.com.tw/maps/place/%E7%AF%89%E9%96%93%E5%B9%B8%E7%A6%8F%E9%8D%8B%E7%89%A9+%E5%8F%B0%E5%8C%97%E5%8D%97%E4%BA%AC%E4%B8%80%E5%BA%97/data=!4m7!3m6!1s0x3442a9666e9f721d:0x8aefbd57ef6d5d45!8m2!3d25.0518598!4d121.5273867!16s%2Fg%2F11b7cqtsy0!19sChIJHXKfbmapQjQRRV1t71e974o?authuser=0&hl=zh-TW&rclk=1,0x3442a9666e9f721d:0x8aefbd57ef6d5d45
1541,薛婷方,5,2 年前,"東西很好吃 氣風也很好 價格合理

",2022-11-21,https://www.google.com.tw/maps/place/%E7%AF%89%E9%96%93%E5%B9%B8%E7%A6%8F%E9%8D%8B%E7%89%A9+%E5%8F%B0%E5%8C%97%E5%8D%97%E4%BA%AC%E4%B8%80%E5%BA%97/data=!4m7!3m6!1s0x3442a9666e9f721d:0x8aefbd57ef6d5d45!8m2!3d25.0518598!4d121.5273867!16s%2Fg%2F11b7cqtsy0!19sChIJHXKfbmapQjQRRV1t71e974o?authuser=0&hl=zh-TW&rclk=1,0x3442a9666e9f721d:0x8aefbd57ef6d5d45
1542,Joseph Lo,4,2 年前,,2022-11-21,https://www.google.com.tw/maps/place/%E7%AF%89%E9%96%93%E5%B9%B8%E7%A6%8F%E9%8D%8B%E7%89%A9+%E5%8F%B0%E5%8C%97%E5%8D%97%E4%BA%AC%E4%B8%80%E5%BA%97/data=!4m7!3m6!1s0x3442a9666e9f721d:0x8aefbd57ef6d5d45!8m2!3d25.0518598!4d121.5273867!16s%2Fg%2F11b7cqtsy0!19sChIJHXKfbmapQjQRRV1t71e974o?authuser=0&hl=zh-TW&rclk=1,0x3442a9666e9f721d:0x8aefbd57ef6d5d45
1543,Drakon Fei,3,2 年前,,2022-11-21,https://www.google.com.tw/maps/place/%E7%AF%89%E9%96%93%E5%B9%B8%E7%A6%8F%E9%8D%8B%E7%89%A9+%E5%8F%B0%E5%8C%97%E5%8D%97%E4%BA%AC%E4%B8%80%E5%BA%97/data=!4m7!3m6!1s0x3442a9666e9f721d:0x8aefbd57ef6d5d45!8m2!3d25.0518598!4d121.5273867!16s%2Fg%2F11b7cqtsy0!19sChIJHXKfbmapQjQRRV1t71e974o?authuser=0&hl=zh-TW&rclk=1,0x3442a9666e9f721d:0x8aefbd57ef6d5d45
1544,林懿寶,2,2 年前,"8月30日21：19用餐  
四位大人  
告知需要加湯，但男服務員堅持收拾完三桌的桌面之後才來加湯，等了至少有3分鐘才來加湯  
用餐到後面，我們還有人正在吃最後的幾隻蝦子，鍋子湯頭都還在冒煙  
男服務員就來收鍋了……  
並且連筷子都收走了……  
但是他還在剝蝦吃蝦，我們都傻眼  
也不是說外面有人在排隊用餐，有必要這麼趕人嗎……  
（單子上寫21：19用餐，大約22點來收鍋，還未到用餐90分鐘）  
另外在收拾隔壁左右兩桌的碗盤時，請輕聲收拾，沒必要收拾的這麼大聲，很沒禮貌…  
服務員的服務態度真的需要再加強！

",2022-11-21,https://www.google.com.tw/maps/place/%E7%AF%89%E9%96%93%E5%B9%B8%E7%A6%8F%E9%8D%8B%E7%89%A9+%E5%8F%B0%E5%8C%97%E5%8D%97%E4%BA%AC%E4%B8%80%E5%BA%97/data=!4m7!3m6!1s0x3442a9666e9f721d:0x8aefbd57ef6d5d45!8m2!3d25.0518598!4d121.5273867!16s%2Fg%2F11b7cqtsy0!19sChIJHXKfbmapQjQRRV1t71e974o?authuser=0&hl=zh-TW&rclk=1,0x3442a9666e9f721d:0x8aefbd57ef6d5d45
1545,張淨婷,5,2 年前,"東西好吃CP值高  
服務生逸寧好貼心  
因為我吃的比較慢一點點耽誤了一點時間沒有催促我用餐  
讓我覺得用餐體驗很舒服❤️

",2022-11-21,https://www.google.com.tw/maps/place/%E7%AF%89%E9%96%93%E5%B9%B8%E7%A6%8F%E9%8D%8B%E7%89%A9+%E5%8F%B0%E5%8C%97%E5%8D%97%E4%BA%AC%E4%B8%80%E5%BA%97/data=!4m7!3m6!1s0x3442a9666e9f721d:0x8aefbd57ef6d5d45!8m2!3d25.0518598!4d121.5273867!16s%2Fg%2F11b7cqtsy0!19sChIJHXKfbmapQjQRRV1t71e974o?authuser=0&hl=zh-TW&rclk=1,0x3442a9666e9f721d:0x8aefbd57ef6d5d45
1546,王舜立,3,2 年前,,2022-11-21,https://www.google.com.tw/maps/place/%E7%AF%89%E9%96%93%E5%B9%B8%E7%A6%8F%E9%8D%8B%E7%89%A9+%E5%8F%B0%E5%8C%97%E5%8D%97%E4%BA%AC%E4%B8%80%E5%BA%97/data=!4m7!3m6!1s0x3442a9666e9f721d:0x8aefbd57ef6d5d45!8m2!3d25.0518598!4d121.5273867!16s%2Fg%2F11b7cqtsy0!19sChIJHXKfbmapQjQRRV1t71e974o?authuser=0&hl=zh-TW&rclk=1,0x3442a9666e9f721d:0x8aefbd57ef6d5d45
1547,ŁIN,1,2 年前,"沒有六人位，不會提早告知，等了半個小時才告知，一點都不專業

",2022-11-21,https://www.google.com.tw/maps/place/%E7%AF%89%E9%96%93%E5%B9%B8%E7%A6%8F%E9%8D%8B%E7%89%A9+%E5%8F%B0%E5%8C%97%E5%8D%97%E4%BA%AC%E4%B8%80%E5%BA%97/data=!4m7!3m6!1s0x3442a9666e9f721d:0x8aefbd57ef6d5d45!8m2!3d25.0518598!4d121.5273867!16s%2Fg%2F11b7cqtsy0!19sChIJHXKfbmapQjQRRV1t71e974o?authuser=0&hl=zh-TW&rclk=1,0x3442a9666e9f721d:0x8aefbd57ef6d5d45
1548,威威,5,2 年前,,2022-11-21,https://www.google.com.tw/maps/place/%E7%AF%89%E9%96%93%E5%B9%B8%E7%A6%8F%E9%8D%8B%E7%89%A9+%E5%8F%B0%E5%8C%97%E5%8D%97%E4%BA%AC%E4%B8%80%E5%BA%97/data=!4m7!3m6!1s0x3442a9666e9f721d:0x8aefbd57ef6d5d45!8m2!3d25.0518598!4d121.5273867!16s%2Fg%2F11b7cqtsy0!19sChIJHXKfbmapQjQRRV1t71e974o?authuser=0&hl=zh-TW&rclk=1,0x3442a9666e9f721d:0x8aefbd57ef6d5d45
1549,Chi Chi,5,2 年前,"半夜肚子餓，還是能吃到火鍋，真心覺得幸福。  
希望營業時間不要改變，這樣下班就還是有餐廳可以選擇

",2022-11-21,https://www.google.com.tw/maps/place/%E7%AF%89%E9%96%93%E5%B9%B8%E7%A6%8F%E9%8D%8B%E7%89%A9+%E5%8F%B0%E5%8C%97%E5%8D%97%E4%BA%AC%E4%B8%80%E5%BA%97/data=!4m7!3m6!1s0x3442a9666e9f721d:0x8aefbd57ef6d5d45!8m2!3d25.0518598!4d121.5273867!16s%2Fg%2F11b7cqtsy0!19sChIJHXKfbmapQjQRRV1t71e974o?authuser=0&hl=zh-TW&rclk=1,0x3442a9666e9f721d:0x8aefbd57ef6d5d45
1550,邱振東,5,2 年前,,2022-11-21,https://www.google.com.tw/maps/place/%E7%AF%89%E9%96%93%E5%B9%B8%E7%A6%8F%E9%8D%8B%E7%89%A9+%E5%8F%B0%E5%8C%97%E5%8D%97%E4%BA%AC%E4%B8%80%E5%BA%97/data=!4m7!3m6!1s0x3442a9666e9f721d:0x8aefbd57ef6d5d45!8m2!3d25.0518598!4d121.5273867!16s%2Fg%2F11b7cqtsy0!19sChIJHXKfbmapQjQRRV1t71e974o?authuser=0&hl=zh-TW&rclk=1,0x3442a9666e9f721d:0x8aefbd57ef6d5d45
1551,sa xx,5,2 年前,"最喜歡吃築間 很好吃 已四訪

",2022-11-21,https://www.google.com.tw/maps/place/%E7%AF%89%E9%96%93%E5%B9%B8%E7%A6%8F%E9%8D%8B%E7%89%A9+%E5%8F%B0%E5%8C%97%E5%8D%97%E4%BA%AC%E4%B8%80%E5%BA%97/data=!4m7!3m6!1s0x3442a9666e9f721d:0x8aefbd57ef6d5d45!8m2!3d25.0518598!4d121.5273867!16s%2Fg%2F11b7cqtsy0!19sChIJHXKfbmapQjQRRV1t71e974o?authuser=0&hl=zh-TW&rclk=1,0x3442a9666e9f721d:0x8aefbd57ef6d5d45
1552,Chen,5,2 年前,"雖然漲價還是一樣讚

",2022-11-21,https://www.google.com.tw/maps/place/%E7%AF%89%E9%96%93%E5%B9%B8%E7%A6%8F%E9%8D%8B%E7%89%A9+%E5%8F%B0%E5%8C%97%E5%8D%97%E4%BA%AC%E4%B8%80%E5%BA%97/data=!4m7!3m6!1s0x3442a9666e9f721d:0x8aefbd57ef6d5d45!8m2!3d25.0518598!4d121.5273867!16s%2Fg%2F11b7cqtsy0!19sChIJHXKfbmapQjQRRV1t71e974o?authuser=0&hl=zh-TW&rclk=1,0x3442a9666e9f721d:0x8aefbd57ef6d5d45
1553,Fion Yang,2,2 年前,"之前吃都覺得肉品份量充足實在，這一兩次去吃前後點了霜降牛跟雪花牛，肉片看起來份量似乎差不多，但夾起來馬上就散掉，吃起來也是散散的一坨毫無整片肉的口感..不知道是切肉的人的問題(切太薄)還是肉質的問題...這兩次去讓人有點失望，希望可以改善  
  
藥膳湯不錯，值得推薦，但煮久有點鹹

",2022-11-21,https://www.google.com.tw/maps/place/%E7%AF%89%E9%96%93%E5%B9%B8%E7%A6%8F%E9%8D%8B%E7%89%A9+%E5%8F%B0%E5%8C%97%E5%8D%97%E4%BA%AC%E4%B8%80%E5%BA%97/data=!4m7!3m6!1s0x3442a9666e9f721d:0x8aefbd57ef6d5d45!8m2!3d25.0518598!4d121.5273867!16s%2Fg%2F11b7cqtsy0!19sChIJHXKfbmapQjQRRV1t71e974o?authuser=0&hl=zh-TW&rclk=1,0x3442a9666e9f721d:0x8aefbd57ef6d5d45
1554,神隱阿貝,3,2 年前,,2022-11-21,https://www.google.com.tw/maps/place/%E7%AF%89%E9%96%93%E5%B9%B8%E7%A6%8F%E9%8D%8B%E7%89%A9+%E5%8F%B0%E5%8C%97%E5%8D%97%E4%BA%AC%E4%B8%80%E5%BA%97/data=!4m7!3m6!1s0x3442a9666e9f721d:0x8aefbd57ef6d5d45!8m2!3d25.0518598!4d121.5273867!16s%2Fg%2F11b7cqtsy0!19sChIJHXKfbmapQjQRRV1t71e974o?authuser=0&hl=zh-TW&rclk=1,0x3442a9666e9f721d:0x8aefbd57ef6d5d45
1555,賴俊明,4,2 年前,,2022-11-21,https://www.google.com.tw/maps/place/%E7%AF%89%E9%96%93%E5%B9%B8%E7%A6%8F%E9%8D%8B%E7%89%A9+%E5%8F%B0%E5%8C%97%E5%8D%97%E4%BA%AC%E4%B8%80%E5%BA%97/data=!4m7!3m6!1s0x3442a9666e9f721d:0x8aefbd57ef6d5d45!8m2!3d25.0518598!4d121.5273867!16s%2Fg%2F11b7cqtsy0!19sChIJHXKfbmapQjQRRV1t71e974o?authuser=0&hl=zh-TW&rclk=1,0x3442a9666e9f721d:0x8aefbd57ef6d5d45
1556,Alex Lin,4,2 年前,,2022-11-21,https://www.google.com.tw/maps/place/%E7%AF%89%E9%96%93%E5%B9%B8%E7%A6%8F%E9%8D%8B%E7%89%A9+%E5%8F%B0%E5%8C%97%E5%8D%97%E4%BA%AC%E4%B8%80%E5%BA%97/data=!4m7!3m6!1s0x3442a9666e9f721d:0x8aefbd57ef6d5d45!8m2!3d25.0518598!4d121.5273867!16s%2Fg%2F11b7cqtsy0!19sChIJHXKfbmapQjQRRV1t71e974o?authuser=0&hl=zh-TW&rclk=1,0x3442a9666e9f721d:0x8aefbd57ef6d5d45
1557,Ian Hsieh,5,2 年前,"奶香菇鍋底真的很好吃，肉也給的蠻大方，也很常來問要不要加湯，餐後冰淇淋是明治的，口味很不錯~

",2022-11-21,https://www.google.com.tw/maps/place/%E7%AF%89%E9%96%93%E5%B9%B8%E7%A6%8F%E9%8D%8B%E7%89%A9+%E5%8F%B0%E5%8C%97%E5%8D%97%E4%BA%AC%E4%B8%80%E5%BA%97/data=!4m7!3m6!1s0x3442a9666e9f721d:0x8aefbd57ef6d5d45!8m2!3d25.0518598!4d121.5273867!16s%2Fg%2F11b7cqtsy0!19sChIJHXKfbmapQjQRRV1t71e974o?authuser=0&hl=zh-TW&rclk=1,0x3442a9666e9f721d:0x8aefbd57ef6d5d45
1558,李承彥,5,2 年前,,2022-11-21,https://www.google.com.tw/maps/place/%E7%AF%89%E9%96%93%E5%B9%B8%E7%A6%8F%E9%8D%8B%E7%89%A9+%E5%8F%B0%E5%8C%97%E5%8D%97%E4%BA%AC%E4%B8%80%E5%BA%97/data=!4m7!3m6!1s0x3442a9666e9f721d:0x8aefbd57ef6d5d45!8m2!3d25.0518598!4d121.5273867!16s%2Fg%2F11b7cqtsy0!19sChIJHXKfbmapQjQRRV1t71e974o?authuser=0&hl=zh-TW&rclk=1,0x3442a9666e9f721d:0x8aefbd57ef6d5d45
1559,Hank,5,2 年前,"服務態度不錯  
但食物是及格的  
聚餐好地方

",2022-11-21,https://www.google.com.tw/maps/place/%E7%AF%89%E9%96%93%E5%B9%B8%E7%A6%8F%E9%8D%8B%E7%89%A9+%E5%8F%B0%E5%8C%97%E5%8D%97%E4%BA%AC%E4%B8%80%E5%BA%97/data=!4m7!3m6!1s0x3442a9666e9f721d:0x8aefbd57ef6d5d45!8m2!3d25.0518598!4d121.5273867!16s%2Fg%2F11b7cqtsy0!19sChIJHXKfbmapQjQRRV1t71e974o?authuser=0&hl=zh-TW&rclk=1,0x3442a9666e9f721d:0x8aefbd57ef6d5d45
1560,陳耀宗,5,2 年前,"菜盤豐富新鮮 肉盤擺盤很好看  
外場服務生都會詢問滿意是否

",2022-11-21,https://www.google.com.tw/maps/place/%E7%AF%89%E9%96%93%E5%B9%B8%E7%A6%8F%E9%8D%8B%E7%89%A9+%E5%8F%B0%E5%8C%97%E5%8D%97%E4%BA%AC%E4%B8%80%E5%BA%97/data=!4m7!3m6!1s0x3442a9666e9f721d:0x8aefbd57ef6d5d45!8m2!3d25.0518598!4d121.5273867!16s%2Fg%2F11b7cqtsy0!19sChIJHXKfbmapQjQRRV1t71e974o?authuser=0&hl=zh-TW&rclk=1,0x3442a9666e9f721d:0x8aefbd57ef6d5d45
1561,Weston.Freedom Kong,4,2 年前,,2022-11-21,https://www.google.com.tw/maps/place/%E7%AF%89%E9%96%93%E5%B9%B8%E7%A6%8F%E9%8D%8B%E7%89%A9+%E5%8F%B0%E5%8C%97%E5%8D%97%E4%BA%AC%E4%B8%80%E5%BA%97/data=!4m7!3m6!1s0x3442a9666e9f721d:0x8aefbd57ef6d5d45!8m2!3d25.0518598!4d121.5273867!16s%2Fg%2F11b7cqtsy0!19sChIJHXKfbmapQjQRRV1t71e974o?authuser=0&hl=zh-TW&rclk=1,0x3442a9666e9f721d:0x8aefbd57ef6d5d45
1562,外星人,4,2 年前,"環境寬敞，醬料豐富，菜盤跟肉品份量充足，冰淇淋好吃。

",2022-11-21,https://www.google.com.tw/maps/place/%E7%AF%89%E9%96%93%E5%B9%B8%E7%A6%8F%E9%8D%8B%E7%89%A9+%E5%8F%B0%E5%8C%97%E5%8D%97%E4%BA%AC%E4%B8%80%E5%BA%97/data=!4m7!3m6!1s0x3442a9666e9f721d:0x8aefbd57ef6d5d45!8m2!3d25.0518598!4d121.5273867!16s%2Fg%2F11b7cqtsy0!19sChIJHXKfbmapQjQRRV1t71e974o?authuser=0&hl=zh-TW&rclk=1,0x3442a9666e9f721d:0x8aefbd57ef6d5d45
1563,Lina Gao,1,2 年前,"吃過築間眾多間分店，小肥牛的油花比例都很平均。  
唯獨這間，跟店員反應，內場切肉女店員一副不屑  
這種服務態度真是有夠傻眼  
Excuse me, 我點的是小肥牛不是「全肥牛」好嘛！！  
是在哈囉～  
一顆星都不想給  
絕不會再訪

",2022-11-21,https://www.google.com.tw/maps/place/%E7%AF%89%E9%96%93%E5%B9%B8%E7%A6%8F%E9%8D%8B%E7%89%A9+%E5%8F%B0%E5%8C%97%E5%8D%97%E4%BA%AC%E4%B8%80%E5%BA%97/data=!4m7!3m6!1s0x3442a9666e9f721d:0x8aefbd57ef6d5d45!8m2!3d25.0518598!4d121.5273867!16s%2Fg%2F11b7cqtsy0!19sChIJHXKfbmapQjQRRV1t71e974o?authuser=0&hl=zh-TW&rclk=1,0x3442a9666e9f721d:0x8aefbd57ef6d5d45
1564,Tung Max,5,2 年前,"美食，且價格不高。

",2022-11-21,https://www.google.com.tw/maps/place/%E7%AF%89%E9%96%93%E5%B9%B8%E7%A6%8F%E9%8D%8B%E7%89%A9+%E5%8F%B0%E5%8C%97%E5%8D%97%E4%BA%AC%E4%B8%80%E5%BA%97/data=!4m7!3m6!1s0x3442a9666e9f721d:0x8aefbd57ef6d5d45!8m2!3d25.0518598!4d121.5273867!16s%2Fg%2F11b7cqtsy0!19sChIJHXKfbmapQjQRRV1t71e974o?authuser=0&hl=zh-TW&rclk=1,0x3442a9666e9f721d:0x8aefbd57ef6d5d45
1565,洪洪,5,2 年前,"宵夜的好選擇，有附飲料、冰淇淋

",2022-11-21,https://www.google.com.tw/maps/place/%E7%AF%89%E9%96%93%E5%B9%B8%E7%A6%8F%E9%8D%8B%E7%89%A9+%E5%8F%B0%E5%8C%97%E5%8D%97%E4%BA%AC%E4%B8%80%E5%BA%97/data=!4m7!3m6!1s0x3442a9666e9f721d:0x8aefbd57ef6d5d45!8m2!3d25.0518598!4d121.5273867!16s%2Fg%2F11b7cqtsy0!19sChIJHXKfbmapQjQRRV1t71e974o?authuser=0&hl=zh-TW&rclk=1,0x3442a9666e9f721d:0x8aefbd57ef6d5d45
1566,曾鈴惠,4,2 年前,"CP值高的火鍋店，但假日人多要先訂位

",2022-11-21,https://www.google.com.tw/maps/place/%E7%AF%89%E9%96%93%E5%B9%B8%E7%A6%8F%E9%8D%8B%E7%89%A9+%E5%8F%B0%E5%8C%97%E5%8D%97%E4%BA%AC%E4%B8%80%E5%BA%97/data=!4m7!3m6!1s0x3442a9666e9f721d:0x8aefbd57ef6d5d45!8m2!3d25.0518598!4d121.5273867!16s%2Fg%2F11b7cqtsy0!19sChIJHXKfbmapQjQRRV1t71e974o?authuser=0&hl=zh-TW&rclk=1,0x3442a9666e9f721d:0x8aefbd57ef6d5d45
1567,吳芃頤,5,2 年前,,2022-11-21,https://www.google.com.tw/maps/place/%E7%AF%89%E9%96%93%E5%B9%B8%E7%A6%8F%E9%8D%8B%E7%89%A9+%E5%8F%B0%E5%8C%97%E5%8D%97%E4%BA%AC%E4%B8%80%E5%BA%97/data=!4m7!3m6!1s0x3442a9666e9f721d:0x8aefbd57ef6d5d45!8m2!3d25.0518598!4d121.5273867!16s%2Fg%2F11b7cqtsy0!19sChIJHXKfbmapQjQRRV1t71e974o?authuser=0&hl=zh-TW&rclk=1,0x3442a9666e9f721d:0x8aefbd57ef6d5d45
1568,柔柔咖,4,2 年前,"吃火鍋充飢。

",2022-11-21,https://www.google.com.tw/maps/place/%E7%AF%89%E9%96%93%E5%B9%B8%E7%A6%8F%E9%8D%8B%E7%89%A9+%E5%8F%B0%E5%8C%97%E5%8D%97%E4%BA%AC%E4%B8%80%E5%BA%97/data=!4m7!3m6!1s0x3442a9666e9f721d:0x8aefbd57ef6d5d45!8m2!3d25.0518598!4d121.5273867!16s%2Fg%2F11b7cqtsy0!19sChIJHXKfbmapQjQRRV1t71e974o?authuser=0&hl=zh-TW&rclk=1,0x3442a9666e9f721d:0x8aefbd57ef6d5d45
1569,Ssu Ying Wu,1,2 年前,"牛奶胡椒味很重

",2022-11-21,https://www.google.com.tw/maps/place/%E7%AF%89%E9%96%93%E5%B9%B8%E7%A6%8F%E9%8D%8B%E7%89%A9+%E5%8F%B0%E5%8C%97%E5%8D%97%E4%BA%AC%E4%B8%80%E5%BA%97/data=!4m7!3m6!1s0x3442a9666e9f721d:0x8aefbd57ef6d5d45!8m2!3d25.0518598!4d121.5273867!16s%2Fg%2F11b7cqtsy0!19sChIJHXKfbmapQjQRRV1t71e974o?authuser=0&hl=zh-TW&rclk=1,0x3442a9666e9f721d:0x8aefbd57ef6d5d45
1570,陳雅君,5,2 年前,,2022-11-21,https://www.google.com.tw/maps/place/%E7%AF%89%E9%96%93%E5%B9%B8%E7%A6%8F%E9%8D%8B%E7%89%A9+%E5%8F%B0%E5%8C%97%E5%8D%97%E4%BA%AC%E4%B8%80%E5%BA%97/data=!4m7!3m6!1s0x3442a9666e9f721d:0x8aefbd57ef6d5d45!8m2!3d25.0518598!4d121.5273867!16s%2Fg%2F11b7cqtsy0!19sChIJHXKfbmapQjQRRV1t71e974o?authuser=0&hl=zh-TW&rclk=1,0x3442a9666e9f721d:0x8aefbd57ef6d5d45
1571,謝佩倩,5,2 年前,,2022-11-21,https://www.google.com.tw/maps/place/%E7%AF%89%E9%96%93%E5%B9%B8%E7%A6%8F%E9%8D%8B%E7%89%A9+%E5%8F%B0%E5%8C%97%E5%8D%97%E4%BA%AC%E4%B8%80%E5%BA%97/data=!4m7!3m6!1s0x3442a9666e9f721d:0x8aefbd57ef6d5d45!8m2!3d25.0518598!4d121.5273867!16s%2Fg%2F11b7cqtsy0!19sChIJHXKfbmapQjQRRV1t71e974o?authuser=0&hl=zh-TW&rclk=1,0x3442a9666e9f721d:0x8aefbd57ef6d5d45
1572,NishinoKM,1,2 年前,"拜託不要再來芋頭了RRRR

",2022-11-21,https://www.google.com.tw/maps/place/%E7%AF%89%E9%96%93%E5%B9%B8%E7%A6%8F%E9%8D%8B%E7%89%A9+%E5%8F%B0%E5%8C%97%E5%8D%97%E4%BA%AC%E4%B8%80%E5%BA%97/data=!4m7!3m6!1s0x3442a9666e9f721d:0x8aefbd57ef6d5d45!8m2!3d25.0518598!4d121.5273867!16s%2Fg%2F11b7cqtsy0!19sChIJHXKfbmapQjQRRV1t71e974o?authuser=0&hl=zh-TW&rclk=1,0x3442a9666e9f721d:0x8aefbd57ef6d5d45
1573,Meiyushakti Huang (夏卡緹融合印度舞團),5,2 年前,"火鍋配日式醬油跟蘿蔔泥就很清爽，麻辣口味湯頭也很不錯，不知道是否地點的關係，過2點來的賓客，會讓你眼睛吃冰淇淋。

",2022-11-21,https://www.google.com.tw/maps/place/%E7%AF%89%E9%96%93%E5%B9%B8%E7%A6%8F%E9%8D%8B%E7%89%A9+%E5%8F%B0%E5%8C%97%E5%8D%97%E4%BA%AC%E4%B8%80%E5%BA%97/data=!4m7!3m6!1s0x3442a9666e9f721d:0x8aefbd57ef6d5d45!8m2!3d25.0518598!4d121.5273867!16s%2Fg%2F11b7cqtsy0!19sChIJHXKfbmapQjQRRV1t71e974o?authuser=0&hl=zh-TW&rclk=1,0x3442a9666e9f721d:0x8aefbd57ef6d5d45
1574,郭俊呈,4,2 年前,"服務親切。冰好吃。

",2022-11-21,https://www.google.com.tw/maps/place/%E7%AF%89%E9%96%93%E5%B9%B8%E7%A6%8F%E9%8D%8B%E7%89%A9+%E5%8F%B0%E5%8C%97%E5%8D%97%E4%BA%AC%E4%B8%80%E5%BA%97/data=!4m7!3m6!1s0x3442a9666e9f721d:0x8aefbd57ef6d5d45!8m2!3d25.0518598!4d121.5273867!16s%2Fg%2F11b7cqtsy0!19sChIJHXKfbmapQjQRRV1t71e974o?authuser=0&hl=zh-TW&rclk=1,0x3442a9666e9f721d:0x8aefbd57ef6d5d45
1575,蔡佳勳,5,2 年前,"常常經過這裡，但是第一次來用餐，本來以為是高價位的火鍋店，但其實還算平價，基本花費三百多元，若是兩人共鍋要點到600元以上。  
環境還算不錯，這間有兩層樓，位置還蠻多的，這次五人用餐坐到小包廂，用餐很舒適。  
內用有飲料自助吧（檸檬紅茶和奶茶）和冰淇淋。建議杯子可以用環保杯。  
這次點了海陸鍋，肉類選了板腱牛，肉質還不錯，友人點了小羔羊，兩種肉吃起來都不錯。  
海鮮盤有三種魚肉、蛤蜊、蚵仔和四隻蝦子，吃起來都很新鮮。  
兩人共吃海陸鍋也很有飽足感。

",2022-11-21,https://www.google.com.tw/maps/place/%E7%AF%89%E9%96%93%E5%B9%B8%E7%A6%8F%E9%8D%8B%E7%89%A9+%E5%8F%B0%E5%8C%97%E5%8D%97%E4%BA%AC%E4%B8%80%E5%BA%97/data=!4m7!3m6!1s0x3442a9666e9f721d:0x8aefbd57ef6d5d45!8m2!3d25.0518598!4d121.5273867!16s%2Fg%2F11b7cqtsy0!19sChIJHXKfbmapQjQRRV1t71e974o?authuser=0&hl=zh-TW&rclk=1,0x3442a9666e9f721d:0x8aefbd57ef6d5d45
1576,lin Tina (Tina),2,2 年前,,2022-11-21,https://www.google.com.tw/maps/place/%E7%AF%89%E9%96%93%E5%B9%B8%E7%A6%8F%E9%8D%8B%E7%89%A9+%E5%8F%B0%E5%8C%97%E5%8D%97%E4%BA%AC%E4%B8%80%E5%BA%97/data=!4m7!3m6!1s0x3442a9666e9f721d:0x8aefbd57ef6d5d45!8m2!3d25.0518598!4d121.5273867!16s%2Fg%2F11b7cqtsy0!19sChIJHXKfbmapQjQRRV1t71e974o?authuser=0&hl=zh-TW&rclk=1,0x3442a9666e9f721d:0x8aefbd57ef6d5d45
1577,KEN LIU,5,2 年前,"份量足 服務佳

",2022-11-21,https://www.google.com.tw/maps/place/%E7%AF%89%E9%96%93%E5%B9%B8%E7%A6%8F%E9%8D%8B%E7%89%A9+%E5%8F%B0%E5%8C%97%E5%8D%97%E4%BA%AC%E4%B8%80%E5%BA%97/data=!4m7!3m6!1s0x3442a9666e9f721d:0x8aefbd57ef6d5d45!8m2!3d25.0518598!4d121.5273867!16s%2Fg%2F11b7cqtsy0!19sChIJHXKfbmapQjQRRV1t71e974o?authuser=0&hl=zh-TW&rclk=1,0x3442a9666e9f721d:0x8aefbd57ef6d5d45
1578,Elaine蓉,5,2 年前,"淇淋巧酥補很快，吃完火鍋又有冰淇淋實在治癒

",2022-11-21,https://www.google.com.tw/maps/place/%E7%AF%89%E9%96%93%E5%B9%B8%E7%A6%8F%E9%8D%8B%E7%89%A9+%E5%8F%B0%E5%8C%97%E5%8D%97%E4%BA%AC%E4%B8%80%E5%BA%97/data=!4m7!3m6!1s0x3442a9666e9f721d:0x8aefbd57ef6d5d45!8m2!3d25.0518598!4d121.5273867!16s%2Fg%2F11b7cqtsy0!19sChIJHXKfbmapQjQRRV1t71e974o?authuser=0&hl=zh-TW&rclk=1,0x3442a9666e9f721d:0x8aefbd57ef6d5d45
1579,陳敏敏,5,2 年前,"好吃

",2022-11-21,https://www.google.com.tw/maps/place/%E7%AF%89%E9%96%93%E5%B9%B8%E7%A6%8F%E9%8D%8B%E7%89%A9+%E5%8F%B0%E5%8C%97%E5%8D%97%E4%BA%AC%E4%B8%80%E5%BA%97/data=!4m7!3m6!1s0x3442a9666e9f721d:0x8aefbd57ef6d5d45!8m2!3d25.0518598!4d121.5273867!16s%2Fg%2F11b7cqtsy0!19sChIJHXKfbmapQjQRRV1t71e974o?authuser=0&hl=zh-TW&rclk=1,0x3442a9666e9f721d:0x8aefbd57ef6d5d45
1580,Yu Feng Ku,4,2 年前,"東西新鮮好吃，就是人太多要訂位比較好！

",2022-11-21,https://www.google.com.tw/maps/place/%E7%AF%89%E9%96%93%E5%B9%B8%E7%A6%8F%E9%8D%8B%E7%89%A9+%E5%8F%B0%E5%8C%97%E5%8D%97%E4%BA%AC%E4%B8%80%E5%BA%97/data=!4m7!3m6!1s0x3442a9666e9f721d:0x8aefbd57ef6d5d45!8m2!3d25.0518598!4d121.5273867!16s%2Fg%2F11b7cqtsy0!19sChIJHXKfbmapQjQRRV1t71e974o?authuser=0&hl=zh-TW&rclk=1,0x3442a9666e9f721d:0x8aefbd57ef6d5d45
1581,黃郁誠,4,2 年前,"乾淨舒適

",2022-11-21,https://www.google.com.tw/maps/place/%E7%AF%89%E9%96%93%E5%B9%B8%E7%A6%8F%E9%8D%8B%E7%89%A9+%E5%8F%B0%E5%8C%97%E5%8D%97%E4%BA%AC%E4%B8%80%E5%BA%97/data=!4m7!3m6!1s0x3442a9666e9f721d:0x8aefbd57ef6d5d45!8m2!3d25.0518598!4d121.5273867!16s%2Fg%2F11b7cqtsy0!19sChIJHXKfbmapQjQRRV1t71e974o?authuser=0&hl=zh-TW&rclk=1,0x3442a9666e9f721d:0x8aefbd57ef6d5d45
1582,lilicoco Chen,2,2 年前,"量少,普通還需要服務費，CP值差到不行的店

",2022-11-21,https://www.google.com.tw/maps/place/%E7%AF%89%E9%96%93%E5%B9%B8%E7%A6%8F%E9%8D%8B%E7%89%A9+%E5%8F%B0%E5%8C%97%E5%8D%97%E4%BA%AC%E4%B8%80%E5%BA%97/data=!4m7!3m6!1s0x3442a9666e9f721d:0x8aefbd57ef6d5d45!8m2!3d25.0518598!4d121.5273867!16s%2Fg%2F11b7cqtsy0!19sChIJHXKfbmapQjQRRV1t71e974o?authuser=0&hl=zh-TW&rclk=1,0x3442a9666e9f721d:0x8aefbd57ef6d5d45
1583,簡士杰,5,2 年前,,2022-11-21,https://www.google.com.tw/maps/place/%E7%AF%89%E9%96%93%E5%B9%B8%E7%A6%8F%E9%8D%8B%E7%89%A9+%E5%8F%B0%E5%8C%97%E5%8D%97%E4%BA%AC%E4%B8%80%E5%BA%97/data=!4m7!3m6!1s0x3442a9666e9f721d:0x8aefbd57ef6d5d45!8m2!3d25.0518598!4d121.5273867!16s%2Fg%2F11b7cqtsy0!19sChIJHXKfbmapQjQRRV1t71e974o?authuser=0&hl=zh-TW&rclk=1,0x3442a9666e9f721d:0x8aefbd57ef6d5d45
1584,熊寶徐,5,2 年前,,2022-11-21,https://www.google.com.tw/maps/place/%E7%AF%89%E9%96%93%E5%B9%B8%E7%A6%8F%E9%8D%8B%E7%89%A9+%E5%8F%B0%E5%8C%97%E5%8D%97%E4%BA%AC%E4%B8%80%E5%BA%97/data=!4m7!3m6!1s0x3442a9666e9f721d:0x8aefbd57ef6d5d45!8m2!3d25.0518598!4d121.5273867!16s%2Fg%2F11b7cqtsy0!19sChIJHXKfbmapQjQRRV1t71e974o?authuser=0&hl=zh-TW&rclk=1,0x3442a9666e9f721d:0x8aefbd57ef6d5d45
1585,Huang Tony,3,2 年前,,2022-11-21,https://www.google.com.tw/maps/place/%E7%AF%89%E9%96%93%E5%B9%B8%E7%A6%8F%E9%8D%8B%E7%89%A9+%E5%8F%B0%E5%8C%97%E5%8D%97%E4%BA%AC%E4%B8%80%E5%BA%97/data=!4m7!3m6!1s0x3442a9666e9f721d:0x8aefbd57ef6d5d45!8m2!3d25.0518598!4d121.5273867!16s%2Fg%2F11b7cqtsy0!19sChIJHXKfbmapQjQRRV1t71e974o?authuser=0&hl=zh-TW&rclk=1,0x3442a9666e9f721d:0x8aefbd57ef6d5d45
1586,蕭聖哲,5,2 年前,,2022-11-21,https://www.google.com.tw/maps/place/%E7%AF%89%E9%96%93%E5%B9%B8%E7%A6%8F%E9%8D%8B%E7%89%A9+%E5%8F%B0%E5%8C%97%E5%8D%97%E4%BA%AC%E4%B8%80%E5%BA%97/data=!4m7!3m6!1s0x3442a9666e9f721d:0x8aefbd57ef6d5d45!8m2!3d25.0518598!4d121.5273867!16s%2Fg%2F11b7cqtsy0!19sChIJHXKfbmapQjQRRV1t71e974o?authuser=0&hl=zh-TW&rclk=1,0x3442a9666e9f721d:0x8aefbd57ef6d5d45
1587,孫天威,5,2 年前,"餐點好吃  
服務很棒  
嘉亨很優秀

",2022-11-21,https://www.google.com.tw/maps/place/%E7%AF%89%E9%96%93%E5%B9%B8%E7%A6%8F%E9%8D%8B%E7%89%A9+%E5%8F%B0%E5%8C%97%E5%8D%97%E4%BA%AC%E4%B8%80%E5%BA%97/data=!4m7!3m6!1s0x3442a9666e9f721d:0x8aefbd57ef6d5d45!8m2!3d25.0518598!4d121.5273867!16s%2Fg%2F11b7cqtsy0!19sChIJHXKfbmapQjQRRV1t71e974o?authuser=0&hl=zh-TW&rclk=1,0x3442a9666e9f721d:0x8aefbd57ef6d5d45
1588,Ruby Chiu,5,2 年前,,2022-11-21,https://www.google.com.tw/maps/place/%E7%AF%89%E9%96%93%E5%B9%B8%E7%A6%8F%E9%8D%8B%E7%89%A9+%E5%8F%B0%E5%8C%97%E5%8D%97%E4%BA%AC%E4%B8%80%E5%BA%97/data=!4m7!3m6!1s0x3442a9666e9f721d:0x8aefbd57ef6d5d45!8m2!3d25.0518598!4d121.5273867!16s%2Fg%2F11b7cqtsy0!19sChIJHXKfbmapQjQRRV1t71e974o?authuser=0&hl=zh-TW&rclk=1,0x3442a9666e9f721d:0x8aefbd57ef6d5d45
1589,00,5,2 年前,"最喜歡的火鍋店之一❤

",2022-11-21,https://www.google.com.tw/maps/place/%E7%AF%89%E9%96%93%E5%B9%B8%E7%A6%8F%E9%8D%8B%E7%89%A9+%E5%8F%B0%E5%8C%97%E5%8D%97%E4%BA%AC%E4%B8%80%E5%BA%97/data=!4m7!3m6!1s0x3442a9666e9f721d:0x8aefbd57ef6d5d45!8m2!3d25.0518598!4d121.5273867!16s%2Fg%2F11b7cqtsy0!19sChIJHXKfbmapQjQRRV1t71e974o?authuser=0&hl=zh-TW&rclk=1,0x3442a9666e9f721d:0x8aefbd57ef6d5d45
1590,Wilbur Chen,5,2 年前,,2022-11-21,https://www.google.com.tw/maps/place/%E7%AF%89%E9%96%93%E5%B9%B8%E7%A6%8F%E9%8D%8B%E7%89%A9+%E5%8F%B0%E5%8C%97%E5%8D%97%E4%BA%AC%E4%B8%80%E5%BA%97/data=!4m7!3m6!1s0x3442a9666e9f721d:0x8aefbd57ef6d5d45!8m2!3d25.0518598!4d121.5273867!16s%2Fg%2F11b7cqtsy0!19sChIJHXKfbmapQjQRRV1t71e974o?authuser=0&hl=zh-TW&rclk=1,0x3442a9666e9f721d:0x8aefbd57ef6d5d45
1591,Ting-Hao Guo,5,2 年前,,2022-11-21,https://www.google.com.tw/maps/place/%E7%AF%89%E9%96%93%E5%B9%B8%E7%A6%8F%E9%8D%8B%E7%89%A9+%E5%8F%B0%E5%8C%97%E5%8D%97%E4%BA%AC%E4%B8%80%E5%BA%97/data=!4m7!3m6!1s0x3442a9666e9f721d:0x8aefbd57ef6d5d45!8m2!3d25.0518598!4d121.5273867!16s%2Fg%2F11b7cqtsy0!19sChIJHXKfbmapQjQRRV1t71e974o?authuser=0&hl=zh-TW&rclk=1,0x3442a9666e9f721d:0x8aefbd57ef6d5d45
1592,Thomas Tsai,2,2 年前,,2022-11-21,https://www.google.com.tw/maps/place/%E7%AF%89%E9%96%93%E5%B9%B8%E7%A6%8F%E9%8D%8B%E7%89%A9+%E5%8F%B0%E5%8C%97%E5%8D%97%E4%BA%AC%E4%B8%80%E5%BA%97/data=!4m7!3m6!1s0x3442a9666e9f721d:0x8aefbd57ef6d5d45!8m2!3d25.0518598!4d121.5273867!16s%2Fg%2F11b7cqtsy0!19sChIJHXKfbmapQjQRRV1t71e974o?authuser=0&hl=zh-TW&rclk=1,0x3442a9666e9f721d:0x8aefbd57ef6d5d45
1593,炅訄,4,2 年前,"一定要先提早訂位，石頭鍋底很普通，沒什麼特別之處，雖然裡頭有加了魷魚洋蔥之類的，但喝起來就是一般般，鮮菇奶香必點，喝起來又香又甜又濃郁，再從調味料那裡將洋蔥及蔥再加下去味道更提升一個階級，雞腿肉偏小塊肉質還行，鯛魚好吃鮮肉軟嫩，菜盤有高麗菜芋頭兩隻蝦子豆腐蛤蜊菇類番茄等等，沒特別驚豔之處，單點鴨血沒到非常入味辣度也沒有，只有多汁可言，澳洲羊肉還不錯，只是騷味偏重，如果無法接受一點羊騷味不建議點，奶茶不太好喝，冰淇淋是明治的還不錯，也很好挖，服務也還可以，環境乾淨舒適，整體算是好吃的火鍋店，會願意為了奶香鍋而來

",2022-11-21,https://www.google.com.tw/maps/place/%E7%AF%89%E9%96%93%E5%B9%B8%E7%A6%8F%E9%8D%8B%E7%89%A9+%E5%8F%B0%E5%8C%97%E5%8D%97%E4%BA%AC%E4%B8%80%E5%BA%97/data=!4m7!3m6!1s0x3442a9666e9f721d:0x8aefbd57ef6d5d45!8m2!3d25.0518598!4d121.5273867!16s%2Fg%2F11b7cqtsy0!19sChIJHXKfbmapQjQRRV1t71e974o?authuser=0&hl=zh-TW&rclk=1,0x3442a9666e9f721d:0x8aefbd57ef6d5d45
1594,Silly Sally,5,2 年前,"好吃衛生

",2022-11-21,https://www.google.com.tw/maps/place/%E7%AF%89%E9%96%93%E5%B9%B8%E7%A6%8F%E9%8D%8B%E7%89%A9+%E5%8F%B0%E5%8C%97%E5%8D%97%E4%BA%AC%E4%B8%80%E5%BA%97/data=!4m7!3m6!1s0x3442a9666e9f721d:0x8aefbd57ef6d5d45!8m2!3d25.0518598!4d121.5273867!16s%2Fg%2F11b7cqtsy0!19sChIJHXKfbmapQjQRRV1t71e974o?authuser=0&hl=zh-TW&rclk=1,0x3442a9666e9f721d:0x8aefbd57ef6d5d45
1595,張巍耀,5,2 年前,,2022-11-21,https://www.google.com.tw/maps/place/%E7%AF%89%E9%96%93%E5%B9%B8%E7%A6%8F%E9%8D%8B%E7%89%A9+%E5%8F%B0%E5%8C%97%E5%8D%97%E4%BA%AC%E4%B8%80%E5%BA%97/data=!4m7!3m6!1s0x3442a9666e9f721d:0x8aefbd57ef6d5d45!8m2!3d25.0518598!4d121.5273867!16s%2Fg%2F11b7cqtsy0!19sChIJHXKfbmapQjQRRV1t71e974o?authuser=0&hl=zh-TW&rclk=1,0x3442a9666e9f721d:0x8aefbd57ef6d5d45
1596,梁QQ,5,2 年前,"美麥喔！

",2022-11-21,https://www.google.com.tw/maps/place/%E7%AF%89%E9%96%93%E5%B9%B8%E7%A6%8F%E9%8D%8B%E7%89%A9+%E5%8F%B0%E5%8C%97%E5%8D%97%E4%BA%AC%E4%B8%80%E5%BA%97/data=!4m7!3m6!1s0x3442a9666e9f721d:0x8aefbd57ef6d5d45!8m2!3d25.0518598!4d121.5273867!16s%2Fg%2F11b7cqtsy0!19sChIJHXKfbmapQjQRRV1t71e974o?authuser=0&hl=zh-TW&rclk=1,0x3442a9666e9f721d:0x8aefbd57ef6d5d45
1597,Pei Chin Luo,1,2 年前,"在二店櫃檯等了近十分鐘才有店員帶位，這就算了，終於等到他後菜單直接丟在桌上，東西都用扔的，這就是我付的服務費，若講求特別服務品質可以前來圍觀^_^，食物蠻好吃的喔。

",2022-11-21,https://www.google.com.tw/maps/place/%E7%AF%89%E9%96%93%E5%B9%B8%E7%A6%8F%E9%8D%8B%E7%89%A9+%E5%8F%B0%E5%8C%97%E5%8D%97%E4%BA%AC%E4%B8%80%E5%BA%97/data=!4m7!3m6!1s0x3442a9666e9f721d:0x8aefbd57ef6d5d45!8m2!3d25.0518598!4d121.5273867!16s%2Fg%2F11b7cqtsy0!19sChIJHXKfbmapQjQRRV1t71e974o?authuser=0&hl=zh-TW&rclk=1,0x3442a9666e9f721d:0x8aefbd57ef6d5d45
1598,林家瑋,5,2 年前,"CP值很高的一間火鍋店，菜盤很新鮮乾淨，份量也夠，肉的品質很好，吃完很飽足，特別是花雕雞的湯頭真的好喝，裡面還有雞肉！

",2022-11-21,https://www.google.com.tw/maps/place/%E7%AF%89%E9%96%93%E5%B9%B8%E7%A6%8F%E9%8D%8B%E7%89%A9+%E5%8F%B0%E5%8C%97%E5%8D%97%E4%BA%AC%E4%B8%80%E5%BA%97/data=!4m7!3m6!1s0x3442a9666e9f721d:0x8aefbd57ef6d5d45!8m2!3d25.0518598!4d121.5273867!16s%2Fg%2F11b7cqtsy0!19sChIJHXKfbmapQjQRRV1t71e974o?authuser=0&hl=zh-TW&rclk=1,0x3442a9666e9f721d:0x8aefbd57ef6d5d45
1599,許春富,3,2 年前,"漲價就算了~連湯頭都變差

",2022-11-21,https://www.google.com.tw/maps/place/%E7%AF%89%E9%96%93%E5%B9%B8%E7%A6%8F%E9%8D%8B%E7%89%A9+%E5%8F%B0%E5%8C%97%E5%8D%97%E4%BA%AC%E4%B8%80%E5%BA%97/data=!4m7!3m6!1s0x3442a9666e9f721d:0x8aefbd57ef6d5d45!8m2!3d25.0518598!4d121.5273867!16s%2Fg%2F11b7cqtsy0!19sChIJHXKfbmapQjQRRV1t71e974o?authuser=0&hl=zh-TW&rclk=1,0x3442a9666e9f721d:0x8aefbd57ef6d5d45
1600,Tris Li,1,2 年前,"服務態度差，食物很難吃

",2022-11-21,https://www.google.com.tw/maps/place/%E7%AF%89%E9%96%93%E5%B9%B8%E7%A6%8F%E9%8D%8B%E7%89%A9+%E5%8F%B0%E5%8C%97%E5%8D%97%E4%BA%AC%E4%B8%80%E5%BA%97/data=!4m7!3m6!1s0x3442a9666e9f721d:0x8aefbd57ef6d5d45!8m2!3d25.0518598!4d121.5273867!16s%2Fg%2F11b7cqtsy0!19sChIJHXKfbmapQjQRRV1t71e974o?authuser=0&hl=zh-TW&rclk=1,0x3442a9666e9f721d:0x8aefbd57ef6d5d45
1601,胡瑜萱,5,2 年前,"固定都會來這家店吃  
  
常常被一位優秀的女服務員服務到  
有次太熱講了很多次 反應最後還是她來 才調整好  
覺得每次用餐都很愉快  
今天特地問了她的名字  
慧俞  
給妳讚讚讚

",2022-11-21,https://www.google.com.tw/maps/place/%E7%AF%89%E9%96%93%E5%B9%B8%E7%A6%8F%E9%8D%8B%E7%89%A9+%E5%8F%B0%E5%8C%97%E5%8D%97%E4%BA%AC%E4%B8%80%E5%BA%97/data=!4m7!3m6!1s0x3442a9666e9f721d:0x8aefbd57ef6d5d45!8m2!3d25.0518598!4d121.5273867!16s%2Fg%2F11b7cqtsy0!19sChIJHXKfbmapQjQRRV1t71e974o?authuser=0&hl=zh-TW&rclk=1,0x3442a9666e9f721d:0x8aefbd57ef6d5d45
1602,李Shane,5,2 年前,"聽女朋友中午的服務人員很棒  
然後晚上帶我來吃  
晚上的服務人員慧俞服務非常棒跟貼心  
讚

",2022-11-21,https://www.google.com.tw/maps/place/%E7%AF%89%E9%96%93%E5%B9%B8%E7%A6%8F%E9%8D%8B%E7%89%A9+%E5%8F%B0%E5%8C%97%E5%8D%97%E4%BA%AC%E4%B8%80%E5%BA%97/data=!4m7!3m6!1s0x3442a9666e9f721d:0x8aefbd57ef6d5d45!8m2!3d25.0518598!4d121.5273867!16s%2Fg%2F11b7cqtsy0!19sChIJHXKfbmapQjQRRV1t71e974o?authuser=0&hl=zh-TW&rclk=1,0x3442a9666e9f721d:0x8aefbd57ef6d5d45
1603,Yutzu Lin,5,2 年前,,2022-11-21,https://www.google.com.tw/maps/place/%E7%AF%89%E9%96%93%E5%B9%B8%E7%A6%8F%E9%8D%8B%E7%89%A9+%E5%8F%B0%E5%8C%97%E5%8D%97%E4%BA%AC%E4%B8%80%E5%BA%97/data=!4m7!3m6!1s0x3442a9666e9f721d:0x8aefbd57ef6d5d45!8m2!3d25.0518598!4d121.5273867!16s%2Fg%2F11b7cqtsy0!19sChIJHXKfbmapQjQRRV1t71e974o?authuser=0&hl=zh-TW&rclk=1,0x3442a9666e9f721d:0x8aefbd57ef6d5d45
1604,Y Y,3,2 年前,"聽同事很推薦來吃吃看，牛奶湯頭單喝很香濃，但煮起來還好。火鍋料不錯、肉普通，整體吃起來普通沒有驚艷、且環境滿擁擠的。

",2022-11-21,https://www.google.com.tw/maps/place/%E7%AF%89%E9%96%93%E5%B9%B8%E7%A6%8F%E9%8D%8B%E7%89%A9+%E5%8F%B0%E5%8C%97%E5%8D%97%E4%BA%AC%E4%B8%80%E5%BA%97/data=!4m7!3m6!1s0x3442a9666e9f721d:0x8aefbd57ef6d5d45!8m2!3d25.0518598!4d121.5273867!16s%2Fg%2F11b7cqtsy0!19sChIJHXKfbmapQjQRRV1t71e974o?authuser=0&hl=zh-TW&rclk=1,0x3442a9666e9f721d:0x8aefbd57ef6d5d45
1605,Kelvin Lin,5,2 年前,"平價Cp值高的小火鍋 宵夜好去處

",2022-11-21,https://www.google.com.tw/maps/place/%E7%AF%89%E9%96%93%E5%B9%B8%E7%A6%8F%E9%8D%8B%E7%89%A9+%E5%8F%B0%E5%8C%97%E5%8D%97%E4%BA%AC%E4%B8%80%E5%BA%97/data=!4m7!3m6!1s0x3442a9666e9f721d:0x8aefbd57ef6d5d45!8m2!3d25.0518598!4d121.5273867!16s%2Fg%2F11b7cqtsy0!19sChIJHXKfbmapQjQRRV1t71e974o?authuser=0&hl=zh-TW&rclk=1,0x3442a9666e9f721d:0x8aefbd57ef6d5d45
1606,艾倫Allen.w,1,2 年前,"冷氣完全不冷，反應了之後雖然有調整，但變的更熱了，吃飽後汗如雨下。  
老闆要加油，找人洗一下冷氣不會很難的。

",2022-11-21,https://www.google.com.tw/maps/place/%E7%AF%89%E9%96%93%E5%B9%B8%E7%A6%8F%E9%8D%8B%E7%89%A9+%E5%8F%B0%E5%8C%97%E5%8D%97%E4%BA%AC%E4%B8%80%E5%BA%97/data=!4m7!3m6!1s0x3442a9666e9f721d:0x8aefbd57ef6d5d45!8m2!3d25.0518598!4d121.5273867!16s%2Fg%2F11b7cqtsy0!19sChIJHXKfbmapQjQRRV1t71e974o?authuser=0&hl=zh-TW&rclk=1,0x3442a9666e9f721d:0x8aefbd57ef6d5d45
1607,Fuji Chen,4,2 年前,,2022-11-21,https://www.google.com.tw/maps/place/%E7%AF%89%E9%96%93%E5%B9%B8%E7%A6%8F%E9%8D%8B%E7%89%A9+%E5%8F%B0%E5%8C%97%E5%8D%97%E4%BA%AC%E4%B8%80%E5%BA%97/data=!4m7!3m6!1s0x3442a9666e9f721d:0x8aefbd57ef6d5d45!8m2!3d25.0518598!4d121.5273867!16s%2Fg%2F11b7cqtsy0!19sChIJHXKfbmapQjQRRV1t71e974o?authuser=0&hl=zh-TW&rclk=1,0x3442a9666e9f721d:0x8aefbd57ef6d5d45
1608,許家豪,5,2 年前,,2022-11-21,https://www.google.com.tw/maps/place/%E7%AF%89%E9%96%93%E5%B9%B8%E7%A6%8F%E9%8D%8B%E7%89%A9+%E5%8F%B0%E5%8C%97%E5%8D%97%E4%BA%AC%E4%B8%80%E5%BA%97/data=!4m7!3m6!1s0x3442a9666e9f721d:0x8aefbd57ef6d5d45!8m2!3d25.0518598!4d121.5273867!16s%2Fg%2F11b7cqtsy0!19sChIJHXKfbmapQjQRRV1t71e974o?authuser=0&hl=zh-TW&rclk=1,0x3442a9666e9f721d:0x8aefbd57ef6d5d45
1609,Love蕾妮,4,2 年前,"不錯

",2022-11-21,https://www.google.com.tw/maps/place/%E7%AF%89%E9%96%93%E5%B9%B8%E7%A6%8F%E9%8D%8B%E7%89%A9+%E5%8F%B0%E5%8C%97%E5%8D%97%E4%BA%AC%E4%B8%80%E5%BA%97/data=!4m7!3m6!1s0x3442a9666e9f721d:0x8aefbd57ef6d5d45!8m2!3d25.0518598!4d121.5273867!16s%2Fg%2F11b7cqtsy0!19sChIJHXKfbmapQjQRRV1t71e974o?authuser=0&hl=zh-TW&rclk=1,0x3442a9666e9f721d:0x8aefbd57ef6d5d45
1610,廖宏達,5,2 年前,,2022-11-21,https://www.google.com.tw/maps/place/%E7%AF%89%E9%96%93%E5%B9%B8%E7%A6%8F%E9%8D%8B%E7%89%A9+%E5%8F%B0%E5%8C%97%E5%8D%97%E4%BA%AC%E4%B8%80%E5%BA%97/data=!4m7!3m6!1s0x3442a9666e9f721d:0x8aefbd57ef6d5d45!8m2!3d25.0518598!4d121.5273867!16s%2Fg%2F11b7cqtsy0!19sChIJHXKfbmapQjQRRV1t71e974o?authuser=0&hl=zh-TW&rclk=1,0x3442a9666e9f721d:0x8aefbd57ef6d5d45
1611,Ching Huang,4,2 年前,"點了一個海陸雙拼（雞肉+蛤蜊）  
跟每日限量的老饕牛肉，說是獨特醬料調味過的肉，會事先炒過，但是⋯⋯⋯吃起來就很普啊！味道也沒有說多厲害，根本沒有限量美食的感覺啊⋯⋯  
食材跟環境都很乾淨，有加點一個金縷腐皮，超級好吃，最推薦跟牛奶鍋搭配，牛奶鍋很香濃，配上沙茶或辣醬都超級好吃～

",2022-11-21,https://www.google.com.tw/maps/place/%E7%AF%89%E9%96%93%E5%B9%B8%E7%A6%8F%E9%8D%8B%E7%89%A9+%E5%8F%B0%E5%8C%97%E5%8D%97%E4%BA%AC%E4%B8%80%E5%BA%97/data=!4m7!3m6!1s0x3442a9666e9f721d:0x8aefbd57ef6d5d45!8m2!3d25.0518598!4d121.5273867!16s%2Fg%2F11b7cqtsy0!19sChIJHXKfbmapQjQRRV1t71e974o?authuser=0&hl=zh-TW&rclk=1,0x3442a9666e9f721d:0x8aefbd57ef6d5d45
1612,陳國強,4,2 年前,,2022-11-21,https://www.google.com.tw/maps/place/%E7%AF%89%E9%96%93%E5%B9%B8%E7%A6%8F%E9%8D%8B%E7%89%A9+%E5%8F%B0%E5%8C%97%E5%8D%97%E4%BA%AC%E4%B8%80%E5%BA%97/data=!4m7!3m6!1s0x3442a9666e9f721d:0x8aefbd57ef6d5d45!8m2!3d25.0518598!4d121.5273867!16s%2Fg%2F11b7cqtsy0!19sChIJHXKfbmapQjQRRV1t71e974o?authuser=0&hl=zh-TW&rclk=1,0x3442a9666e9f721d:0x8aefbd57ef6d5d45
1613,天天開心陳小光,5,2 年前,,2022-11-21,https://www.google.com.tw/maps/place/%E7%AF%89%E9%96%93%E5%B9%B8%E7%A6%8F%E9%8D%8B%E7%89%A9+%E5%8F%B0%E5%8C%97%E5%8D%97%E4%BA%AC%E4%B8%80%E5%BA%97/data=!4m7!3m6!1s0x3442a9666e9f721d:0x8aefbd57ef6d5d45!8m2!3d25.0518598!4d121.5273867!16s%2Fg%2F11b7cqtsy0!19sChIJHXKfbmapQjQRRV1t71e974o?authuser=0&hl=zh-TW&rclk=1,0x3442a9666e9f721d:0x8aefbd57ef6d5d45
1614,Liou孜孜,5,2 年前,"奶茶稍淡，餐點美味，冰淇淋多樣化，醬料區有誠意

",2022-11-21,https://www.google.com.tw/maps/place/%E7%AF%89%E9%96%93%E5%B9%B8%E7%A6%8F%E9%8D%8B%E7%89%A9+%E5%8F%B0%E5%8C%97%E5%8D%97%E4%BA%AC%E4%B8%80%E5%BA%97/data=!4m7!3m6!1s0x3442a9666e9f721d:0x8aefbd57ef6d5d45!8m2!3d25.0518598!4d121.5273867!16s%2Fg%2F11b7cqtsy0!19sChIJHXKfbmapQjQRRV1t71e974o?authuser=0&hl=zh-TW&rclk=1,0x3442a9666e9f721d:0x8aefbd57ef6d5d45
1615,Canelo Wu,5,2 年前,"肉質好 價格適中 服務態度良好  
還能集點換各種肉品 每個月必來吃一次的火鍋店

",2022-11-21,https://www.google.com.tw/maps/place/%E7%AF%89%E9%96%93%E5%B9%B8%E7%A6%8F%E9%8D%8B%E7%89%A9+%E5%8F%B0%E5%8C%97%E5%8D%97%E4%BA%AC%E4%B8%80%E5%BA%97/data=!4m7!3m6!1s0x3442a9666e9f721d:0x8aefbd57ef6d5d45!8m2!3d25.0518598!4d121.5273867!16s%2Fg%2F11b7cqtsy0!19sChIJHXKfbmapQjQRRV1t71e974o?authuser=0&hl=zh-TW&rclk=1,0x3442a9666e9f721d:0x8aefbd57ef6d5d45
1616,李摸摸,5,2 年前,"服務態度很好  
餐點也很棒  
加入會員可累積點數  
可兌換正常主餐份量的餐點

",2022-11-21,https://www.google.com.tw/maps/place/%E7%AF%89%E9%96%93%E5%B9%B8%E7%A6%8F%E9%8D%8B%E7%89%A9+%E5%8F%B0%E5%8C%97%E5%8D%97%E4%BA%AC%E4%B8%80%E5%BA%97/data=!4m7!3m6!1s0x3442a9666e9f721d:0x8aefbd57ef6d5d45!8m2!3d25.0518598!4d121.5273867!16s%2Fg%2F11b7cqtsy0!19sChIJHXKfbmapQjQRRV1t71e974o?authuser=0&hl=zh-TW&rclk=1,0x3442a9666e9f721d:0x8aefbd57ef6d5d45
1617,陳啟文,5,2 年前,"服務好食物量多新鮮價位中高

",2022-11-21,https://www.google.com.tw/maps/place/%E7%AF%89%E9%96%93%E5%B9%B8%E7%A6%8F%E9%8D%8B%E7%89%A9+%E5%8F%B0%E5%8C%97%E5%8D%97%E4%BA%AC%E4%B8%80%E5%BA%97/data=!4m7!3m6!1s0x3442a9666e9f721d:0x8aefbd57ef6d5d45!8m2!3d25.0518598!4d121.5273867!16s%2Fg%2F11b7cqtsy0!19sChIJHXKfbmapQjQRRV1t71e974o?authuser=0&hl=zh-TW&rclk=1,0x3442a9666e9f721d:0x8aefbd57ef6d5d45
1618,JIMMY C. HSIAO,5,2 年前,,2022-11-21,https://www.google.com.tw/maps/place/%E7%AF%89%E9%96%93%E5%B9%B8%E7%A6%8F%E9%8D%8B%E7%89%A9+%E5%8F%B0%E5%8C%97%E5%8D%97%E4%BA%AC%E4%B8%80%E5%BA%97/data=!4m7!3m6!1s0x3442a9666e9f721d:0x8aefbd57ef6d5d45!8m2!3d25.0518598!4d121.5273867!16s%2Fg%2F11b7cqtsy0!19sChIJHXKfbmapQjQRRV1t71e974o?authuser=0&hl=zh-TW&rclk=1,0x3442a9666e9f721d:0x8aefbd57ef6d5d45
1619,周韋仁（挖哩勒）,5,2 年前,,2022-11-21,https://www.google.com.tw/maps/place/%E7%AF%89%E9%96%93%E5%B9%B8%E7%A6%8F%E9%8D%8B%E7%89%A9+%E5%8F%B0%E5%8C%97%E5%8D%97%E4%BA%AC%E4%B8%80%E5%BA%97/data=!4m7!3m6!1s0x3442a9666e9f721d:0x8aefbd57ef6d5d45!8m2!3d25.0518598!4d121.5273867!16s%2Fg%2F11b7cqtsy0!19sChIJHXKfbmapQjQRRV1t71e974o?authuser=0&hl=zh-TW&rclk=1,0x3442a9666e9f721d:0x8aefbd57ef6d5d45
1620,張家瑋,4,2 年前,,2022-11-21,https://www.google.com.tw/maps/place/%E7%AF%89%E9%96%93%E5%B9%B8%E7%A6%8F%E9%8D%8B%E7%89%A9+%E5%8F%B0%E5%8C%97%E5%8D%97%E4%BA%AC%E4%B8%80%E5%BA%97/data=!4m7!3m6!1s0x3442a9666e9f721d:0x8aefbd57ef6d5d45!8m2!3d25.0518598!4d121.5273867!16s%2Fg%2F11b7cqtsy0!19sChIJHXKfbmapQjQRRV1t71e974o?authuser=0&hl=zh-TW&rclk=1,0x3442a9666e9f721d:0x8aefbd57ef6d5d45
1621,璿,4,2 年前,,2022-11-21,https://www.google.com.tw/maps/place/%E7%AF%89%E9%96%93%E5%B9%B8%E7%A6%8F%E9%8D%8B%E7%89%A9+%E5%8F%B0%E5%8C%97%E5%8D%97%E4%BA%AC%E4%B8%80%E5%BA%97/data=!4m7!3m6!1s0x3442a9666e9f721d:0x8aefbd57ef6d5d45!8m2!3d25.0518598!4d121.5273867!16s%2Fg%2F11b7cqtsy0!19sChIJHXKfbmapQjQRRV1t71e974o?authuser=0&hl=zh-TW&rclk=1,0x3442a9666e9f721d:0x8aefbd57ef6d5d45
1622,沙也加,4,2 年前,,2022-11-21,https://www.google.com.tw/maps/place/%E7%AF%89%E9%96%93%E5%B9%B8%E7%A6%8F%E9%8D%8B%E7%89%A9+%E5%8F%B0%E5%8C%97%E5%8D%97%E4%BA%AC%E4%B8%80%E5%BA%97/data=!4m7!3m6!1s0x3442a9666e9f721d:0x8aefbd57ef6d5d45!8m2!3d25.0518598!4d121.5273867!16s%2Fg%2F11b7cqtsy0!19sChIJHXKfbmapQjQRRV1t71e974o?authuser=0&hl=zh-TW&rclk=1,0x3442a9666e9f721d:0x8aefbd57ef6d5d45
1623,fj huang (richardhuang),5,2 年前,,2022-11-21,https://www.google.com.tw/maps/place/%E7%AF%89%E9%96%93%E5%B9%B8%E7%A6%8F%E9%8D%8B%E7%89%A9+%E5%8F%B0%E5%8C%97%E5%8D%97%E4%BA%AC%E4%B8%80%E5%BA%97/data=!4m7!3m6!1s0x3442a9666e9f721d:0x8aefbd57ef6d5d45!8m2!3d25.0518598!4d121.5273867!16s%2Fg%2F11b7cqtsy0!19sChIJHXKfbmapQjQRRV1t71e974o?authuser=0&hl=zh-TW&rclk=1,0x3442a9666e9f721d:0x8aefbd57ef6d5d45
1624,Tai Ling Chang (JOSEPHINE),5,2 年前,"來了N次，服務一樣很週到。  
麻辣湯底是中辣程度，不嗜辣者勿輕易嘗試。

",2022-11-21,https://www.google.com.tw/maps/place/%E7%AF%89%E9%96%93%E5%B9%B8%E7%A6%8F%E9%8D%8B%E7%89%A9+%E5%8F%B0%E5%8C%97%E5%8D%97%E4%BA%AC%E4%B8%80%E5%BA%97/data=!4m7!3m6!1s0x3442a9666e9f721d:0x8aefbd57ef6d5d45!8m2!3d25.0518598!4d121.5273867!16s%2Fg%2F11b7cqtsy0!19sChIJHXKfbmapQjQRRV1t71e974o?authuser=0&hl=zh-TW&rclk=1,0x3442a9666e9f721d:0x8aefbd57ef6d5d45
1625,謝菌菌,2,2 年前,"角落兩人座位整場都沒人，想要換兩人位不要並桌被說成那有人定位，到吃完兩個小時都沒有人坐，這理由太牽強了吧！我們依然坐在原本位子，但是希望併桌可以跟朋友面對面，服務員一直強調但是若有人併桌我們會不好出入，但是一整個晚上都沒看到人，座位也沒滿。為什麼整場都沒有再進來客人了，我們卻不能坐更舒適一點?
跟朋友並排坐出入也不會比較好出入呀？  
  
貴公司座位安排不佳讓人掃興，餐點很好吃，結帳人員也很有熱情，唯獨帶位跟點餐服務人員態度強硬，無理說成有理，有待加強跟邏輯訓練。

",2022-11-21,https://www.google.com.tw/maps/place/%E7%AF%89%E9%96%93%E5%B9%B8%E7%A6%8F%E9%8D%8B%E7%89%A9+%E5%8F%B0%E5%8C%97%E5%8D%97%E4%BA%AC%E4%B8%80%E5%BA%97/data=!4m7!3m6!1s0x3442a9666e9f721d:0x8aefbd57ef6d5d45!8m2!3d25.0518598!4d121.5273867!16s%2Fg%2F11b7cqtsy0!19sChIJHXKfbmapQjQRRV1t71e974o?authuser=0&hl=zh-TW&rclk=1,0x3442a9666e9f721d:0x8aefbd57ef6d5d45
1626,胡Bonnie,5,2 年前,"東西好吃，服務週全

",2022-11-21,https://www.google.com.tw/maps/place/%E7%AF%89%E9%96%93%E5%B9%B8%E7%A6%8F%E9%8D%8B%E7%89%A9+%E5%8F%B0%E5%8C%97%E5%8D%97%E4%BA%AC%E4%B8%80%E5%BA%97/data=!4m7!3m6!1s0x3442a9666e9f721d:0x8aefbd57ef6d5d45!8m2!3d25.0518598!4d121.5273867!16s%2Fg%2F11b7cqtsy0!19sChIJHXKfbmapQjQRRV1t71e974o?authuser=0&hl=zh-TW&rclk=1,0x3442a9666e9f721d:0x8aefbd57ef6d5d45
1627,Shu-wen Chang,5,2 年前,,2022-11-21,https://www.google.com.tw/maps/place/%E7%AF%89%E9%96%93%E5%B9%B8%E7%A6%8F%E9%8D%8B%E7%89%A9+%E5%8F%B0%E5%8C%97%E5%8D%97%E4%BA%AC%E4%B8%80%E5%BA%97/data=!4m7!3m6!1s0x3442a9666e9f721d:0x8aefbd57ef6d5d45!8m2!3d25.0518598!4d121.5273867!16s%2Fg%2F11b7cqtsy0!19sChIJHXKfbmapQjQRRV1t71e974o?authuser=0&hl=zh-TW&rclk=1,0x3442a9666e9f721d:0x8aefbd57ef6d5d45
1628,LEI LIU,5,2 年前,"因為朋友大推所以來吃～  
是單點的，在台北來說這CP值真的蠻高的耶～  
吃的很飽，價格合理  
加入會員又送點數可以換肉或海鮮等等～  
來的份量也是很有誠意，  
大家可以一起分享的那種量✔️  
每次吃又還會再送點數，之後去又可以換～  
更驚豔的是點牛奶鍋加湯是加牛奶湯不是清湯  
這點真的蠻推的  
是還會想要再訪的鍋物餐廳唷

",2022-11-21,https://www.google.com.tw/maps/place/%E7%AF%89%E9%96%93%E5%B9%B8%E7%A6%8F%E9%8D%8B%E7%89%A9+%E5%8F%B0%E5%8C%97%E5%8D%97%E4%BA%AC%E4%B8%80%E5%BA%97/data=!4m7!3m6!1s0x3442a9666e9f721d:0x8aefbd57ef6d5d45!8m2!3d25.0518598!4d121.5273867!16s%2Fg%2F11b7cqtsy0!19sChIJHXKfbmapQjQRRV1t71e974o?authuser=0&hl=zh-TW&rclk=1,0x3442a9666e9f721d:0x8aefbd57ef6d5d45
1629,memphis lin,5,2 年前,"好吃，CP值高。

",2022-11-21,https://www.google.com.tw/maps/place/%E7%AF%89%E9%96%93%E5%B9%B8%E7%A6%8F%E9%8D%8B%E7%89%A9+%E5%8F%B0%E5%8C%97%E5%8D%97%E4%BA%AC%E4%B8%80%E5%BA%97/data=!4m7!3m6!1s0x3442a9666e9f721d:0x8aefbd57ef6d5d45!8m2!3d25.0518598!4d121.5273867!16s%2Fg%2F11b7cqtsy0!19sChIJHXKfbmapQjQRRV1t71e974o?authuser=0&hl=zh-TW&rclk=1,0x3442a9666e9f721d:0x8aefbd57ef6d5d45
1630,賴奕霖,5,2 年前,,2022-11-21,https://www.google.com.tw/maps/place/%E7%AF%89%E9%96%93%E5%B9%B8%E7%A6%8F%E9%8D%8B%E7%89%A9+%E5%8F%B0%E5%8C%97%E5%8D%97%E4%BA%AC%E4%B8%80%E5%BA%97/data=!4m7!3m6!1s0x3442a9666e9f721d:0x8aefbd57ef6d5d45!8m2!3d25.0518598!4d121.5273867!16s%2Fg%2F11b7cqtsy0!19sChIJHXKfbmapQjQRRV1t71e974o?authuser=0&hl=zh-TW&rclk=1,0x3442a9666e9f721d:0x8aefbd57ef6d5d45
1631,Kevin Hsu,5,2 年前,"牛奶鍋+腐皮好吃爆，每個人敢吃的應該都試試

",2022-11-21,https://www.google.com.tw/maps/place/%E7%AF%89%E9%96%93%E5%B9%B8%E7%A6%8F%E9%8D%8B%E7%89%A9+%E5%8F%B0%E5%8C%97%E5%8D%97%E4%BA%AC%E4%B8%80%E5%BA%97/data=!4m7!3m6!1s0x3442a9666e9f721d:0x8aefbd57ef6d5d45!8m2!3d25.0518598!4d121.5273867!16s%2Fg%2F11b7cqtsy0!19sChIJHXKfbmapQjQRRV1t71e974o?authuser=0&hl=zh-TW&rclk=1,0x3442a9666e9f721d:0x8aefbd57ef6d5d45
1632,Champion Lin,4,2 年前,"價位適合上班族來吃，雖然不是吃到飽，但食材算不錯，整個吃下來還算飽，空間還算寬敞！

",2022-11-21,https://www.google.com.tw/maps/place/%E7%AF%89%E9%96%93%E5%B9%B8%E7%A6%8F%E9%8D%8B%E7%89%A9+%E5%8F%B0%E5%8C%97%E5%8D%97%E4%BA%AC%E4%B8%80%E5%BA%97/data=!4m7!3m6!1s0x3442a9666e9f721d:0x8aefbd57ef6d5d45!8m2!3d25.0518598!4d121.5273867!16s%2Fg%2F11b7cqtsy0!19sChIJHXKfbmapQjQRRV1t71e974o?authuser=0&hl=zh-TW&rclk=1,0x3442a9666e9f721d:0x8aefbd57ef6d5d45
1633,Momo,5,2 年前,"我們都去樓上吃...環境很好 去第二次外場妹妹就記住我的喜好~會主動記住客人 還有小貼心....都讓我覺得很棒!!!! 會一直來注意我們的餐桌上需不需要加湯
需不需要什麼...馬上幫我們補...有空檔也會來跟我們聊天....我覺得超棒的啊!!!!!
特地要了這兩位外場妹妹的名字...宥瑄跟子萩....長的超級口愛服務超好....真的不推不行~~~希望大家能夠體貼一下服務業的辛苦....不要扼殺了小朋友對餐飲業的熱情~這樣的服務態度真的是很直接獎賞的..

",2022-11-21,https://www.google.com.tw/maps/place/%E7%AF%89%E9%96%93%E5%B9%B8%E7%A6%8F%E9%8D%8B%E7%89%A9+%E5%8F%B0%E5%8C%97%E5%8D%97%E4%BA%AC%E4%B8%80%E5%BA%97/data=!4m7!3m6!1s0x3442a9666e9f721d:0x8aefbd57ef6d5d45!8m2!3d25.0518598!4d121.5273867!16s%2Fg%2F11b7cqtsy0!19sChIJHXKfbmapQjQRRV1t71e974o?authuser=0&hl=zh-TW&rclk=1,0x3442a9666e9f721d:0x8aefbd57ef6d5d45
1634,Amain阿綿仔,5,2 年前,,2022-11-21,https://www.google.com.tw/maps/place/%E7%AF%89%E9%96%93%E5%B9%B8%E7%A6%8F%E9%8D%8B%E7%89%A9+%E5%8F%B0%E5%8C%97%E5%8D%97%E4%BA%AC%E4%B8%80%E5%BA%97/data=!4m7!3m6!1s0x3442a9666e9f721d:0x8aefbd57ef6d5d45!8m2!3d25.0518598!4d121.5273867!16s%2Fg%2F11b7cqtsy0!19sChIJHXKfbmapQjQRRV1t71e974o?authuser=0&hl=zh-TW&rclk=1,0x3442a9666e9f721d:0x8aefbd57ef6d5d45
1635,張嘉晟,5,2 年前,"在這用餐的感覺很好，  
食材也不錯，環境也很好呀⋯⋯  
在場的工作人員，態度也極好，  
只是不知道一些說態度差的人，到底在想什麼  
疫情未退燒，工作人員該做的也都有做到  
如果怕被傳染，是否考慮就別出門了呢！  
  
服務業的苦，可能沒接觸過的，是沒辦法想像的  
外場的兩位工作人員（0子萩、0宥萱）  
很有禮貌，這應該是目前少有的態度  
工作人員的每句話都是對客人的尊重  
客人一句簡單的謝謝、麻煩與不好意思  
也是一種相對的禮貌。

",2022-11-21,https://www.google.com.tw/maps/place/%E7%AF%89%E9%96%93%E5%B9%B8%E7%A6%8F%E9%8D%8B%E7%89%A9+%E5%8F%B0%E5%8C%97%E5%8D%97%E4%BA%AC%E4%B8%80%E5%BA%97/data=!4m7!3m6!1s0x3442a9666e9f721d:0x8aefbd57ef6d5d45!8m2!3d25.0518598!4d121.5273867!16s%2Fg%2F11b7cqtsy0!19sChIJHXKfbmapQjQRRV1t71e974o?authuser=0&hl=zh-TW&rclk=1,0x3442a9666e9f721d:0x8aefbd57ef6d5d45
1636,Jacky Chen,3,2 年前,,2022-11-21,https://www.google.com.tw/maps/place/%E7%AF%89%E9%96%93%E5%B9%B8%E7%A6%8F%E9%8D%8B%E7%89%A9+%E5%8F%B0%E5%8C%97%E5%8D%97%E4%BA%AC%E4%B8%80%E5%BA%97/data=!4m7!3m6!1s0x3442a9666e9f721d:0x8aefbd57ef6d5d45!8m2!3d25.0518598!4d121.5273867!16s%2Fg%2F11b7cqtsy0!19sChIJHXKfbmapQjQRRV1t71e974o?authuser=0&hl=zh-TW&rclk=1,0x3442a9666e9f721d:0x8aefbd57ef6d5d45
1637,Sean,4,2 年前,"湯頭好，肉質不錯，價格也便宜。算是CP值高的店。加上店員子萩的服務也很好，所以覺得還不錯。

",2022-11-21,https://www.google.com.tw/maps/place/%E7%AF%89%E9%96%93%E5%B9%B8%E7%A6%8F%E9%8D%8B%E7%89%A9+%E5%8F%B0%E5%8C%97%E5%8D%97%E4%BA%AC%E4%B8%80%E5%BA%97/data=!4m7!3m6!1s0x3442a9666e9f721d:0x8aefbd57ef6d5d45!8m2!3d25.0518598!4d121.5273867!16s%2Fg%2F11b7cqtsy0!19sChIJHXKfbmapQjQRRV1t71e974o?authuser=0&hl=zh-TW&rclk=1,0x3442a9666e9f721d:0x8aefbd57ef6d5d45
1638,周秀美,5,2 年前,"今天與朋友在2樓用餐，環境良好，食材新鮮，服務人員楊子萩小姐服務很親切。

",2022-11-21,https://www.google.com.tw/maps/place/%E7%AF%89%E9%96%93%E5%B9%B8%E7%A6%8F%E9%8D%8B%E7%89%A9+%E5%8F%B0%E5%8C%97%E5%8D%97%E4%BA%AC%E4%B8%80%E5%BA%97/data=!4m7!3m6!1s0x3442a9666e9f721d:0x8aefbd57ef6d5d45!8m2!3d25.0518598!4d121.5273867!16s%2Fg%2F11b7cqtsy0!19sChIJHXKfbmapQjQRRV1t71e974o?authuser=0&hl=zh-TW&rclk=1,0x3442a9666e9f721d:0x8aefbd57ef6d5d45
1639,EMMA CHIEN,5,2 年前,"中午來吃飯，楊小姐很照顧我們，一直來關心我們的用餐狀況，我也是常客 ，非常親切，很推薦這家店，火鍋好吃，服務也很棒，楊小姐很讚！推薦推薦

",2022-11-21,https://www.google.com.tw/maps/place/%E7%AF%89%E9%96%93%E5%B9%B8%E7%A6%8F%E9%8D%8B%E7%89%A9+%E5%8F%B0%E5%8C%97%E5%8D%97%E4%BA%AC%E4%B8%80%E5%BA%97/data=!4m7!3m6!1s0x3442a9666e9f721d:0x8aefbd57ef6d5d45!8m2!3d25.0518598!4d121.5273867!16s%2Fg%2F11b7cqtsy0!19sChIJHXKfbmapQjQRRV1t71e974o?authuser=0&hl=zh-TW&rclk=1,0x3442a9666e9f721d:0x8aefbd57ef6d5d45
1640,謝逢麟,5,2 年前,,2022-11-21,https://www.google.com.tw/maps/place/%E7%AF%89%E9%96%93%E5%B9%B8%E7%A6%8F%E9%8D%8B%E7%89%A9+%E5%8F%B0%E5%8C%97%E5%8D%97%E4%BA%AC%E4%B8%80%E5%BA%97/data=!4m7!3m6!1s0x3442a9666e9f721d:0x8aefbd57ef6d5d45!8m2!3d25.0518598!4d121.5273867!16s%2Fg%2F11b7cqtsy0!19sChIJHXKfbmapQjQRRV1t71e974o?authuser=0&hl=zh-TW&rclk=1,0x3442a9666e9f721d:0x8aefbd57ef6d5d45
1641,吳可凡,1,2 年前,"其他分店都很不錯 只有這間 態度有夠差  
楊姓女服務生點餐不知道在兇啥

",2022-11-21,https://www.google.com.tw/maps/place/%E7%AF%89%E9%96%93%E5%B9%B8%E7%A6%8F%E9%8D%8B%E7%89%A9+%E5%8F%B0%E5%8C%97%E5%8D%97%E4%BA%AC%E4%B8%80%E5%BA%97/data=!4m7!3m6!1s0x3442a9666e9f721d:0x8aefbd57ef6d5d45!8m2!3d25.0518598!4d121.5273867!16s%2Fg%2F11b7cqtsy0!19sChIJHXKfbmapQjQRRV1t71e974o?authuser=0&hl=zh-TW&rclk=1,0x3442a9666e9f721d:0x8aefbd57ef6d5d45
1642,張紫頤,1,2 年前,"只是詢問一下 楊女服務態度有夠差！氣都氣飽了

",2022-11-21,https://www.google.com.tw/maps/place/%E7%AF%89%E9%96%93%E5%B9%B8%E7%A6%8F%E9%8D%8B%E7%89%A9+%E5%8F%B0%E5%8C%97%E5%8D%97%E4%BA%AC%E4%B8%80%E5%BA%97/data=!4m7!3m6!1s0x3442a9666e9f721d:0x8aefbd57ef6d5d45!8m2!3d25.0518598!4d121.5273867!16s%2Fg%2F11b7cqtsy0!19sChIJHXKfbmapQjQRRV1t71e974o?authuser=0&hl=zh-TW&rclk=1,0x3442a9666e9f721d:0x8aefbd57ef6d5d45
1643,B ai,1,2 年前,"服務態度有夠差

",2022-11-21,https://www.google.com.tw/maps/place/%E7%AF%89%E9%96%93%E5%B9%B8%E7%A6%8F%E9%8D%8B%E7%89%A9+%E5%8F%B0%E5%8C%97%E5%8D%97%E4%BA%AC%E4%B8%80%E5%BA%97/data=!4m7!3m6!1s0x3442a9666e9f721d:0x8aefbd57ef6d5d45!8m2!3d25.0518598!4d121.5273867!16s%2Fg%2F11b7cqtsy0!19sChIJHXKfbmapQjQRRV1t71e974o?authuser=0&hl=zh-TW&rclk=1,0x3442a9666e9f721d:0x8aefbd57ef6d5d45
1644,Wanju Chien,5,2 年前,,2022-11-21,https://www.google.com.tw/maps/place/%E7%AF%89%E9%96%93%E5%B9%B8%E7%A6%8F%E9%8D%8B%E7%89%A9+%E5%8F%B0%E5%8C%97%E5%8D%97%E4%BA%AC%E4%B8%80%E5%BA%97/data=!4m7!3m6!1s0x3442a9666e9f721d:0x8aefbd57ef6d5d45!8m2!3d25.0518598!4d121.5273867!16s%2Fg%2F11b7cqtsy0!19sChIJHXKfbmapQjQRRV1t71e974o?authuser=0&hl=zh-TW&rclk=1,0x3442a9666e9f721d:0x8aefbd57ef6d5d45
1645,Eric chu,1,2 年前,"觀感不好疫情關係還要共桌.質量差  
隔板都沒有.服務很差  
其他分店可以考慮這間就別想  
沾醬碗看起來就是沒洗乾淨還有卡垢.還有異物  
品質真的是隨隨便便

",2022-11-21,https://www.google.com.tw/maps/place/%E7%AF%89%E9%96%93%E5%B9%B8%E7%A6%8F%E9%8D%8B%E7%89%A9+%E5%8F%B0%E5%8C%97%E5%8D%97%E4%BA%AC%E4%B8%80%E5%BA%97/data=!4m7!3m6!1s0x3442a9666e9f721d:0x8aefbd57ef6d5d45!8m2!3d25.0518598!4d121.5273867!16s%2Fg%2F11b7cqtsy0!19sChIJHXKfbmapQjQRRV1t71e974o?authuser=0&hl=zh-TW&rclk=1,0x3442a9666e9f721d:0x8aefbd57ef6d5d45
1646,Cheng Wang,5,2 年前,,2022-11-21,https://www.google.com.tw/maps/place/%E7%AF%89%E9%96%93%E5%B9%B8%E7%A6%8F%E9%8D%8B%E7%89%A9+%E5%8F%B0%E5%8C%97%E5%8D%97%E4%BA%AC%E4%B8%80%E5%BA%97/data=!4m7!3m6!1s0x3442a9666e9f721d:0x8aefbd57ef6d5d45!8m2!3d25.0518598!4d121.5273867!16s%2Fg%2F11b7cqtsy0!19sChIJHXKfbmapQjQRRV1t71e974o?authuser=0&hl=zh-TW&rclk=1,0x3442a9666e9f721d:0x8aefbd57ef6d5d45
1647,江流浪,4,2 年前,,2022-11-21,https://www.google.com.tw/maps/place/%E7%AF%89%E9%96%93%E5%B9%B8%E7%A6%8F%E9%8D%8B%E7%89%A9+%E5%8F%B0%E5%8C%97%E5%8D%97%E4%BA%AC%E4%B8%80%E5%BA%97/data=!4m7!3m6!1s0x3442a9666e9f721d:0x8aefbd57ef6d5d45!8m2!3d25.0518598!4d121.5273867!16s%2Fg%2F11b7cqtsy0!19sChIJHXKfbmapQjQRRV1t71e974o?authuser=0&hl=zh-TW&rclk=1,0x3442a9666e9f721d:0x8aefbd57ef6d5d45
1648,coco cats,3,2 年前,,2022-11-21,https://www.google.com.tw/maps/place/%E7%AF%89%E9%96%93%E5%B9%B8%E7%A6%8F%E9%8D%8B%E7%89%A9+%E5%8F%B0%E5%8C%97%E5%8D%97%E4%BA%AC%E4%B8%80%E5%BA%97/data=!4m7!3m6!1s0x3442a9666e9f721d:0x8aefbd57ef6d5d45!8m2!3d25.0518598!4d121.5273867!16s%2Fg%2F11b7cqtsy0!19sChIJHXKfbmapQjQRRV1t71e974o?authuser=0&hl=zh-TW&rclk=1,0x3442a9666e9f721d:0x8aefbd57ef6d5d45
1649,陳大砲,5,2 年前,"好吃

",2022-11-21,https://www.google.com.tw/maps/place/%E7%AF%89%E9%96%93%E5%B9%B8%E7%A6%8F%E9%8D%8B%E7%89%A9+%E5%8F%B0%E5%8C%97%E5%8D%97%E4%BA%AC%E4%B8%80%E5%BA%97/data=!4m7!3m6!1s0x3442a9666e9f721d:0x8aefbd57ef6d5d45!8m2!3d25.0518598!4d121.5273867!16s%2Fg%2F11b7cqtsy0!19sChIJHXKfbmapQjQRRV1t71e974o?authuser=0&hl=zh-TW&rclk=1,0x3442a9666e9f721d:0x8aefbd57ef6d5d45
1650,李波妞,2,2 年前,"湯頭有頭髮，店員幫我們直接換一個湯不斷向我們道歉並且附上菜盤到這裡非常值得讚賞！  
但原本竹間是一直很喜愛的店，但不知道怎麼了湯頭味道跟一剛開始吃的味道差異很大！肉的口感也完全不知道在吃什麼一夾就碎⋯很可惜

",2022-11-21,https://www.google.com.tw/maps/place/%E7%AF%89%E9%96%93%E5%B9%B8%E7%A6%8F%E9%8D%8B%E7%89%A9+%E5%8F%B0%E5%8C%97%E5%8D%97%E4%BA%AC%E4%B8%80%E5%BA%97/data=!4m7!3m6!1s0x3442a9666e9f721d:0x8aefbd57ef6d5d45!8m2!3d25.0518598!4d121.5273867!16s%2Fg%2F11b7cqtsy0!19sChIJHXKfbmapQjQRRV1t71e974o?authuser=0&hl=zh-TW&rclk=1,0x3442a9666e9f721d:0x8aefbd57ef6d5d45
1651,谷式ケンヂ,3,2 年前,"(由 Google 提供翻譯) 我去了兩次調味品和醬料的自助餐風格很好。牛肉是台灣品質。  
  
(原始評論)  
2回行きました。薬味やタレのビュッフェスタイルなのが良い。牛肉は台湾のクオリティー。

",2022-11-21,https://www.google.com.tw/maps/place/%E7%AF%89%E9%96%93%E5%B9%B8%E7%A6%8F%E9%8D%8B%E7%89%A9+%E5%8F%B0%E5%8C%97%E5%8D%97%E4%BA%AC%E4%B8%80%E5%BA%97/data=!4m7!3m6!1s0x3442a9666e9f721d:0x8aefbd57ef6d5d45!8m2!3d25.0518598!4d121.5273867!16s%2Fg%2F11b7cqtsy0!19sChIJHXKfbmapQjQRRV1t71e974o?authuser=0&hl=zh-TW&rclk=1,0x3442a9666e9f721d:0x8aefbd57ef6d5d45
1652,Felix,4,2 年前,,2022-11-21,https://www.google.com.tw/maps/place/%E7%AF%89%E9%96%93%E5%B9%B8%E7%A6%8F%E9%8D%8B%E7%89%A9+%E5%8F%B0%E5%8C%97%E5%8D%97%E4%BA%AC%E4%B8%80%E5%BA%97/data=!4m7!3m6!1s0x3442a9666e9f721d:0x8aefbd57ef6d5d45!8m2!3d25.0518598!4d121.5273867!16s%2Fg%2F11b7cqtsy0!19sChIJHXKfbmapQjQRRV1t71e974o?authuser=0&hl=zh-TW&rclk=1,0x3442a9666e9f721d:0x8aefbd57ef6d5d45
1653,Jessica Yang,1,2 年前,"這間吃了好幾年，是我的愛店  
這次坐二樓，發現質量變差了  
今日兩人用餐，說要幫我們併桌，有隔板，也沒幫我們加上去  
服務生態度非常不好（林xx）沒看清楚全名  
吃東西才剛滿一小時就在提醒我們用餐時間快到了  
上餐速度很慢，我們等了要25分左右餐才全部上完  
菜盤都要吃光，肉就是一直沒上來  
尤其一直趕我們，用餐80分的時候一直跑過來趕：後面有訂位怎樣怎樣的！怎麼自己上菜慢不扣掉時間呢？  
強烈建議要吃這間，建議選其他分店！目前吃到所有分店，只有台北農安店，服務上菜等等讓我比較滿意  
如果是想吃美食，強烈建議不要來這間  
完全變了樣子，失望透頂，也吃到一肚子氣  
這間已經吃了四五年多，遇到這樣事情，真的太荒唐了！

",2022-11-21,https://www.google.com.tw/maps/place/%E7%AF%89%E9%96%93%E5%B9%B8%E7%A6%8F%E9%8D%8B%E7%89%A9+%E5%8F%B0%E5%8C%97%E5%8D%97%E4%BA%AC%E4%B8%80%E5%BA%97/data=!4m7!3m6!1s0x3442a9666e9f721d:0x8aefbd57ef6d5d45!8m2!3d25.0518598!4d121.5273867!16s%2Fg%2F11b7cqtsy0!19sChIJHXKfbmapQjQRRV1t71e974o?authuser=0&hl=zh-TW&rclk=1,0x3442a9666e9f721d:0x8aefbd57ef6d5d45
1654,Jiajia Wu (Jiajia),5,2 年前,,2022-11-21,https://www.google.com.tw/maps/place/%E7%AF%89%E9%96%93%E5%B9%B8%E7%A6%8F%E9%8D%8B%E7%89%A9+%E5%8F%B0%E5%8C%97%E5%8D%97%E4%BA%AC%E4%B8%80%E5%BA%97/data=!4m7!3m6!1s0x3442a9666e9f721d:0x8aefbd57ef6d5d45!8m2!3d25.0518598!4d121.5273867!16s%2Fg%2F11b7cqtsy0!19sChIJHXKfbmapQjQRRV1t71e974o?authuser=0&hl=zh-TW&rclk=1,0x3442a9666e9f721d:0x8aefbd57ef6d5d45
1655,C.C.,4,2 年前,"Cp高，但服務態度有待加強

",2022-11-21,https://www.google.com.tw/maps/place/%E7%AF%89%E9%96%93%E5%B9%B8%E7%A6%8F%E9%8D%8B%E7%89%A9+%E5%8F%B0%E5%8C%97%E5%8D%97%E4%BA%AC%E4%B8%80%E5%BA%97/data=!4m7!3m6!1s0x3442a9666e9f721d:0x8aefbd57ef6d5d45!8m2!3d25.0518598!4d121.5273867!16s%2Fg%2F11b7cqtsy0!19sChIJHXKfbmapQjQRRV1t71e974o?authuser=0&hl=zh-TW&rclk=1,0x3442a9666e9f721d:0x8aefbd57ef6d5d45
1656,沈思惟,4,2 年前,,2022-11-21,https://www.google.com.tw/maps/place/%E7%AF%89%E9%96%93%E5%B9%B8%E7%A6%8F%E9%8D%8B%E7%89%A9+%E5%8F%B0%E5%8C%97%E5%8D%97%E4%BA%AC%E4%B8%80%E5%BA%97/data=!4m7!3m6!1s0x3442a9666e9f721d:0x8aefbd57ef6d5d45!8m2!3d25.0518598!4d121.5273867!16s%2Fg%2F11b7cqtsy0!19sChIJHXKfbmapQjQRRV1t71e974o?authuser=0&hl=zh-TW&rclk=1,0x3442a9666e9f721d:0x8aefbd57ef6d5d45
1657,emij chang,4,2 年前,"石頭湯頭最優，吃肉不要選海鮮，ㄧ般的肉質新鮮。

",2022-11-21,https://www.google.com.tw/maps/place/%E7%AF%89%E9%96%93%E5%B9%B8%E7%A6%8F%E9%8D%8B%E7%89%A9+%E5%8F%B0%E5%8C%97%E5%8D%97%E4%BA%AC%E4%B8%80%E5%BA%97/data=!4m7!3m6!1s0x3442a9666e9f721d:0x8aefbd57ef6d5d45!8m2!3d25.0518598!4d121.5273867!16s%2Fg%2F11b7cqtsy0!19sChIJHXKfbmapQjQRRV1t71e974o?authuser=0&hl=zh-TW&rclk=1,0x3442a9666e9f721d:0x8aefbd57ef6d5d45
1658,孔子,5,2 年前,"好吃服務好！

",2022-11-21,https://www.google.com.tw/maps/place/%E7%AF%89%E9%96%93%E5%B9%B8%E7%A6%8F%E9%8D%8B%E7%89%A9+%E5%8F%B0%E5%8C%97%E5%8D%97%E4%BA%AC%E4%B8%80%E5%BA%97/data=!4m7!3m6!1s0x3442a9666e9f721d:0x8aefbd57ef6d5d45!8m2!3d25.0518598!4d121.5273867!16s%2Fg%2F11b7cqtsy0!19sChIJHXKfbmapQjQRRV1t71e974o?authuser=0&hl=zh-TW&rclk=1,0x3442a9666e9f721d:0x8aefbd57ef6d5d45
1659,Michael,5,2 年前,,2022-11-21,https://www.google.com.tw/maps/place/%E7%AF%89%E9%96%93%E5%B9%B8%E7%A6%8F%E9%8D%8B%E7%89%A9+%E5%8F%B0%E5%8C%97%E5%8D%97%E4%BA%AC%E4%B8%80%E5%BA%97/data=!4m7!3m6!1s0x3442a9666e9f721d:0x8aefbd57ef6d5d45!8m2!3d25.0518598!4d121.5273867!16s%2Fg%2F11b7cqtsy0!19sChIJHXKfbmapQjQRRV1t71e974o?authuser=0&hl=zh-TW&rclk=1,0x3442a9666e9f721d:0x8aefbd57ef6d5d45
1660,心妤羅,1,2 年前,"4/28晚上約莫11點多來用餐  
從一開始進門口的男店員態度有夠差  
還沒戴口罩^_^  
後來桌邊服務的店員態度也是不知道欠你幾百萬  
如果上班上的這麼不開心不想服務客人可以不要出來互相傷害^_^

",2022-11-21,https://www.google.com.tw/maps/place/%E7%AF%89%E9%96%93%E5%B9%B8%E7%A6%8F%E9%8D%8B%E7%89%A9+%E5%8F%B0%E5%8C%97%E5%8D%97%E4%BA%AC%E4%B8%80%E5%BA%97/data=!4m7!3m6!1s0x3442a9666e9f721d:0x8aefbd57ef6d5d45!8m2!3d25.0518598!4d121.5273867!16s%2Fg%2F11b7cqtsy0!19sChIJHXKfbmapQjQRRV1t71e974o?authuser=0&hl=zh-TW&rclk=1,0x3442a9666e9f721d:0x8aefbd57ef6d5d45
1661,Joseph Chen,3,2 年前,"男店員穿制服在店門口抽菸，好像有損形象耶

",2022-11-21,https://www.google.com.tw/maps/place/%E7%AF%89%E9%96%93%E5%B9%B8%E7%A6%8F%E9%8D%8B%E7%89%A9+%E5%8F%B0%E5%8C%97%E5%8D%97%E4%BA%AC%E4%B8%80%E5%BA%97/data=!4m7!3m6!1s0x3442a9666e9f721d:0x8aefbd57ef6d5d45!8m2!3d25.0518598!4d121.5273867!16s%2Fg%2F11b7cqtsy0!19sChIJHXKfbmapQjQRRV1t71e974o?authuser=0&hl=zh-TW&rclk=1,0x3442a9666e9f721d:0x8aefbd57ef6d5d45
1662,mi,1,2 年前,"109/04/26  
因為客滿要跟別人併桌,中間也沒隔板  
說好的社交安全距離呢?  
看來店家為了賺錢並不在乎這件事情  
後來我們就離開了並沒有用餐  
  
但是這件事情毀了這間店在我心中的美好

",2022-11-21,https://www.google.com.tw/maps/place/%E7%AF%89%E9%96%93%E5%B9%B8%E7%A6%8F%E9%8D%8B%E7%89%A9+%E5%8F%B0%E5%8C%97%E5%8D%97%E4%BA%AC%E4%B8%80%E5%BA%97/data=!4m7!3m6!1s0x3442a9666e9f721d:0x8aefbd57ef6d5d45!8m2!3d25.0518598!4d121.5273867!16s%2Fg%2F11b7cqtsy0!19sChIJHXKfbmapQjQRRV1t71e974o?authuser=0&hl=zh-TW&rclk=1,0x3442a9666e9f721d:0x8aefbd57ef6d5d45
1663,Henry,3,2 年前,,2022-11-21,https://www.google.com.tw/maps/place/%E7%AF%89%E9%96%93%E5%B9%B8%E7%A6%8F%E9%8D%8B%E7%89%A9+%E5%8F%B0%E5%8C%97%E5%8D%97%E4%BA%AC%E4%B8%80%E5%BA%97/data=!4m7!3m6!1s0x3442a9666e9f721d:0x8aefbd57ef6d5d45!8m2!3d25.0518598!4d121.5273867!16s%2Fg%2F11b7cqtsy0!19sChIJHXKfbmapQjQRRV1t71e974o?authuser=0&hl=zh-TW&rclk=1,0x3442a9666e9f721d:0x8aefbd57ef6d5d45
1664,songa shi,5,2 年前,"男服務員就算很忙也給予最好的服務  
辛苦了～

",2022-11-21,https://www.google.com.tw/maps/place/%E7%AF%89%E9%96%93%E5%B9%B8%E7%A6%8F%E9%8D%8B%E7%89%A9+%E5%8F%B0%E5%8C%97%E5%8D%97%E4%BA%AC%E4%B8%80%E5%BA%97/data=!4m7!3m6!1s0x3442a9666e9f721d:0x8aefbd57ef6d5d45!8m2!3d25.0518598!4d121.5273867!16s%2Fg%2F11b7cqtsy0!19sChIJHXKfbmapQjQRRV1t71e974o?authuser=0&hl=zh-TW&rclk=1,0x3442a9666e9f721d:0x8aefbd57ef6d5d45
1665,Elsa Fang,5,2 年前,,2022-11-21,https://www.google.com.tw/maps/place/%E7%AF%89%E9%96%93%E5%B9%B8%E7%A6%8F%E9%8D%8B%E7%89%A9+%E5%8F%B0%E5%8C%97%E5%8D%97%E4%BA%AC%E4%B8%80%E5%BA%97/data=!4m7!3m6!1s0x3442a9666e9f721d:0x8aefbd57ef6d5d45!8m2!3d25.0518598!4d121.5273867!16s%2Fg%2F11b7cqtsy0!19sChIJHXKfbmapQjQRRV1t71e974o?authuser=0&hl=zh-TW&rclk=1,0x3442a9666e9f721d:0x8aefbd57ef6d5d45
1666,Bo Ray,3,2 年前,"石頭湯底好像跟別家分店不同、不是在座位幫你料理，而是炒好直接幫你上桌。海鮮總匯鍋果然超級澎拜，花枝、巨無霸草蝦、生蠔等頂級食材讓人食指大動！

",2022-11-21,https://www.google.com.tw/maps/place/%E7%AF%89%E9%96%93%E5%B9%B8%E7%A6%8F%E9%8D%8B%E7%89%A9+%E5%8F%B0%E5%8C%97%E5%8D%97%E4%BA%AC%E4%B8%80%E5%BA%97/data=!4m7!3m6!1s0x3442a9666e9f721d:0x8aefbd57ef6d5d45!8m2!3d25.0518598!4d121.5273867!16s%2Fg%2F11b7cqtsy0!19sChIJHXKfbmapQjQRRV1t71e974o?authuser=0&hl=zh-TW&rclk=1,0x3442a9666e9f721d:0x8aefbd57ef6d5d45
1667,邱冰冰,5,2 年前,,2022-11-21,https://www.google.com.tw/maps/place/%E7%AF%89%E9%96%93%E5%B9%B8%E7%A6%8F%E9%8D%8B%E7%89%A9+%E5%8F%B0%E5%8C%97%E5%8D%97%E4%BA%AC%E4%B8%80%E5%BA%97/data=!4m7!3m6!1s0x3442a9666e9f721d:0x8aefbd57ef6d5d45!8m2!3d25.0518598!4d121.5273867!16s%2Fg%2F11b7cqtsy0!19sChIJHXKfbmapQjQRRV1t71e974o?authuser=0&hl=zh-TW&rclk=1,0x3442a9666e9f721d:0x8aefbd57ef6d5d45
1668,翁漫雅,5,2 年前,"海鮮食材新鮮..服務ok

",2022-11-21,https://www.google.com.tw/maps/place/%E7%AF%89%E9%96%93%E5%B9%B8%E7%A6%8F%E9%8D%8B%E7%89%A9+%E5%8F%B0%E5%8C%97%E5%8D%97%E4%BA%AC%E4%B8%80%E5%BA%97/data=!4m7!3m6!1s0x3442a9666e9f721d:0x8aefbd57ef6d5d45!8m2!3d25.0518598!4d121.5273867!16s%2Fg%2F11b7cqtsy0!19sChIJHXKfbmapQjQRRV1t71e974o?authuser=0&hl=zh-TW&rclk=1,0x3442a9666e9f721d:0x8aefbd57ef6d5d45
1669,班班,1,2 年前,"同一桌點了兩盤板腱牛，吃起來卻差很多，一盤很柴又很硬，另一盤吃起來口感就很好，跟店家反應後態度還很惡劣！碗盤也洗不乾淨！

",2022-11-21,https://www.google.com.tw/maps/place/%E7%AF%89%E9%96%93%E5%B9%B8%E7%A6%8F%E9%8D%8B%E7%89%A9+%E5%8F%B0%E5%8C%97%E5%8D%97%E4%BA%AC%E4%B8%80%E5%BA%97/data=!4m7!3m6!1s0x3442a9666e9f721d:0x8aefbd57ef6d5d45!8m2!3d25.0518598!4d121.5273867!16s%2Fg%2F11b7cqtsy0!19sChIJHXKfbmapQjQRRV1t71e974o?authuser=0&hl=zh-TW&rclk=1,0x3442a9666e9f721d:0x8aefbd57ef6d5d45
1670,沈盈華,5,2 年前,,2022-11-21,https://www.google.com.tw/maps/place/%E7%AF%89%E9%96%93%E5%B9%B8%E7%A6%8F%E9%8D%8B%E7%89%A9+%E5%8F%B0%E5%8C%97%E5%8D%97%E4%BA%AC%E4%B8%80%E5%BA%97/data=!4m7!3m6!1s0x3442a9666e9f721d:0x8aefbd57ef6d5d45!8m2!3d25.0518598!4d121.5273867!16s%2Fg%2F11b7cqtsy0!19sChIJHXKfbmapQjQRRV1t71e974o?authuser=0&hl=zh-TW&rclk=1,0x3442a9666e9f721d:0x8aefbd57ef6d5d45
1671,吃起來,5,2 年前,"整體來說我給90分  
服務生的態度都非常敬業  
吃下來的感覺真的很好  
牛奶鍋是最好吃的鍋  
記得要成為會員  
可以免費換肉跟油條  
吃下來真的很爽

",2022-11-21,https://www.google.com.tw/maps/place/%E7%AF%89%E9%96%93%E5%B9%B8%E7%A6%8F%E9%8D%8B%E7%89%A9+%E5%8F%B0%E5%8C%97%E5%8D%97%E4%BA%AC%E4%B8%80%E5%BA%97/data=!4m7!3m6!1s0x3442a9666e9f721d:0x8aefbd57ef6d5d45!8m2!3d25.0518598!4d121.5273867!16s%2Fg%2F11b7cqtsy0!19sChIJHXKfbmapQjQRRV1t71e974o?authuser=0&hl=zh-TW&rclk=1,0x3442a9666e9f721d:0x8aefbd57ef6d5d45
1672,bobowei,2,2 年前,"加100元升級的麻油雞不如原本的昆布湯頭，加湯加到最後感覺像在喝有一層油在上面漂的開水，完全沒有味道，建議去7-11買台酒麻油雞泡麵還比較好吃。

",2022-11-21,https://www.google.com.tw/maps/place/%E7%AF%89%E9%96%93%E5%B9%B8%E7%A6%8F%E9%8D%8B%E7%89%A9+%E5%8F%B0%E5%8C%97%E5%8D%97%E4%BA%AC%E4%B8%80%E5%BA%97/data=!4m7!3m6!1s0x3442a9666e9f721d:0x8aefbd57ef6d5d45!8m2!3d25.0518598!4d121.5273867!16s%2Fg%2F11b7cqtsy0!19sChIJHXKfbmapQjQRRV1t71e974o?authuser=0&hl=zh-TW&rclk=1,0x3442a9666e9f721d:0x8aefbd57ef6d5d45
1673,po-ya chang,3,2 年前,"好吃 只是用餐環境有點擁擠

",2022-11-21,https://www.google.com.tw/maps/place/%E7%AF%89%E9%96%93%E5%B9%B8%E7%A6%8F%E9%8D%8B%E7%89%A9+%E5%8F%B0%E5%8C%97%E5%8D%97%E4%BA%AC%E4%B8%80%E5%BA%97/data=!4m7!3m6!1s0x3442a9666e9f721d:0x8aefbd57ef6d5d45!8m2!3d25.0518598!4d121.5273867!16s%2Fg%2F11b7cqtsy0!19sChIJHXKfbmapQjQRRV1t71e974o?authuser=0&hl=zh-TW&rclk=1,0x3442a9666e9f721d:0x8aefbd57ef6d5d45
1674,Ken Halong,4,2 年前,"給四顆星的理由：  
  
美味  
石頭湯底搭去骨雞腿排+蛤蜊，味道很不錯  
  
份量  
肉量一般，食量大的朋友可能要選擇其他可以加肉的餐點(價格也會up)  
  
環境  
環境店面空間有點偏小，環境普通

",2022-11-21,https://www.google.com.tw/maps/place/%E7%AF%89%E9%96%93%E5%B9%B8%E7%A6%8F%E9%8D%8B%E7%89%A9+%E5%8F%B0%E5%8C%97%E5%8D%97%E4%BA%AC%E4%B8%80%E5%BA%97/data=!4m7!3m6!1s0x3442a9666e9f721d:0x8aefbd57ef6d5d45!8m2!3d25.0518598!4d121.5273867!16s%2Fg%2F11b7cqtsy0!19sChIJHXKfbmapQjQRRV1t71e974o?authuser=0&hl=zh-TW&rclk=1,0x3442a9666e9f721d:0x8aefbd57ef6d5d45
1675,Lu,5,2 年前,,2022-11-21,https://www.google.com.tw/maps/place/%E7%AF%89%E9%96%93%E5%B9%B8%E7%A6%8F%E9%8D%8B%E7%89%A9+%E5%8F%B0%E5%8C%97%E5%8D%97%E4%BA%AC%E4%B8%80%E5%BA%97/data=!4m7!3m6!1s0x3442a9666e9f721d:0x8aefbd57ef6d5d45!8m2!3d25.0518598!4d121.5273867!16s%2Fg%2F11b7cqtsy0!19sChIJHXKfbmapQjQRRV1t71e974o?authuser=0&hl=zh-TW&rclk=1,0x3442a9666e9f721d:0x8aefbd57ef6d5d45
1676,小陳,4,2 年前,"來聚餐

",2022-11-21,https://www.google.com.tw/maps/place/%E7%AF%89%E9%96%93%E5%B9%B8%E7%A6%8F%E9%8D%8B%E7%89%A9+%E5%8F%B0%E5%8C%97%E5%8D%97%E4%BA%AC%E4%B8%80%E5%BA%97/data=!4m7!3m6!1s0x3442a9666e9f721d:0x8aefbd57ef6d5d45!8m2!3d25.0518598!4d121.5273867!16s%2Fg%2F11b7cqtsy0!19sChIJHXKfbmapQjQRRV1t71e974o?authuser=0&hl=zh-TW&rclk=1,0x3442a9666e9f721d:0x8aefbd57ef6d5d45
1677,無極,5,2 年前,"築間鍋底都很好吃，特別推薦花雕雞鍋底及麻油雞鍋底。麻油雞鍋底真是太厲害了、連小小的配菜香菇都好好味。用心店家。大推

",2022-11-21,https://www.google.com.tw/maps/place/%E7%AF%89%E9%96%93%E5%B9%B8%E7%A6%8F%E9%8D%8B%E7%89%A9+%E5%8F%B0%E5%8C%97%E5%8D%97%E4%BA%AC%E4%B8%80%E5%BA%97/data=!4m7!3m6!1s0x3442a9666e9f721d:0x8aefbd57ef6d5d45!8m2!3d25.0518598!4d121.5273867!16s%2Fg%2F11b7cqtsy0!19sChIJHXKfbmapQjQRRV1t71e974o?authuser=0&hl=zh-TW&rclk=1,0x3442a9666e9f721d:0x8aefbd57ef6d5d45
1678,關閎毅,5,2 年前,,2022-11-21,https://www.google.com.tw/maps/place/%E7%AF%89%E9%96%93%E5%B9%B8%E7%A6%8F%E9%8D%8B%E7%89%A9+%E5%8F%B0%E5%8C%97%E5%8D%97%E4%BA%AC%E4%B8%80%E5%BA%97/data=!4m7!3m6!1s0x3442a9666e9f721d:0x8aefbd57ef6d5d45!8m2!3d25.0518598!4d121.5273867!16s%2Fg%2F11b7cqtsy0!19sChIJHXKfbmapQjQRRV1t71e974o?authuser=0&hl=zh-TW&rclk=1,0x3442a9666e9f721d:0x8aefbd57ef6d5d45
1679,吳欣芸,5,2 年前,"不知為啥那麼多人說服務不好，但本身也是服務業，覺得這是互相的吧，而且空盤也都很積極的在收，加湯也是常常來問，我想那些說他們沒做的人，真的可能只是剛好他們在忙吧，還有雖然他們廁所只有一間，所以有人在廁所就沒辦法洗手，但服務人員都有注意到，並且會讓我們在他們洗碗的地方洗手。不要因為多收你們服務費就在那邊鑽牛角尖
本次用餐愉快，服務業本來就不是拿來服務那些被寵壞的奧客 (互相體諒會讓這個社會更美好 共勉)

",2022-11-21,https://www.google.com.tw/maps/place/%E7%AF%89%E9%96%93%E5%B9%B8%E7%A6%8F%E9%8D%8B%E7%89%A9+%E5%8F%B0%E5%8C%97%E5%8D%97%E4%BA%AC%E4%B8%80%E5%BA%97/data=!4m7!3m6!1s0x3442a9666e9f721d:0x8aefbd57ef6d5d45!8m2!3d25.0518598!4d121.5273867!16s%2Fg%2F11b7cqtsy0!19sChIJHXKfbmapQjQRRV1t71e974o?authuser=0&hl=zh-TW&rclk=1,0x3442a9666e9f721d:0x8aefbd57ef6d5d45
1680,Wei.,5,2 年前,,2022-11-21,https://www.google.com.tw/maps/place/%E7%AF%89%E9%96%93%E5%B9%B8%E7%A6%8F%E9%8D%8B%E7%89%A9+%E5%8F%B0%E5%8C%97%E5%8D%97%E4%BA%AC%E4%B8%80%E5%BA%97/data=!4m7!3m6!1s0x3442a9666e9f721d:0x8aefbd57ef6d5d45!8m2!3d25.0518598!4d121.5273867!16s%2Fg%2F11b7cqtsy0!19sChIJHXKfbmapQjQRRV1t71e974o?authuser=0&hl=zh-TW&rclk=1,0x3442a9666e9f721d:0x8aefbd57ef6d5d45
1681,Hung Wen Guo,3,2 年前,"安排三人並排在門口的位子很奇怪，確實是有電話確認，但我以為是客滿了才安排並排的位子，等我們吃完飯後才發現旁邊四人桌一直都沒有客人，想換位子，被說已經告知過了所以不能換，覺得莫名其妙

",2022-11-21,https://www.google.com.tw/maps/place/%E7%AF%89%E9%96%93%E5%B9%B8%E7%A6%8F%E9%8D%8B%E7%89%A9+%E5%8F%B0%E5%8C%97%E5%8D%97%E4%BA%AC%E4%B8%80%E5%BA%97/data=!4m7!3m6!1s0x3442a9666e9f721d:0x8aefbd57ef6d5d45!8m2!3d25.0518598!4d121.5273867!16s%2Fg%2F11b7cqtsy0!19sChIJHXKfbmapQjQRRV1t71e974o?authuser=0&hl=zh-TW&rclk=1,0x3442a9666e9f721d:0x8aefbd57ef6d5d45
1682,Chen Yu Wu,5,2 年前,"店內氣氛很好

",2022-11-21,https://www.google.com.tw/maps/place/%E7%AF%89%E9%96%93%E5%B9%B8%E7%A6%8F%E9%8D%8B%E7%89%A9+%E5%8F%B0%E5%8C%97%E5%8D%97%E4%BA%AC%E4%B8%80%E5%BA%97/data=!4m7!3m6!1s0x3442a9666e9f721d:0x8aefbd57ef6d5d45!8m2!3d25.0518598!4d121.5273867!16s%2Fg%2F11b7cqtsy0!19sChIJHXKfbmapQjQRRV1t71e974o?authuser=0&hl=zh-TW&rclk=1,0x3442a9666e9f721d:0x8aefbd57ef6d5d45
1683,吳恩熊,2,2 年前,"1\. 原本以為連鎖餐廳到了汐止都會變難吃，所以特地嘗試一下在天龍國的分店，嗯...還是不怎麼樣，依然不懂它在客滿什麼  
2\. 一個人竟然吃了1千初還不滿意，除了吃不完外不知道要推什麼  
3\. 這次點的是石頭火鍋底，嗯...真的跟石頭火鍋差太遠了啦  
4\. 只能說這是一間很會擺盤的連鎖店，拍照起來都美美的

",2022-11-21,https://www.google.com.tw/maps/place/%E7%AF%89%E9%96%93%E5%B9%B8%E7%A6%8F%E9%8D%8B%E7%89%A9+%E5%8F%B0%E5%8C%97%E5%8D%97%E4%BA%AC%E4%B8%80%E5%BA%97/data=!4m7!3m6!1s0x3442a9666e9f721d:0x8aefbd57ef6d5d45!8m2!3d25.0518598!4d121.5273867!16s%2Fg%2F11b7cqtsy0!19sChIJHXKfbmapQjQRRV1t71e974o?authuser=0&hl=zh-TW&rclk=1,0x3442a9666e9f721d:0x8aefbd57ef6d5d45
1684,Christina靠右邊走（Christina）,4,2 年前,"(由 Google 提供翻譯)
舒適的氣氛，火鍋非常好，有各種各樣的選擇（肉和湯），還可以吃到冰淇淋和飲料（飲料選擇還可以），就像DIY風格的火鍋一樣，所以不確定為什麼他們增加了10％的服務費。價格合理，有時有點擁擠，但營業至凌晨3點。非常適合朋友聚會和約會。  
  
(原始評論)  
Cozy atmosphere, hot pot wast very nice and had a wide variety of different
selections (meat and soup) also has all you can eat ice cream and drinks
(drink selection was alright) kind of like a DIY style hot pot, so not sure
why they added the 10% service charge. Prices are reasonable, a bit crowded
sometimes, but open till 3 am. Nice for friend gathering and dates.

",2022-11-21,https://www.google.com.tw/maps/place/%E7%AF%89%E9%96%93%E5%B9%B8%E7%A6%8F%E9%8D%8B%E7%89%A9+%E5%8F%B0%E5%8C%97%E5%8D%97%E4%BA%AC%E4%B8%80%E5%BA%97/data=!4m7!3m6!1s0x3442a9666e9f721d:0x8aefbd57ef6d5d45!8m2!3d25.0518598!4d121.5273867!16s%2Fg%2F11b7cqtsy0!19sChIJHXKfbmapQjQRRV1t71e974o?authuser=0&hl=zh-TW&rclk=1,0x3442a9666e9f721d:0x8aefbd57ef6d5d45
1685,Cindy,5,2 年前,"牛奶鍋超推，加湯也是給牛奶鍋，濃香

",2022-11-21,https://www.google.com.tw/maps/place/%E7%AF%89%E9%96%93%E5%B9%B8%E7%A6%8F%E9%8D%8B%E7%89%A9+%E5%8F%B0%E5%8C%97%E5%8D%97%E4%BA%AC%E4%B8%80%E5%BA%97/data=!4m7!3m6!1s0x3442a9666e9f721d:0x8aefbd57ef6d5d45!8m2!3d25.0518598!4d121.5273867!16s%2Fg%2F11b7cqtsy0!19sChIJHXKfbmapQjQRRV1t71e974o?authuser=0&hl=zh-TW&rclk=1,0x3442a9666e9f721d:0x8aefbd57ef6d5d45
1686,Joey Lin,4,2 年前,,2022-11-21,https://www.google.com.tw/maps/place/%E7%AF%89%E9%96%93%E5%B9%B8%E7%A6%8F%E9%8D%8B%E7%89%A9+%E5%8F%B0%E5%8C%97%E5%8D%97%E4%BA%AC%E4%B8%80%E5%BA%97/data=!4m7!3m6!1s0x3442a9666e9f721d:0x8aefbd57ef6d5d45!8m2!3d25.0518598!4d121.5273867!16s%2Fg%2F11b7cqtsy0!19sChIJHXKfbmapQjQRRV1t71e974o?authuser=0&hl=zh-TW&rclk=1,0x3442a9666e9f721d:0x8aefbd57ef6d5d45
1687,宋庭宇,4,2 年前,,2022-11-21,https://www.google.com.tw/maps/place/%E7%AF%89%E9%96%93%E5%B9%B8%E7%A6%8F%E9%8D%8B%E7%89%A9+%E5%8F%B0%E5%8C%97%E5%8D%97%E4%BA%AC%E4%B8%80%E5%BA%97/data=!4m7!3m6!1s0x3442a9666e9f721d:0x8aefbd57ef6d5d45!8m2!3d25.0518598!4d121.5273867!16s%2Fg%2F11b7cqtsy0!19sChIJHXKfbmapQjQRRV1t71e974o?authuser=0&hl=zh-TW&rclk=1,0x3442a9666e9f721d:0x8aefbd57ef6d5d45
1688,林愉沁,4,2 年前,"環境舒適，海鮮和牛肉新鮮，服務不錯，會觀察客人的需求適時提供協助。雖然價位頗高，但可以慢慢吃慢慢聊，偶爾聚餐慶生，都是不錯的選擇。

",2022-11-21,https://www.google.com.tw/maps/place/%E7%AF%89%E9%96%93%E5%B9%B8%E7%A6%8F%E9%8D%8B%E7%89%A9+%E5%8F%B0%E5%8C%97%E5%8D%97%E4%BA%AC%E4%B8%80%E5%BA%97/data=!4m7!3m6!1s0x3442a9666e9f721d:0x8aefbd57ef6d5d45!8m2!3d25.0518598!4d121.5273867!16s%2Fg%2F11b7cqtsy0!19sChIJHXKfbmapQjQRRV1t71e974o?authuser=0&hl=zh-TW&rclk=1,0x3442a9666e9f721d:0x8aefbd57ef6d5d45
1689,Lawrence___ Yang,4,2 年前,"如果麻油雞加湯也是加麻油雞的湯就太完美了！（跟我唸一次！麻油雞的加湯請加麻油雞的湯）今天不是跟前男友來吃的！

",2022-11-21,https://www.google.com.tw/maps/place/%E7%AF%89%E9%96%93%E5%B9%B8%E7%A6%8F%E9%8D%8B%E7%89%A9+%E5%8F%B0%E5%8C%97%E5%8D%97%E4%BA%AC%E4%B8%80%E5%BA%97/data=!4m7!3m6!1s0x3442a9666e9f721d:0x8aefbd57ef6d5d45!8m2!3d25.0518598!4d121.5273867!16s%2Fg%2F11b7cqtsy0!19sChIJHXKfbmapQjQRRV1t71e974o?authuser=0&hl=zh-TW&rclk=1,0x3442a9666e9f721d:0x8aefbd57ef6d5d45
1690,Minru Yang,5,2 年前,,2022-11-21,https://www.google.com.tw/maps/place/%E7%AF%89%E9%96%93%E5%B9%B8%E7%A6%8F%E9%8D%8B%E7%89%A9+%E5%8F%B0%E5%8C%97%E5%8D%97%E4%BA%AC%E4%B8%80%E5%BA%97/data=!4m7!3m6!1s0x3442a9666e9f721d:0x8aefbd57ef6d5d45!8m2!3d25.0518598!4d121.5273867!16s%2Fg%2F11b7cqtsy0!19sChIJHXKfbmapQjQRRV1t71e974o?authuser=0&hl=zh-TW&rclk=1,0x3442a9666e9f721d:0x8aefbd57ef6d5d45
1691,蕭品瀅,4,2 年前,,2022-11-21,https://www.google.com.tw/maps/place/%E7%AF%89%E9%96%93%E5%B9%B8%E7%A6%8F%E9%8D%8B%E7%89%A9+%E5%8F%B0%E5%8C%97%E5%8D%97%E4%BA%AC%E4%B8%80%E5%BA%97/data=!4m7!3m6!1s0x3442a9666e9f721d:0x8aefbd57ef6d5d45!8m2!3d25.0518598!4d121.5273867!16s%2Fg%2F11b7cqtsy0!19sChIJHXKfbmapQjQRRV1t71e974o?authuser=0&hl=zh-TW&rclk=1,0x3442a9666e9f721d:0x8aefbd57ef6d5d45
1692,Kevin.x.f Hu,4,2 年前,"夜貓子宵夜好去處，因開到凌晨4點超好停車

",2022-11-21,https://www.google.com.tw/maps/place/%E7%AF%89%E9%96%93%E5%B9%B8%E7%A6%8F%E9%8D%8B%E7%89%A9+%E5%8F%B0%E5%8C%97%E5%8D%97%E4%BA%AC%E4%B8%80%E5%BA%97/data=!4m7!3m6!1s0x3442a9666e9f721d:0x8aefbd57ef6d5d45!8m2!3d25.0518598!4d121.5273867!16s%2Fg%2F11b7cqtsy0!19sChIJHXKfbmapQjQRRV1t71e974o?authuser=0&hl=zh-TW&rclk=1,0x3442a9666e9f721d:0x8aefbd57ef6d5d45
1693,陳潔,4,2 年前,,2022-11-21,https://www.google.com.tw/maps/place/%E7%AF%89%E9%96%93%E5%B9%B8%E7%A6%8F%E9%8D%8B%E7%89%A9+%E5%8F%B0%E5%8C%97%E5%8D%97%E4%BA%AC%E4%B8%80%E5%BA%97/data=!4m7!3m6!1s0x3442a9666e9f721d:0x8aefbd57ef6d5d45!8m2!3d25.0518598!4d121.5273867!16s%2Fg%2F11b7cqtsy0!19sChIJHXKfbmapQjQRRV1t71e974o?authuser=0&hl=zh-TW&rclk=1,0x3442a9666e9f721d:0x8aefbd57ef6d5d45
1694,鄭以琦,4,2 年前,"好吃

",2022-11-21,https://www.google.com.tw/maps/place/%E7%AF%89%E9%96%93%E5%B9%B8%E7%A6%8F%E9%8D%8B%E7%89%A9+%E5%8F%B0%E5%8C%97%E5%8D%97%E4%BA%AC%E4%B8%80%E5%BA%97/data=!4m7!3m6!1s0x3442a9666e9f721d:0x8aefbd57ef6d5d45!8m2!3d25.0518598!4d121.5273867!16s%2Fg%2F11b7cqtsy0!19sChIJHXKfbmapQjQRRV1t71e974o?authuser=0&hl=zh-TW&rclk=1,0x3442a9666e9f721d:0x8aefbd57ef6d5d45
1695,葉福基,4,2 年前,,2022-11-21,https://www.google.com.tw/maps/place/%E7%AF%89%E9%96%93%E5%B9%B8%E7%A6%8F%E9%8D%8B%E7%89%A9+%E5%8F%B0%E5%8C%97%E5%8D%97%E4%BA%AC%E4%B8%80%E5%BA%97/data=!4m7!3m6!1s0x3442a9666e9f721d:0x8aefbd57ef6d5d45!8m2!3d25.0518598!4d121.5273867!16s%2Fg%2F11b7cqtsy0!19sChIJHXKfbmapQjQRRV1t71e974o?authuser=0&hl=zh-TW&rclk=1,0x3442a9666e9f721d:0x8aefbd57ef6d5d45
1696,君兒,5,2 年前,,2022-11-21,https://www.google.com.tw/maps/place/%E7%AF%89%E9%96%93%E5%B9%B8%E7%A6%8F%E9%8D%8B%E7%89%A9+%E5%8F%B0%E5%8C%97%E5%8D%97%E4%BA%AC%E4%B8%80%E5%BA%97/data=!4m7!3m6!1s0x3442a9666e9f721d:0x8aefbd57ef6d5d45!8m2!3d25.0518598!4d121.5273867!16s%2Fg%2F11b7cqtsy0!19sChIJHXKfbmapQjQRRV1t71e974o?authuser=0&hl=zh-TW&rclk=1,0x3442a9666e9f721d:0x8aefbd57ef6d5d45
1697,王俊傑,5,2 年前,,2022-11-21,https://www.google.com.tw/maps/place/%E7%AF%89%E9%96%93%E5%B9%B8%E7%A6%8F%E9%8D%8B%E7%89%A9+%E5%8F%B0%E5%8C%97%E5%8D%97%E4%BA%AC%E4%B8%80%E5%BA%97/data=!4m7!3m6!1s0x3442a9666e9f721d:0x8aefbd57ef6d5d45!8m2!3d25.0518598!4d121.5273867!16s%2Fg%2F11b7cqtsy0!19sChIJHXKfbmapQjQRRV1t71e974o?authuser=0&hl=zh-TW&rclk=1,0x3442a9666e9f721d:0x8aefbd57ef6d5d45
1698,黃瑋,5,2 年前,"用餐氣氛不錯，食材湯頭皆水準之上，聚餐好去處

",2022-11-21,https://www.google.com.tw/maps/place/%E7%AF%89%E9%96%93%E5%B9%B8%E7%A6%8F%E9%8D%8B%E7%89%A9+%E5%8F%B0%E5%8C%97%E5%8D%97%E4%BA%AC%E4%B8%80%E5%BA%97/data=!4m7!3m6!1s0x3442a9666e9f721d:0x8aefbd57ef6d5d45!8m2!3d25.0518598!4d121.5273867!16s%2Fg%2F11b7cqtsy0!19sChIJHXKfbmapQjQRRV1t71e974o?authuser=0&hl=zh-TW&rclk=1,0x3442a9666e9f721d:0x8aefbd57ef6d5d45
1699,陸家揚,5,2 年前,,2022-11-21,https://www.google.com.tw/maps/place/%E7%AF%89%E9%96%93%E5%B9%B8%E7%A6%8F%E9%8D%8B%E7%89%A9+%E5%8F%B0%E5%8C%97%E5%8D%97%E4%BA%AC%E4%B8%80%E5%BA%97/data=!4m7!3m6!1s0x3442a9666e9f721d:0x8aefbd57ef6d5d45!8m2!3d25.0518598!4d121.5273867!16s%2Fg%2F11b7cqtsy0!19sChIJHXKfbmapQjQRRV1t71e974o?authuser=0&hl=zh-TW&rclk=1,0x3442a9666e9f721d:0x8aefbd57ef6d5d45
1700,江怡慧,4,2 年前,,2022-11-21,https://www.google.com.tw/maps/place/%E7%AF%89%E9%96%93%E5%B9%B8%E7%A6%8F%E9%8D%8B%E7%89%A9+%E5%8F%B0%E5%8C%97%E5%8D%97%E4%BA%AC%E4%B8%80%E5%BA%97/data=!4m7!3m6!1s0x3442a9666e9f721d:0x8aefbd57ef6d5d45!8m2!3d25.0518598!4d121.5273867!16s%2Fg%2F11b7cqtsy0!19sChIJHXKfbmapQjQRRV1t71e974o?authuser=0&hl=zh-TW&rclk=1,0x3442a9666e9f721d:0x8aefbd57ef6d5d45
1701,Yuncheng Hsu,5,2 年前,,2022-11-21,https://www.google.com.tw/maps/place/%E7%AF%89%E9%96%93%E5%B9%B8%E7%A6%8F%E9%8D%8B%E7%89%A9+%E5%8F%B0%E5%8C%97%E5%8D%97%E4%BA%AC%E4%B8%80%E5%BA%97/data=!4m7!3m6!1s0x3442a9666e9f721d:0x8aefbd57ef6d5d45!8m2!3d25.0518598!4d121.5273867!16s%2Fg%2F11b7cqtsy0!19sChIJHXKfbmapQjQRRV1t71e974o?authuser=0&hl=zh-TW&rclk=1,0x3442a9666e9f721d:0x8aefbd57ef6d5d45
1702,BECCI CHEN,4,2 年前,"除了青江菜不新鮮之外其他都不錯

",2022-11-21,https://www.google.com.tw/maps/place/%E7%AF%89%E9%96%93%E5%B9%B8%E7%A6%8F%E9%8D%8B%E7%89%A9+%E5%8F%B0%E5%8C%97%E5%8D%97%E4%BA%AC%E4%B8%80%E5%BA%97/data=!4m7!3m6!1s0x3442a9666e9f721d:0x8aefbd57ef6d5d45!8m2!3d25.0518598!4d121.5273867!16s%2Fg%2F11b7cqtsy0!19sChIJHXKfbmapQjQRRV1t71e974o?authuser=0&hl=zh-TW&rclk=1,0x3442a9666e9f721d:0x8aefbd57ef6d5d45
1703,小睿,5,2 年前,"東西新鮮 服務態度很棒 食材有問題都會馬上解決 謝謝你們

",2022-11-21,https://www.google.com.tw/maps/place/%E7%AF%89%E9%96%93%E5%B9%B8%E7%A6%8F%E9%8D%8B%E7%89%A9+%E5%8F%B0%E5%8C%97%E5%8D%97%E4%BA%AC%E4%B8%80%E5%BA%97/data=!4m7!3m6!1s0x3442a9666e9f721d:0x8aefbd57ef6d5d45!8m2!3d25.0518598!4d121.5273867!16s%2Fg%2F11b7cqtsy0!19sChIJHXKfbmapQjQRRV1t71e974o?authuser=0&hl=zh-TW&rclk=1,0x3442a9666e9f721d:0x8aefbd57ef6d5d45
1704,gene江,3,2 年前,,2022-11-21,https://www.google.com.tw/maps/place/%E7%AF%89%E9%96%93%E5%B9%B8%E7%A6%8F%E9%8D%8B%E7%89%A9+%E5%8F%B0%E5%8C%97%E5%8D%97%E4%BA%AC%E4%B8%80%E5%BA%97/data=!4m7!3m6!1s0x3442a9666e9f721d:0x8aefbd57ef6d5d45!8m2!3d25.0518598!4d121.5273867!16s%2Fg%2F11b7cqtsy0!19sChIJHXKfbmapQjQRRV1t71e974o?authuser=0&hl=zh-TW&rclk=1,0x3442a9666e9f721d:0x8aefbd57ef6d5d45
1705,Jason Tan,5,2 年前,,2022-11-21,https://www.google.com.tw/maps/place/%E7%AF%89%E9%96%93%E5%B9%B8%E7%A6%8F%E9%8D%8B%E7%89%A9+%E5%8F%B0%E5%8C%97%E5%8D%97%E4%BA%AC%E4%B8%80%E5%BA%97/data=!4m7!3m6!1s0x3442a9666e9f721d:0x8aefbd57ef6d5d45!8m2!3d25.0518598!4d121.5273867!16s%2Fg%2F11b7cqtsy0!19sChIJHXKfbmapQjQRRV1t71e974o?authuser=0&hl=zh-TW&rclk=1,0x3442a9666e9f721d:0x8aefbd57ef6d5d45
1706,游舒媛,5,2 年前,,2022-11-21,https://www.google.com.tw/maps/place/%E7%AF%89%E9%96%93%E5%B9%B8%E7%A6%8F%E9%8D%8B%E7%89%A9+%E5%8F%B0%E5%8C%97%E5%8D%97%E4%BA%AC%E4%B8%80%E5%BA%97/data=!4m7!3m6!1s0x3442a9666e9f721d:0x8aefbd57ef6d5d45!8m2!3d25.0518598!4d121.5273867!16s%2Fg%2F11b7cqtsy0!19sChIJHXKfbmapQjQRRV1t71e974o?authuser=0&hl=zh-TW&rclk=1,0x3442a9666e9f721d:0x8aefbd57ef6d5d45
1707,謝秉宏,4,2 年前,"稍微小間，但五臟俱全

",2022-11-21,https://www.google.com.tw/maps/place/%E7%AF%89%E9%96%93%E5%B9%B8%E7%A6%8F%E9%8D%8B%E7%89%A9+%E5%8F%B0%E5%8C%97%E5%8D%97%E4%BA%AC%E4%B8%80%E5%BA%97/data=!4m7!3m6!1s0x3442a9666e9f721d:0x8aefbd57ef6d5d45!8m2!3d25.0518598!4d121.5273867!16s%2Fg%2F11b7cqtsy0!19sChIJHXKfbmapQjQRRV1t71e974o?authuser=0&hl=zh-TW&rclk=1,0x3442a9666e9f721d:0x8aefbd57ef6d5d45
1708,李海隆,5,2 年前,"服務好，價格實在

",2022-11-21,https://www.google.com.tw/maps/place/%E7%AF%89%E9%96%93%E5%B9%B8%E7%A6%8F%E9%8D%8B%E7%89%A9+%E5%8F%B0%E5%8C%97%E5%8D%97%E4%BA%AC%E4%B8%80%E5%BA%97/data=!4m7!3m6!1s0x3442a9666e9f721d:0x8aefbd57ef6d5d45!8m2!3d25.0518598!4d121.5273867!16s%2Fg%2F11b7cqtsy0!19sChIJHXKfbmapQjQRRV1t71e974o?authuser=0&hl=zh-TW&rclk=1,0x3442a9666e9f721d:0x8aefbd57ef6d5d45
1709,歐陽羽盈,2,2 年前,,2022-11-21,https://www.google.com.tw/maps/place/%E7%AF%89%E9%96%93%E5%B9%B8%E7%A6%8F%E9%8D%8B%E7%89%A9+%E5%8F%B0%E5%8C%97%E5%8D%97%E4%BA%AC%E4%B8%80%E5%BA%97/data=!4m7!3m6!1s0x3442a9666e9f721d:0x8aefbd57ef6d5d45!8m2!3d25.0518598!4d121.5273867!16s%2Fg%2F11b7cqtsy0!19sChIJHXKfbmapQjQRRV1t71e974o?authuser=0&hl=zh-TW&rclk=1,0x3442a9666e9f721d:0x8aefbd57ef6d5d45
1710,陳詒琳,5,2 年前,,2022-11-21,https://www.google.com.tw/maps/place/%E7%AF%89%E9%96%93%E5%B9%B8%E7%A6%8F%E9%8D%8B%E7%89%A9+%E5%8F%B0%E5%8C%97%E5%8D%97%E4%BA%AC%E4%B8%80%E5%BA%97/data=!4m7!3m6!1s0x3442a9666e9f721d:0x8aefbd57ef6d5d45!8m2!3d25.0518598!4d121.5273867!16s%2Fg%2F11b7cqtsy0!19sChIJHXKfbmapQjQRRV1t71e974o?authuser=0&hl=zh-TW&rclk=1,0x3442a9666e9f721d:0x8aefbd57ef6d5d45
1711,王阿禎,4,2 年前,"環境衛生很不錯，雖然位子稍擠但是都還是可以接受

",2022-11-21,https://www.google.com.tw/maps/place/%E7%AF%89%E9%96%93%E5%B9%B8%E7%A6%8F%E9%8D%8B%E7%89%A9+%E5%8F%B0%E5%8C%97%E5%8D%97%E4%BA%AC%E4%B8%80%E5%BA%97/data=!4m7!3m6!1s0x3442a9666e9f721d:0x8aefbd57ef6d5d45!8m2!3d25.0518598!4d121.5273867!16s%2Fg%2F11b7cqtsy0!19sChIJHXKfbmapQjQRRV1t71e974o?authuser=0&hl=zh-TW&rclk=1,0x3442a9666e9f721d:0x8aefbd57ef6d5d45
1712,徐晟修,5,2 年前,,2022-11-21,https://www.google.com.tw/maps/place/%E7%AF%89%E9%96%93%E5%B9%B8%E7%A6%8F%E9%8D%8B%E7%89%A9+%E5%8F%B0%E5%8C%97%E5%8D%97%E4%BA%AC%E4%B8%80%E5%BA%97/data=!4m7!3m6!1s0x3442a9666e9f721d:0x8aefbd57ef6d5d45!8m2!3d25.0518598!4d121.5273867!16s%2Fg%2F11b7cqtsy0!19sChIJHXKfbmapQjQRRV1t71e974o?authuser=0&hl=zh-TW&rclk=1,0x3442a9666e9f721d:0x8aefbd57ef6d5d45
1713,Jennifer Chen,5,2 年前,"服務人員素質不一  
但牛奶鍋大推

",2022-11-21,https://www.google.com.tw/maps/place/%E7%AF%89%E9%96%93%E5%B9%B8%E7%A6%8F%E9%8D%8B%E7%89%A9+%E5%8F%B0%E5%8C%97%E5%8D%97%E4%BA%AC%E4%B8%80%E5%BA%97/data=!4m7!3m6!1s0x3442a9666e9f721d:0x8aefbd57ef6d5d45!8m2!3d25.0518598!4d121.5273867!16s%2Fg%2F11b7cqtsy0!19sChIJHXKfbmapQjQRRV1t71e974o?authuser=0&hl=zh-TW&rclk=1,0x3442a9666e9f721d:0x8aefbd57ef6d5d45
1714,梁晏榕（小榕）,2,2 年前,,2022-11-21,https://www.google.com.tw/maps/place/%E7%AF%89%E9%96%93%E5%B9%B8%E7%A6%8F%E9%8D%8B%E7%89%A9+%E5%8F%B0%E5%8C%97%E5%8D%97%E4%BA%AC%E4%B8%80%E5%BA%97/data=!4m7!3m6!1s0x3442a9666e9f721d:0x8aefbd57ef6d5d45!8m2!3d25.0518598!4d121.5273867!16s%2Fg%2F11b7cqtsy0!19sChIJHXKfbmapQjQRRV1t71e974o?authuser=0&hl=zh-TW&rclk=1,0x3442a9666e9f721d:0x8aefbd57ef6d5d45
1715,Agnes Meng,4,2 年前,"服務不錯,飲料選擇太少

",2022-11-21,https://www.google.com.tw/maps/place/%E7%AF%89%E9%96%93%E5%B9%B8%E7%A6%8F%E9%8D%8B%E7%89%A9+%E5%8F%B0%E5%8C%97%E5%8D%97%E4%BA%AC%E4%B8%80%E5%BA%97/data=!4m7!3m6!1s0x3442a9666e9f721d:0x8aefbd57ef6d5d45!8m2!3d25.0518598!4d121.5273867!16s%2Fg%2F11b7cqtsy0!19sChIJHXKfbmapQjQRRV1t71e974o?authuser=0&hl=zh-TW&rclk=1,0x3442a9666e9f721d:0x8aefbd57ef6d5d45
1716,方美惠,4,2 年前,,2022-11-21,https://www.google.com.tw/maps/place/%E7%AF%89%E9%96%93%E5%B9%B8%E7%A6%8F%E9%8D%8B%E7%89%A9+%E5%8F%B0%E5%8C%97%E5%8D%97%E4%BA%AC%E4%B8%80%E5%BA%97/data=!4m7!3m6!1s0x3442a9666e9f721d:0x8aefbd57ef6d5d45!8m2!3d25.0518598!4d121.5273867!16s%2Fg%2F11b7cqtsy0!19sChIJHXKfbmapQjQRRV1t71e974o?authuser=0&hl=zh-TW&rclk=1,0x3442a9666e9f721d:0x8aefbd57ef6d5d45
1717,Sheng,4,2 年前,,2022-11-21,https://www.google.com.tw/maps/place/%E7%AF%89%E9%96%93%E5%B9%B8%E7%A6%8F%E9%8D%8B%E7%89%A9+%E5%8F%B0%E5%8C%97%E5%8D%97%E4%BA%AC%E4%B8%80%E5%BA%97/data=!4m7!3m6!1s0x3442a9666e9f721d:0x8aefbd57ef6d5d45!8m2!3d25.0518598!4d121.5273867!16s%2Fg%2F11b7cqtsy0!19sChIJHXKfbmapQjQRRV1t71e974o?authuser=0&hl=zh-TW&rclk=1,0x3442a9666e9f721d:0x8aefbd57ef6d5d45
1718,Jeremy Chang,3,2 年前,"用餐環境還可以，小包廂內有兩桌，大約8-10聚餐適合。海鮮食材是新鮮，但是蛤蜊很多都不會開，尤其是菜盤內的；肉類也不錯，還有和牛，價格自是不菲。服務呢，就是都要被動呼叫，不會主動巡視跟清理桌面。這是蠻大的缺點

",2022-11-21,https://www.google.com.tw/maps/place/%E7%AF%89%E9%96%93%E5%B9%B8%E7%A6%8F%E9%8D%8B%E7%89%A9+%E5%8F%B0%E5%8C%97%E5%8D%97%E4%BA%AC%E4%B8%80%E5%BA%97/data=!4m7!3m6!1s0x3442a9666e9f721d:0x8aefbd57ef6d5d45!8m2!3d25.0518598!4d121.5273867!16s%2Fg%2F11b7cqtsy0!19sChIJHXKfbmapQjQRRV1t71e974o?authuser=0&hl=zh-TW&rclk=1,0x3442a9666e9f721d:0x8aefbd57ef6d5d45
1719,Ming老大,5,2 年前,"很好 繼續努力加油

",2022-11-21,https://www.google.com.tw/maps/place/%E7%AF%89%E9%96%93%E5%B9%B8%E7%A6%8F%E9%8D%8B%E7%89%A9+%E5%8F%B0%E5%8C%97%E5%8D%97%E4%BA%AC%E4%B8%80%E5%BA%97/data=!4m7!3m6!1s0x3442a9666e9f721d:0x8aefbd57ef6d5d45!8m2!3d25.0518598!4d121.5273867!16s%2Fg%2F11b7cqtsy0!19sChIJHXKfbmapQjQRRV1t71e974o?authuser=0&hl=zh-TW&rclk=1,0x3442a9666e9f721d:0x8aefbd57ef6d5d45
1720,王餅乾,4,2 年前,,2022-11-21,https://www.google.com.tw/maps/place/%E7%AF%89%E9%96%93%E5%B9%B8%E7%A6%8F%E9%8D%8B%E7%89%A9+%E5%8F%B0%E5%8C%97%E5%8D%97%E4%BA%AC%E4%B8%80%E5%BA%97/data=!4m7!3m6!1s0x3442a9666e9f721d:0x8aefbd57ef6d5d45!8m2!3d25.0518598!4d121.5273867!16s%2Fg%2F11b7cqtsy0!19sChIJHXKfbmapQjQRRV1t71e974o?authuser=0&hl=zh-TW&rclk=1,0x3442a9666e9f721d:0x8aefbd57ef6d5d45
1721,Dennis Tsai,5,2 年前,,2022-11-21,https://www.google.com.tw/maps/place/%E7%AF%89%E9%96%93%E5%B9%B8%E7%A6%8F%E9%8D%8B%E7%89%A9+%E5%8F%B0%E5%8C%97%E5%8D%97%E4%BA%AC%E4%B8%80%E5%BA%97/data=!4m7!3m6!1s0x3442a9666e9f721d:0x8aefbd57ef6d5d45!8m2!3d25.0518598!4d121.5273867!16s%2Fg%2F11b7cqtsy0!19sChIJHXKfbmapQjQRRV1t71e974o?authuser=0&hl=zh-TW&rclk=1,0x3442a9666e9f721d:0x8aefbd57ef6d5d45
1722,林銘德,4,2 年前,"很好吃停車又方便

",2022-11-21,https://www.google.com.tw/maps/place/%E7%AF%89%E9%96%93%E5%B9%B8%E7%A6%8F%E9%8D%8B%E7%89%A9+%E5%8F%B0%E5%8C%97%E5%8D%97%E4%BA%AC%E4%B8%80%E5%BA%97/data=!4m7!3m6!1s0x3442a9666e9f721d:0x8aefbd57ef6d5d45!8m2!3d25.0518598!4d121.5273867!16s%2Fg%2F11b7cqtsy0!19sChIJHXKfbmapQjQRRV1t71e974o?authuser=0&hl=zh-TW&rclk=1,0x3442a9666e9f721d:0x8aefbd57ef6d5d45
1723,鍾麗華,4,2 年前,"好吃又便宜

",2022-11-21,https://www.google.com.tw/maps/place/%E7%AF%89%E9%96%93%E5%B9%B8%E7%A6%8F%E9%8D%8B%E7%89%A9+%E5%8F%B0%E5%8C%97%E5%8D%97%E4%BA%AC%E4%B8%80%E5%BA%97/data=!4m7!3m6!1s0x3442a9666e9f721d:0x8aefbd57ef6d5d45!8m2!3d25.0518598!4d121.5273867!16s%2Fg%2F11b7cqtsy0!19sChIJHXKfbmapQjQRRV1t71e974o?authuser=0&hl=zh-TW&rclk=1,0x3442a9666e9f721d:0x8aefbd57ef6d5d45
1724,Allen Hsieh,1,2 年前,"板腱牛肉腥味重不好吃；中午時間客人不多，菜盤都吃了一半了，但肉盤卻還沒上，速度太慢待改進；不能替客戶解決問題就算了，但服務態度不佳，讓人絕對不想再來消費。

",2022-11-21,https://www.google.com.tw/maps/place/%E7%AF%89%E9%96%93%E5%B9%B8%E7%A6%8F%E9%8D%8B%E7%89%A9+%E5%8F%B0%E5%8C%97%E5%8D%97%E4%BA%AC%E4%B8%80%E5%BA%97/data=!4m7!3m6!1s0x3442a9666e9f721d:0x8aefbd57ef6d5d45!8m2!3d25.0518598!4d121.5273867!16s%2Fg%2F11b7cqtsy0!19sChIJHXKfbmapQjQRRV1t71e974o?authuser=0&hl=zh-TW&rclk=1,0x3442a9666e9f721d:0x8aefbd57ef6d5d45
1725,黃宣霖,4,2 年前,,2022-11-21,https://www.google.com.tw/maps/place/%E7%AF%89%E9%96%93%E5%B9%B8%E7%A6%8F%E9%8D%8B%E7%89%A9+%E5%8F%B0%E5%8C%97%E5%8D%97%E4%BA%AC%E4%B8%80%E5%BA%97/data=!4m7!3m6!1s0x3442a9666e9f721d:0x8aefbd57ef6d5d45!8m2!3d25.0518598!4d121.5273867!16s%2Fg%2F11b7cqtsy0!19sChIJHXKfbmapQjQRRV1t71e974o?authuser=0&hl=zh-TW&rclk=1,0x3442a9666e9f721d:0x8aefbd57ef6d5d45
1726,LIM LIM,5,2 年前,,2022-11-21,https://www.google.com.tw/maps/place/%E7%AF%89%E9%96%93%E5%B9%B8%E7%A6%8F%E9%8D%8B%E7%89%A9+%E5%8F%B0%E5%8C%97%E5%8D%97%E4%BA%AC%E4%B8%80%E5%BA%97/data=!4m7!3m6!1s0x3442a9666e9f721d:0x8aefbd57ef6d5d45!8m2!3d25.0518598!4d121.5273867!16s%2Fg%2F11b7cqtsy0!19sChIJHXKfbmapQjQRRV1t71e974o?authuser=0&hl=zh-TW&rclk=1,0x3442a9666e9f721d:0x8aefbd57ef6d5d45
1727,古雁寧,4,2 年前,"食材新鮮  
每次都會有送許多優惠券

",2022-11-21,https://www.google.com.tw/maps/place/%E7%AF%89%E9%96%93%E5%B9%B8%E7%A6%8F%E9%8D%8B%E7%89%A9+%E5%8F%B0%E5%8C%97%E5%8D%97%E4%BA%AC%E4%B8%80%E5%BA%97/data=!4m7!3m6!1s0x3442a9666e9f721d:0x8aefbd57ef6d5d45!8m2!3d25.0518598!4d121.5273867!16s%2Fg%2F11b7cqtsy0!19sChIJHXKfbmapQjQRRV1t71e974o?authuser=0&hl=zh-TW&rclk=1,0x3442a9666e9f721d:0x8aefbd57ef6d5d45
1728,David Lee,5,2 年前,,2022-11-21,https://www.google.com.tw/maps/place/%E7%AF%89%E9%96%93%E5%B9%B8%E7%A6%8F%E9%8D%8B%E7%89%A9+%E5%8F%B0%E5%8C%97%E5%8D%97%E4%BA%AC%E4%B8%80%E5%BA%97/data=!4m7!3m6!1s0x3442a9666e9f721d:0x8aefbd57ef6d5d45!8m2!3d25.0518598!4d121.5273867!16s%2Fg%2F11b7cqtsy0!19sChIJHXKfbmapQjQRRV1t71e974o?authuser=0&hl=zh-TW&rclk=1,0x3442a9666e9f721d:0x8aefbd57ef6d5d45
1729,Chabram Sheu,4,2 年前,,2022-11-21,https://www.google.com.tw/maps/place/%E7%AF%89%E9%96%93%E5%B9%B8%E7%A6%8F%E9%8D%8B%E7%89%A9+%E5%8F%B0%E5%8C%97%E5%8D%97%E4%BA%AC%E4%B8%80%E5%BA%97/data=!4m7!3m6!1s0x3442a9666e9f721d:0x8aefbd57ef6d5d45!8m2!3d25.0518598!4d121.5273867!16s%2Fg%2F11b7cqtsy0!19sChIJHXKfbmapQjQRRV1t71e974o?authuser=0&hl=zh-TW&rclk=1,0x3442a9666e9f721d:0x8aefbd57ef6d5d45
1730,李昱辰,5,2 年前,,2022-11-21,https://www.google.com.tw/maps/place/%E7%AF%89%E9%96%93%E5%B9%B8%E7%A6%8F%E9%8D%8B%E7%89%A9+%E5%8F%B0%E5%8C%97%E5%8D%97%E4%BA%AC%E4%B8%80%E5%BA%97/data=!4m7!3m6!1s0x3442a9666e9f721d:0x8aefbd57ef6d5d45!8m2!3d25.0518598!4d121.5273867!16s%2Fg%2F11b7cqtsy0!19sChIJHXKfbmapQjQRRV1t71e974o?authuser=0&hl=zh-TW&rclk=1,0x3442a9666e9f721d:0x8aefbd57ef6d5d45
1731,Meow,5,2 年前,"很開心築間終於展到台北了～

",2022-11-21,https://www.google.com.tw/maps/place/%E7%AF%89%E9%96%93%E5%B9%B8%E7%A6%8F%E9%8D%8B%E7%89%A9+%E5%8F%B0%E5%8C%97%E5%8D%97%E4%BA%AC%E4%B8%80%E5%BA%97/data=!4m7!3m6!1s0x3442a9666e9f721d:0x8aefbd57ef6d5d45!8m2!3d25.0518598!4d121.5273867!16s%2Fg%2F11b7cqtsy0!19sChIJHXKfbmapQjQRRV1t71e974o?authuser=0&hl=zh-TW&rclk=1,0x3442a9666e9f721d:0x8aefbd57ef6d5d45
1732,魏嘉妍,5,2 年前,"超級喜歡築間的火鍋，魚獲新鮮，價格優惠，全台都有分店唷

",2022-11-21,https://www.google.com.tw/maps/place/%E7%AF%89%E9%96%93%E5%B9%B8%E7%A6%8F%E9%8D%8B%E7%89%A9+%E5%8F%B0%E5%8C%97%E5%8D%97%E4%BA%AC%E4%B8%80%E5%BA%97/data=!4m7!3m6!1s0x3442a9666e9f721d:0x8aefbd57ef6d5d45!8m2!3d25.0518598!4d121.5273867!16s%2Fg%2F11b7cqtsy0!19sChIJHXKfbmapQjQRRV1t71e974o?authuser=0&hl=zh-TW&rclk=1,0x3442a9666e9f721d:0x8aefbd57ef6d5d45
1733,葉倢君,3,2 年前,,2022-11-21,https://www.google.com.tw/maps/place/%E7%AF%89%E9%96%93%E5%B9%B8%E7%A6%8F%E9%8D%8B%E7%89%A9+%E5%8F%B0%E5%8C%97%E5%8D%97%E4%BA%AC%E4%B8%80%E5%BA%97/data=!4m7!3m6!1s0x3442a9666e9f721d:0x8aefbd57ef6d5d45!8m2!3d25.0518598!4d121.5273867!16s%2Fg%2F11b7cqtsy0!19sChIJHXKfbmapQjQRRV1t71e974o?authuser=0&hl=zh-TW&rclk=1,0x3442a9666e9f721d:0x8aefbd57ef6d5d45
1734,Arisa Sung,4,2 年前,,2022-11-21,https://www.google.com.tw/maps/place/%E7%AF%89%E9%96%93%E5%B9%B8%E7%A6%8F%E9%8D%8B%E7%89%A9+%E5%8F%B0%E5%8C%97%E5%8D%97%E4%BA%AC%E4%B8%80%E5%BA%97/data=!4m7!3m6!1s0x3442a9666e9f721d:0x8aefbd57ef6d5d45!8m2!3d25.0518598!4d121.5273867!16s%2Fg%2F11b7cqtsy0!19sChIJHXKfbmapQjQRRV1t71e974o?authuser=0&hl=zh-TW&rclk=1,0x3442a9666e9f721d:0x8aefbd57ef6d5d45
1735,王藝蓁,5,2 年前,,2022-11-21,https://www.google.com.tw/maps/place/%E7%AF%89%E9%96%93%E5%B9%B8%E7%A6%8F%E9%8D%8B%E7%89%A9+%E5%8F%B0%E5%8C%97%E5%8D%97%E4%BA%AC%E4%B8%80%E5%BA%97/data=!4m7!3m6!1s0x3442a9666e9f721d:0x8aefbd57ef6d5d45!8m2!3d25.0518598!4d121.5273867!16s%2Fg%2F11b7cqtsy0!19sChIJHXKfbmapQjQRRV1t71e974o?authuser=0&hl=zh-TW&rclk=1,0x3442a9666e9f721d:0x8aefbd57ef6d5d45
1736,Mickey Sam,3,2 年前,,2022-11-21,https://www.google.com.tw/maps/place/%E7%AF%89%E9%96%93%E5%B9%B8%E7%A6%8F%E9%8D%8B%E7%89%A9+%E5%8F%B0%E5%8C%97%E5%8D%97%E4%BA%AC%E4%B8%80%E5%BA%97/data=!4m7!3m6!1s0x3442a9666e9f721d:0x8aefbd57ef6d5d45!8m2!3d25.0518598!4d121.5273867!16s%2Fg%2F11b7cqtsy0!19sChIJHXKfbmapQjQRRV1t71e974o?authuser=0&hl=zh-TW&rclk=1,0x3442a9666e9f721d:0x8aefbd57ef6d5d45
1737,Yun Vari,5,2 年前,,2022-11-21,https://www.google.com.tw/maps/place/%E7%AF%89%E9%96%93%E5%B9%B8%E7%A6%8F%E9%8D%8B%E7%89%A9+%E5%8F%B0%E5%8C%97%E5%8D%97%E4%BA%AC%E4%B8%80%E5%BA%97/data=!4m7!3m6!1s0x3442a9666e9f721d:0x8aefbd57ef6d5d45!8m2!3d25.0518598!4d121.5273867!16s%2Fg%2F11b7cqtsy0!19sChIJHXKfbmapQjQRRV1t71e974o?authuser=0&hl=zh-TW&rclk=1,0x3442a9666e9f721d:0x8aefbd57ef6d5d45
1738,鄭依琪,5,2 年前,,2022-11-21,https://www.google.com.tw/maps/place/%E7%AF%89%E9%96%93%E5%B9%B8%E7%A6%8F%E9%8D%8B%E7%89%A9+%E5%8F%B0%E5%8C%97%E5%8D%97%E4%BA%AC%E4%B8%80%E5%BA%97/data=!4m7!3m6!1s0x3442a9666e9f721d:0x8aefbd57ef6d5d45!8m2!3d25.0518598!4d121.5273867!16s%2Fg%2F11b7cqtsy0!19sChIJHXKfbmapQjQRRV1t71e974o?authuser=0&hl=zh-TW&rclk=1,0x3442a9666e9f721d:0x8aefbd57ef6d5d45
1739,舒翔之,1,2 年前,,2022-11-21,https://www.google.com.tw/maps/place/%E7%AF%89%E9%96%93%E5%B9%B8%E7%A6%8F%E9%8D%8B%E7%89%A9+%E5%8F%B0%E5%8C%97%E5%8D%97%E4%BA%AC%E4%B8%80%E5%BA%97/data=!4m7!3m6!1s0x3442a9666e9f721d:0x8aefbd57ef6d5d45!8m2!3d25.0518598!4d121.5273867!16s%2Fg%2F11b7cqtsy0!19sChIJHXKfbmapQjQRRV1t71e974o?authuser=0&hl=zh-TW&rclk=1,0x3442a9666e9f721d:0x8aefbd57ef6d5d45
1740,芭尼力,5,2 年前,"食材新鮮，物超所值，聚會好地方

",2022-11-21,https://www.google.com.tw/maps/place/%E7%AF%89%E9%96%93%E5%B9%B8%E7%A6%8F%E9%8D%8B%E7%89%A9+%E5%8F%B0%E5%8C%97%E5%8D%97%E4%BA%AC%E4%B8%80%E5%BA%97/data=!4m7!3m6!1s0x3442a9666e9f721d:0x8aefbd57ef6d5d45!8m2!3d25.0518598!4d121.5273867!16s%2Fg%2F11b7cqtsy0!19sChIJHXKfbmapQjQRRV1t71e974o?authuser=0&hl=zh-TW&rclk=1,0x3442a9666e9f721d:0x8aefbd57ef6d5d45
1741,王彤庠,4,2 年前,"鍋物選擇多，食材新鮮，價格合理，環境方面二店冷氣稍微強了點，整體來說乾淨但往洗手間的通道及洗手間地板濕滑，需留意。二店的服務人員態度很友善且細心，但一店的服務人員表現很不耐煩、口氣不佳，讓人錯愕。

",2022-11-21,https://www.google.com.tw/maps/place/%E7%AF%89%E9%96%93%E5%B9%B8%E7%A6%8F%E9%8D%8B%E7%89%A9+%E5%8F%B0%E5%8C%97%E5%8D%97%E4%BA%AC%E4%B8%80%E5%BA%97/data=!4m7!3m6!1s0x3442a9666e9f721d:0x8aefbd57ef6d5d45!8m2!3d25.0518598!4d121.5273867!16s%2Fg%2F11b7cqtsy0!19sChIJHXKfbmapQjQRRV1t71e974o?authuser=0&hl=zh-TW&rclk=1,0x3442a9666e9f721d:0x8aefbd57ef6d5d45
1742,H L,5,2 年前,"冰淇淋讚

",2022-11-21,https://www.google.com.tw/maps/place/%E7%AF%89%E9%96%93%E5%B9%B8%E7%A6%8F%E9%8D%8B%E7%89%A9+%E5%8F%B0%E5%8C%97%E5%8D%97%E4%BA%AC%E4%B8%80%E5%BA%97/data=!4m7!3m6!1s0x3442a9666e9f721d:0x8aefbd57ef6d5d45!8m2!3d25.0518598!4d121.5273867!16s%2Fg%2F11b7cqtsy0!19sChIJHXKfbmapQjQRRV1t71e974o?authuser=0&hl=zh-TW&rclk=1,0x3442a9666e9f721d:0x8aefbd57ef6d5d45
1743,吳欉,5,2 年前,,2022-11-21,https://www.google.com.tw/maps/place/%E7%AF%89%E9%96%93%E5%B9%B8%E7%A6%8F%E9%8D%8B%E7%89%A9+%E5%8F%B0%E5%8C%97%E5%8D%97%E4%BA%AC%E4%B8%80%E5%BA%97/data=!4m7!3m6!1s0x3442a9666e9f721d:0x8aefbd57ef6d5d45!8m2!3d25.0518598!4d121.5273867!16s%2Fg%2F11b7cqtsy0!19sChIJHXKfbmapQjQRRV1t71e974o?authuser=0&hl=zh-TW&rclk=1,0x3442a9666e9f721d:0x8aefbd57ef6d5d45
1744,戴天寶,5,2 年前,"這間店不錯，我給5個星。

",2022-11-21,https://www.google.com.tw/maps/place/%E7%AF%89%E9%96%93%E5%B9%B8%E7%A6%8F%E9%8D%8B%E7%89%A9+%E5%8F%B0%E5%8C%97%E5%8D%97%E4%BA%AC%E4%B8%80%E5%BA%97/data=!4m7!3m6!1s0x3442a9666e9f721d:0x8aefbd57ef6d5d45!8m2!3d25.0518598!4d121.5273867!16s%2Fg%2F11b7cqtsy0!19sChIJHXKfbmapQjQRRV1t71e974o?authuser=0&hl=zh-TW&rclk=1,0x3442a9666e9f721d:0x8aefbd57ef6d5d45
1745,r r,3,2 年前,"蛤蜊煮了50分鐘還是沒開。  
少數醬料區有香菜的火鍋店，推推。

",2022-11-21,https://www.google.com.tw/maps/place/%E7%AF%89%E9%96%93%E5%B9%B8%E7%A6%8F%E9%8D%8B%E7%89%A9+%E5%8F%B0%E5%8C%97%E5%8D%97%E4%BA%AC%E4%B8%80%E5%BA%97/data=!4m7!3m6!1s0x3442a9666e9f721d:0x8aefbd57ef6d5d45!8m2!3d25.0518598!4d121.5273867!16s%2Fg%2F11b7cqtsy0!19sChIJHXKfbmapQjQRRV1t71e974o?authuser=0&hl=zh-TW&rclk=1,0x3442a9666e9f721d:0x8aefbd57ef6d5d45
1746,Joy Chiang,4,2 年前,,2022-11-21,https://www.google.com.tw/maps/place/%E7%AF%89%E9%96%93%E5%B9%B8%E7%A6%8F%E9%8D%8B%E7%89%A9+%E5%8F%B0%E5%8C%97%E5%8D%97%E4%BA%AC%E4%B8%80%E5%BA%97/data=!4m7!3m6!1s0x3442a9666e9f721d:0x8aefbd57ef6d5d45!8m2!3d25.0518598!4d121.5273867!16s%2Fg%2F11b7cqtsy0!19sChIJHXKfbmapQjQRRV1t71e974o?authuser=0&hl=zh-TW&rclk=1,0x3442a9666e9f721d:0x8aefbd57ef6d5d45
1747,carol wu,4,2 年前,,2022-11-21,https://www.google.com.tw/maps/place/%E7%AF%89%E9%96%93%E5%B9%B8%E7%A6%8F%E9%8D%8B%E7%89%A9+%E5%8F%B0%E5%8C%97%E5%8D%97%E4%BA%AC%E4%B8%80%E5%BA%97/data=!4m7!3m6!1s0x3442a9666e9f721d:0x8aefbd57ef6d5d45!8m2!3d25.0518598!4d121.5273867!16s%2Fg%2F11b7cqtsy0!19sChIJHXKfbmapQjQRRV1t71e974o?authuser=0&hl=zh-TW&rclk=1,0x3442a9666e9f721d:0x8aefbd57ef6d5d45
1748,戴雅玲,5,2 年前,"湯頭超棒平價CP值超高

",2022-11-21,https://www.google.com.tw/maps/place/%E7%AF%89%E9%96%93%E5%B9%B8%E7%A6%8F%E9%8D%8B%E7%89%A9+%E5%8F%B0%E5%8C%97%E5%8D%97%E4%BA%AC%E4%B8%80%E5%BA%97/data=!4m7!3m6!1s0x3442a9666e9f721d:0x8aefbd57ef6d5d45!8m2!3d25.0518598!4d121.5273867!16s%2Fg%2F11b7cqtsy0!19sChIJHXKfbmapQjQRRV1t71e974o?authuser=0&hl=zh-TW&rclk=1,0x3442a9666e9f721d:0x8aefbd57ef6d5d45
1749,到府按摩激痛點講師,5,2 年前,"便宜又好吃的小火鍋

",2022-11-21,https://www.google.com.tw/maps/place/%E7%AF%89%E9%96%93%E5%B9%B8%E7%A6%8F%E9%8D%8B%E7%89%A9+%E5%8F%B0%E5%8C%97%E5%8D%97%E4%BA%AC%E4%B8%80%E5%BA%97/data=!4m7!3m6!1s0x3442a9666e9f721d:0x8aefbd57ef6d5d45!8m2!3d25.0518598!4d121.5273867!16s%2Fg%2F11b7cqtsy0!19sChIJHXKfbmapQjQRRV1t71e974o?authuser=0&hl=zh-TW&rclk=1,0x3442a9666e9f721d:0x8aefbd57ef6d5d45
1750,吳炯輝,5,2 年前,,2022-11-21,https://www.google.com.tw/maps/place/%E7%AF%89%E9%96%93%E5%B9%B8%E7%A6%8F%E9%8D%8B%E7%89%A9+%E5%8F%B0%E5%8C%97%E5%8D%97%E4%BA%AC%E4%B8%80%E5%BA%97/data=!4m7!3m6!1s0x3442a9666e9f721d:0x8aefbd57ef6d5d45!8m2!3d25.0518598!4d121.5273867!16s%2Fg%2F11b7cqtsy0!19sChIJHXKfbmapQjQRRV1t71e974o?authuser=0&hl=zh-TW&rclk=1,0x3442a9666e9f721d:0x8aefbd57ef6d5d45
1751,陳子薈,2,2 年前,"廁所地板很滑、都是水，清潔有待加強。

",2022-11-21,https://www.google.com.tw/maps/place/%E7%AF%89%E9%96%93%E5%B9%B8%E7%A6%8F%E9%8D%8B%E7%89%A9+%E5%8F%B0%E5%8C%97%E5%8D%97%E4%BA%AC%E4%B8%80%E5%BA%97/data=!4m7!3m6!1s0x3442a9666e9f721d:0x8aefbd57ef6d5d45!8m2!3d25.0518598!4d121.5273867!16s%2Fg%2F11b7cqtsy0!19sChIJHXKfbmapQjQRRV1t71e974o?authuser=0&hl=zh-TW&rclk=1,0x3442a9666e9f721d:0x8aefbd57ef6d5d45
1752,Bryan Colins,3,2 年前,,2022-11-21,https://www.google.com.tw/maps/place/%E7%AF%89%E9%96%93%E5%B9%B8%E7%A6%8F%E9%8D%8B%E7%89%A9+%E5%8F%B0%E5%8C%97%E5%8D%97%E4%BA%AC%E4%B8%80%E5%BA%97/data=!4m7!3m6!1s0x3442a9666e9f721d:0x8aefbd57ef6d5d45!8m2!3d25.0518598!4d121.5273867!16s%2Fg%2F11b7cqtsy0!19sChIJHXKfbmapQjQRRV1t71e974o?authuser=0&hl=zh-TW&rclk=1,0x3442a9666e9f721d:0x8aefbd57ef6d5d45
1753,Jun Nene,5,2 年前,"羊肉鍋不會有羊騷味 很好吃 食材新鮮

",2022-11-21,https://www.google.com.tw/maps/place/%E7%AF%89%E9%96%93%E5%B9%B8%E7%A6%8F%E9%8D%8B%E7%89%A9+%E5%8F%B0%E5%8C%97%E5%8D%97%E4%BA%AC%E4%B8%80%E5%BA%97/data=!4m7!3m6!1s0x3442a9666e9f721d:0x8aefbd57ef6d5d45!8m2!3d25.0518598!4d121.5273867!16s%2Fg%2F11b7cqtsy0!19sChIJHXKfbmapQjQRRV1t71e974o?authuser=0&hl=zh-TW&rclk=1,0x3442a9666e9f721d:0x8aefbd57ef6d5d45
1754,李睿哲,4,2 年前,,2022-11-21,https://www.google.com.tw/maps/place/%E7%AF%89%E9%96%93%E5%B9%B8%E7%A6%8F%E9%8D%8B%E7%89%A9+%E5%8F%B0%E5%8C%97%E5%8D%97%E4%BA%AC%E4%B8%80%E5%BA%97/data=!4m7!3m6!1s0x3442a9666e9f721d:0x8aefbd57ef6d5d45!8m2!3d25.0518598!4d121.5273867!16s%2Fg%2F11b7cqtsy0!19sChIJHXKfbmapQjQRRV1t71e974o?authuser=0&hl=zh-TW&rclk=1,0x3442a9666e9f721d:0x8aefbd57ef6d5d45
1755,monkey720611,3,2 年前,"因為在我家路口，所以平均一年都吃15次左右，  
在沈玉琳的廣告前我就是常客了⋯  
但近期發現⋯全台北最難開的蛤蜊可能都送到這了，  
每次點蛤蜊草蝦鍋都要戰戰兢兢的擔心今天蛤蜊會不會又不開了⋯平常也有吃錢都的習慣，錢都開的可快的勒
‍♂️但價位是這裡的一半⋯叫我如何是好，這三年來漲價我可以接受，肉有時很薄我也可以接受，草蝦有時比平常小隻我也可以接受⋯但蛤蜊不只一次兩次煮不開真的太超過了啊，拜託下次不要再這樣了我想結束蛤蜊不開的惡夢

",2022-11-21,https://www.google.com.tw/maps/place/%E7%AF%89%E9%96%93%E5%B9%B8%E7%A6%8F%E9%8D%8B%E7%89%A9+%E5%8F%B0%E5%8C%97%E5%8D%97%E4%BA%AC%E4%B8%80%E5%BA%97/data=!4m7!3m6!1s0x3442a9666e9f721d:0x8aefbd57ef6d5d45!8m2!3d25.0518598!4d121.5273867!16s%2Fg%2F11b7cqtsy0!19sChIJHXKfbmapQjQRRV1t71e974o?authuser=0&hl=zh-TW&rclk=1,0x3442a9666e9f721d:0x8aefbd57ef6d5d45
1756,milkyoppyyyy,3,2 年前,"很常來吃不過最近肉變很薄 蛤蠣也很常不開

",2022-11-21,https://www.google.com.tw/maps/place/%E7%AF%89%E9%96%93%E5%B9%B8%E7%A6%8F%E9%8D%8B%E7%89%A9+%E5%8F%B0%E5%8C%97%E5%8D%97%E4%BA%AC%E4%B8%80%E5%BA%97/data=!4m7!3m6!1s0x3442a9666e9f721d:0x8aefbd57ef6d5d45!8m2!3d25.0518598!4d121.5273867!16s%2Fg%2F11b7cqtsy0!19sChIJHXKfbmapQjQRRV1t71e974o?authuser=0&hl=zh-TW&rclk=1,0x3442a9666e9f721d:0x8aefbd57ef6d5d45
1757,言言20156,5,2 年前,"很好吃

",2022-11-21,https://www.google.com.tw/maps/place/%E7%AF%89%E9%96%93%E5%B9%B8%E7%A6%8F%E9%8D%8B%E7%89%A9+%E5%8F%B0%E5%8C%97%E5%8D%97%E4%BA%AC%E4%B8%80%E5%BA%97/data=!4m7!3m6!1s0x3442a9666e9f721d:0x8aefbd57ef6d5d45!8m2!3d25.0518598!4d121.5273867!16s%2Fg%2F11b7cqtsy0!19sChIJHXKfbmapQjQRRV1t71e974o?authuser=0&hl=zh-TW&rclk=1,0x3442a9666e9f721d:0x8aefbd57ef6d5d45
1758,范書瑋,3,2 年前,"服務非常好，但食材沒有台中來的好！

",2022-11-21,https://www.google.com.tw/maps/place/%E7%AF%89%E9%96%93%E5%B9%B8%E7%A6%8F%E9%8D%8B%E7%89%A9+%E5%8F%B0%E5%8C%97%E5%8D%97%E4%BA%AC%E4%B8%80%E5%BA%97/data=!4m7!3m6!1s0x3442a9666e9f721d:0x8aefbd57ef6d5d45!8m2!3d25.0518598!4d121.5273867!16s%2Fg%2F11b7cqtsy0!19sChIJHXKfbmapQjQRRV1t71e974o?authuser=0&hl=zh-TW&rclk=1,0x3442a9666e9f721d:0x8aefbd57ef6d5d45
1759,hina fang,3,2 年前,,2022-11-21,https://www.google.com.tw/maps/place/%E7%AF%89%E9%96%93%E5%B9%B8%E7%A6%8F%E9%8D%8B%E7%89%A9+%E5%8F%B0%E5%8C%97%E5%8D%97%E4%BA%AC%E4%B8%80%E5%BA%97/data=!4m7!3m6!1s0x3442a9666e9f721d:0x8aefbd57ef6d5d45!8m2!3d25.0518598!4d121.5273867!16s%2Fg%2F11b7cqtsy0!19sChIJHXKfbmapQjQRRV1t71e974o?authuser=0&hl=zh-TW&rclk=1,0x3442a9666e9f721d:0x8aefbd57ef6d5d45
1760,卓永仁,5,2 年前,,2022-11-21,https://www.google.com.tw/maps/place/%E7%AF%89%E9%96%93%E5%B9%B8%E7%A6%8F%E9%8D%8B%E7%89%A9+%E5%8F%B0%E5%8C%97%E5%8D%97%E4%BA%AC%E4%B8%80%E5%BA%97/data=!4m7!3m6!1s0x3442a9666e9f721d:0x8aefbd57ef6d5d45!8m2!3d25.0518598!4d121.5273867!16s%2Fg%2F11b7cqtsy0!19sChIJHXKfbmapQjQRRV1t71e974o?authuser=0&hl=zh-TW&rclk=1,0x3442a9666e9f721d:0x8aefbd57ef6d5d45
1761,許媛琳,1,2 年前,,2022-11-21,https://www.google.com.tw/maps/place/%E7%AF%89%E9%96%93%E5%B9%B8%E7%A6%8F%E9%8D%8B%E7%89%A9+%E5%8F%B0%E5%8C%97%E5%8D%97%E4%BA%AC%E4%B8%80%E5%BA%97/data=!4m7!3m6!1s0x3442a9666e9f721d:0x8aefbd57ef6d5d45!8m2!3d25.0518598!4d121.5273867!16s%2Fg%2F11b7cqtsy0!19sChIJHXKfbmapQjQRRV1t71e974o?authuser=0&hl=zh-TW&rclk=1,0x3442a9666e9f721d:0x8aefbd57ef6d5d45
1762,黃致穎,5,2 年前,"不難吃，可以來試試看

",2022-11-21,https://www.google.com.tw/maps/place/%E7%AF%89%E9%96%93%E5%B9%B8%E7%A6%8F%E9%8D%8B%E7%89%A9+%E5%8F%B0%E5%8C%97%E5%8D%97%E4%BA%AC%E4%B8%80%E5%BA%97/data=!4m7!3m6!1s0x3442a9666e9f721d:0x8aefbd57ef6d5d45!8m2!3d25.0518598!4d121.5273867!16s%2Fg%2F11b7cqtsy0!19sChIJHXKfbmapQjQRRV1t71e974o?authuser=0&hl=zh-TW&rclk=1,0x3442a9666e9f721d:0x8aefbd57ef6d5d45
1763,CURTIS LIN,3,2 年前,,2022-11-21,https://www.google.com.tw/maps/place/%E7%AF%89%E9%96%93%E5%B9%B8%E7%A6%8F%E9%8D%8B%E7%89%A9+%E5%8F%B0%E5%8C%97%E5%8D%97%E4%BA%AC%E4%B8%80%E5%BA%97/data=!4m7!3m6!1s0x3442a9666e9f721d:0x8aefbd57ef6d5d45!8m2!3d25.0518598!4d121.5273867!16s%2Fg%2F11b7cqtsy0!19sChIJHXKfbmapQjQRRV1t71e974o?authuser=0&hl=zh-TW&rclk=1,0x3442a9666e9f721d:0x8aefbd57ef6d5d45
1764,徐蘭英,5,2 年前,,2022-11-21,https://www.google.com.tw/maps/place/%E7%AF%89%E9%96%93%E5%B9%B8%E7%A6%8F%E9%8D%8B%E7%89%A9+%E5%8F%B0%E5%8C%97%E5%8D%97%E4%BA%AC%E4%B8%80%E5%BA%97/data=!4m7!3m6!1s0x3442a9666e9f721d:0x8aefbd57ef6d5d45!8m2!3d25.0518598!4d121.5273867!16s%2Fg%2F11b7cqtsy0!19sChIJHXKfbmapQjQRRV1t71e974o?authuser=0&hl=zh-TW&rclk=1,0x3442a9666e9f721d:0x8aefbd57ef6d5d45
1765,陳可陳,1,2 年前,"肉一貫好吃，湯也好喝，海鮮看運氣。  
  
我們七個人坐六人桌 其中兩個人共用一鍋  
然後我們願意點七個套餐（菜盤+肉盤）  
然後店員竟然表示這樣要付七個湯底的錢，也就是兩個人共鍋的部分一樣要付兩個湯底的錢  
但是我們就只有六個鍋子  
店員跟我說有些人就是可以接受這樣子  
這什麼甩態的回答  
但我也不是要抱怨店員什麼問題，我知道他們很忙  
而是店家的這個規定是在污辱自己的智商嗎  
錢可以賺，但不要吃相難看，謝謝

",2022-11-21,https://www.google.com.tw/maps/place/%E7%AF%89%E9%96%93%E5%B9%B8%E7%A6%8F%E9%8D%8B%E7%89%A9+%E5%8F%B0%E5%8C%97%E5%8D%97%E4%BA%AC%E4%B8%80%E5%BA%97/data=!4m7!3m6!1s0x3442a9666e9f721d:0x8aefbd57ef6d5d45!8m2!3d25.0518598!4d121.5273867!16s%2Fg%2F11b7cqtsy0!19sChIJHXKfbmapQjQRRV1t71e974o?authuser=0&hl=zh-TW&rclk=1,0x3442a9666e9f721d:0x8aefbd57ef6d5d45
1766,慶鴻花,1,2 年前,"未事先告知用餐時間，時間到了的時候直接過來說只剩5分鐘

",2022-11-21,https://www.google.com.tw/maps/place/%E7%AF%89%E9%96%93%E5%B9%B8%E7%A6%8F%E9%8D%8B%E7%89%A9+%E5%8F%B0%E5%8C%97%E5%8D%97%E4%BA%AC%E4%B8%80%E5%BA%97/data=!4m7!3m6!1s0x3442a9666e9f721d:0x8aefbd57ef6d5d45!8m2!3d25.0518598!4d121.5273867!16s%2Fg%2F11b7cqtsy0!19sChIJHXKfbmapQjQRRV1t71e974o?authuser=0&hl=zh-TW&rclk=1,0x3442a9666e9f721d:0x8aefbd57ef6d5d45
1767,Paul Lin,4,2 年前,,2022-11-21,https://www.google.com.tw/maps/place/%E7%AF%89%E9%96%93%E5%B9%B8%E7%A6%8F%E9%8D%8B%E7%89%A9+%E5%8F%B0%E5%8C%97%E5%8D%97%E4%BA%AC%E4%B8%80%E5%BA%97/data=!4m7!3m6!1s0x3442a9666e9f721d:0x8aefbd57ef6d5d45!8m2!3d25.0518598!4d121.5273867!16s%2Fg%2F11b7cqtsy0!19sChIJHXKfbmapQjQRRV1t71e974o?authuser=0&hl=zh-TW&rclk=1,0x3442a9666e9f721d:0x8aefbd57ef6d5d45
1768,鈑金kevin lin,5,2 年前,"食材很棒很新鮮

",2022-11-21,https://www.google.com.tw/maps/place/%E7%AF%89%E9%96%93%E5%B9%B8%E7%A6%8F%E9%8D%8B%E7%89%A9+%E5%8F%B0%E5%8C%97%E5%8D%97%E4%BA%AC%E4%B8%80%E5%BA%97/data=!4m7!3m6!1s0x3442a9666e9f721d:0x8aefbd57ef6d5d45!8m2!3d25.0518598!4d121.5273867!16s%2Fg%2F11b7cqtsy0!19sChIJHXKfbmapQjQRRV1t71e974o?authuser=0&hl=zh-TW&rclk=1,0x3442a9666e9f721d:0x8aefbd57ef6d5d45
1769,蔡俊生,5,2 年前,,2022-11-21,https://www.google.com.tw/maps/place/%E7%AF%89%E9%96%93%E5%B9%B8%E7%A6%8F%E9%8D%8B%E7%89%A9+%E5%8F%B0%E5%8C%97%E5%8D%97%E4%BA%AC%E4%B8%80%E5%BA%97/data=!4m7!3m6!1s0x3442a9666e9f721d:0x8aefbd57ef6d5d45!8m2!3d25.0518598!4d121.5273867!16s%2Fg%2F11b7cqtsy0!19sChIJHXKfbmapQjQRRV1t71e974o?authuser=0&hl=zh-TW&rclk=1,0x3442a9666e9f721d:0x8aefbd57ef6d5d45
1770,Tody,5,2 年前,"牛奶湯底很好喝，不會很濃但是很夠牛奶味  
松阪豬品質很好，很順口欸  
雞腿肉也很新鮮  
菜盤也很大方  
每次吃築間都很滿足  
冰淇淋明智吃的也很開心

",2022-11-21,https://www.google.com.tw/maps/place/%E7%AF%89%E9%96%93%E5%B9%B8%E7%A6%8F%E9%8D%8B%E7%89%A9+%E5%8F%B0%E5%8C%97%E5%8D%97%E4%BA%AC%E4%B8%80%E5%BA%97/data=!4m7!3m6!1s0x3442a9666e9f721d:0x8aefbd57ef6d5d45!8m2!3d25.0518598!4d121.5273867!16s%2Fg%2F11b7cqtsy0!19sChIJHXKfbmapQjQRRV1t71e974o?authuser=0&hl=zh-TW&rclk=1,0x3442a9666e9f721d:0x8aefbd57ef6d5d45
1771,monica lee,1,2 年前,"海鮮不新鮮 而且等超久 肉類還不錯 但價格偏高 菜盤普通 雖然點數給得大方 但只能換單品 不能換鍋 各方面都比不過火鍋世家

",2022-11-21,https://www.google.com.tw/maps/place/%E7%AF%89%E9%96%93%E5%B9%B8%E7%A6%8F%E9%8D%8B%E7%89%A9+%E5%8F%B0%E5%8C%97%E5%8D%97%E4%BA%AC%E4%B8%80%E5%BA%97/data=!4m7!3m6!1s0x3442a9666e9f721d:0x8aefbd57ef6d5d45!8m2!3d25.0518598!4d121.5273867!16s%2Fg%2F11b7cqtsy0!19sChIJHXKfbmapQjQRRV1t71e974o?authuser=0&hl=zh-TW&rclk=1,0x3442a9666e9f721d:0x8aefbd57ef6d5d45
1772,Tiffany Chen,5,2 年前,"三不五時會來吃一下  
好吃cp值又高  
而且還會給點數讓你換食物！

",2022-11-21,https://www.google.com.tw/maps/place/%E7%AF%89%E9%96%93%E5%B9%B8%E7%A6%8F%E9%8D%8B%E7%89%A9+%E5%8F%B0%E5%8C%97%E5%8D%97%E4%BA%AC%E4%B8%80%E5%BA%97/data=!4m7!3m6!1s0x3442a9666e9f721d:0x8aefbd57ef6d5d45!8m2!3d25.0518598!4d121.5273867!16s%2Fg%2F11b7cqtsy0!19sChIJHXKfbmapQjQRRV1t71e974o?authuser=0&hl=zh-TW&rclk=1,0x3442a9666e9f721d:0x8aefbd57ef6d5d45
1773,陳玉燕,3,2 年前,"點龍王鍋980+10%內容豐富海鮮量多肉質嫩客人絡繹不絕看不出經濟不景氣若那位服務小姐的表情能帶點善意就符合幸福鍋!ps:請店家打包吃剩熱湯別用塑膠袋了塑化劑溶入還能吃麼?

",2022-11-21,https://www.google.com.tw/maps/place/%E7%AF%89%E9%96%93%E5%B9%B8%E7%A6%8F%E9%8D%8B%E7%89%A9+%E5%8F%B0%E5%8C%97%E5%8D%97%E4%BA%AC%E4%B8%80%E5%BA%97/data=!4m7!3m6!1s0x3442a9666e9f721d:0x8aefbd57ef6d5d45!8m2!3d25.0518598!4d121.5273867!16s%2Fg%2F11b7cqtsy0!19sChIJHXKfbmapQjQRRV1t71e974o?authuser=0&hl=zh-TW&rclk=1,0x3442a9666e9f721d:0x8aefbd57ef6d5d45
1774,叮噹小,5,2 年前,"服務態度很好

",2022-11-21,https://www.google.com.tw/maps/place/%E7%AF%89%E9%96%93%E5%B9%B8%E7%A6%8F%E9%8D%8B%E7%89%A9+%E5%8F%B0%E5%8C%97%E5%8D%97%E4%BA%AC%E4%B8%80%E5%BA%97/data=!4m7!3m6!1s0x3442a9666e9f721d:0x8aefbd57ef6d5d45!8m2!3d25.0518598!4d121.5273867!16s%2Fg%2F11b7cqtsy0!19sChIJHXKfbmapQjQRRV1t71e974o?authuser=0&hl=zh-TW&rclk=1,0x3442a9666e9f721d:0x8aefbd57ef6d5d45
1775,Mike Chen,4,2 年前,"霜降牛不錯吃

",2022-11-21,https://www.google.com.tw/maps/place/%E7%AF%89%E9%96%93%E5%B9%B8%E7%A6%8F%E9%8D%8B%E7%89%A9+%E5%8F%B0%E5%8C%97%E5%8D%97%E4%BA%AC%E4%B8%80%E5%BA%97/data=!4m7!3m6!1s0x3442a9666e9f721d:0x8aefbd57ef6d5d45!8m2!3d25.0518598!4d121.5273867!16s%2Fg%2F11b7cqtsy0!19sChIJHXKfbmapQjQRRV1t71e974o?authuser=0&hl=zh-TW&rclk=1,0x3442a9666e9f721d:0x8aefbd57ef6d5d45
1776,郭建谷,5,2 年前,,2022-11-21,https://www.google.com.tw/maps/place/%E7%AF%89%E9%96%93%E5%B9%B8%E7%A6%8F%E9%8D%8B%E7%89%A9+%E5%8F%B0%E5%8C%97%E5%8D%97%E4%BA%AC%E4%B8%80%E5%BA%97/data=!4m7!3m6!1s0x3442a9666e9f721d:0x8aefbd57ef6d5d45!8m2!3d25.0518598!4d121.5273867!16s%2Fg%2F11b7cqtsy0!19sChIJHXKfbmapQjQRRV1t71e974o?authuser=0&hl=zh-TW&rclk=1,0x3442a9666e9f721d:0x8aefbd57ef6d5d45
1777,Jacky Tsai,4,2 年前,,2022-11-21,https://www.google.com.tw/maps/place/%E7%AF%89%E9%96%93%E5%B9%B8%E7%A6%8F%E9%8D%8B%E7%89%A9+%E5%8F%B0%E5%8C%97%E5%8D%97%E4%BA%AC%E4%B8%80%E5%BA%97/data=!4m7!3m6!1s0x3442a9666e9f721d:0x8aefbd57ef6d5d45!8m2!3d25.0518598!4d121.5273867!16s%2Fg%2F11b7cqtsy0!19sChIJHXKfbmapQjQRRV1t71e974o?authuser=0&hl=zh-TW&rclk=1,0x3442a9666e9f721d:0x8aefbd57ef6d5d45
1778,張建中,2,2 年前,,2022-11-21,https://www.google.com.tw/maps/place/%E7%AF%89%E9%96%93%E5%B9%B8%E7%A6%8F%E9%8D%8B%E7%89%A9+%E5%8F%B0%E5%8C%97%E5%8D%97%E4%BA%AC%E4%B8%80%E5%BA%97/data=!4m7!3m6!1s0x3442a9666e9f721d:0x8aefbd57ef6d5d45!8m2!3d25.0518598!4d121.5273867!16s%2Fg%2F11b7cqtsy0!19sChIJHXKfbmapQjQRRV1t71e974o?authuser=0&hl=zh-TW&rclk=1,0x3442a9666e9f721d:0x8aefbd57ef6d5d45
1779,張嘉峰,5,2 年前,,2022-11-21,https://www.google.com.tw/maps/place/%E7%AF%89%E9%96%93%E5%B9%B8%E7%A6%8F%E9%8D%8B%E7%89%A9+%E5%8F%B0%E5%8C%97%E5%8D%97%E4%BA%AC%E4%B8%80%E5%BA%97/data=!4m7!3m6!1s0x3442a9666e9f721d:0x8aefbd57ef6d5d45!8m2!3d25.0518598!4d121.5273867!16s%2Fg%2F11b7cqtsy0!19sChIJHXKfbmapQjQRRV1t71e974o?authuser=0&hl=zh-TW&rclk=1,0x3442a9666e9f721d:0x8aefbd57ef6d5d45
1780,hung fu Hsu,4,2 年前,,2022-11-21,https://www.google.com.tw/maps/place/%E7%AF%89%E9%96%93%E5%B9%B8%E7%A6%8F%E9%8D%8B%E7%89%A9+%E5%8F%B0%E5%8C%97%E5%8D%97%E4%BA%AC%E4%B8%80%E5%BA%97/data=!4m7!3m6!1s0x3442a9666e9f721d:0x8aefbd57ef6d5d45!8m2!3d25.0518598!4d121.5273867!16s%2Fg%2F11b7cqtsy0!19sChIJHXKfbmapQjQRRV1t71e974o?authuser=0&hl=zh-TW&rclk=1,0x3442a9666e9f721d:0x8aefbd57ef6d5d45
1781,酥,4,2 年前,,2022-11-21,https://www.google.com.tw/maps/place/%E7%AF%89%E9%96%93%E5%B9%B8%E7%A6%8F%E9%8D%8B%E7%89%A9+%E5%8F%B0%E5%8C%97%E5%8D%97%E4%BA%AC%E4%B8%80%E5%BA%97/data=!4m7!3m6!1s0x3442a9666e9f721d:0x8aefbd57ef6d5d45!8m2!3d25.0518598!4d121.5273867!16s%2Fg%2F11b7cqtsy0!19sChIJHXKfbmapQjQRRV1t71e974o?authuser=0&hl=zh-TW&rclk=1,0x3442a9666e9f721d:0x8aefbd57ef6d5d45
1782,Hannah Chiu,4,2 年前,,2022-11-21,https://www.google.com.tw/maps/place/%E7%AF%89%E9%96%93%E5%B9%B8%E7%A6%8F%E9%8D%8B%E7%89%A9+%E5%8F%B0%E5%8C%97%E5%8D%97%E4%BA%AC%E4%B8%80%E5%BA%97/data=!4m7!3m6!1s0x3442a9666e9f721d:0x8aefbd57ef6d5d45!8m2!3d25.0518598!4d121.5273867!16s%2Fg%2F11b7cqtsy0!19sChIJHXKfbmapQjQRRV1t71e974o?authuser=0&hl=zh-TW&rclk=1,0x3442a9666e9f721d:0x8aefbd57ef6d5d45
1783,安妮,5,2 年前,"鮮菇奶香湯真的太好喝了，光喝湯就好滿足  
豆皮讓人忍不住一直加點  
基本菜盤裡面居然有蝦子  
三個人怕吃不完所以單點一鍋再共鍋一份大份的松阪豬另外加點火鍋料  
飽到吃不完結帳時也被很平凡的金額嚇到  
  
服務生加湯和桌邊服務的速度很快！

",2022-11-21,https://www.google.com.tw/maps/place/%E7%AF%89%E9%96%93%E5%B9%B8%E7%A6%8F%E9%8D%8B%E7%89%A9+%E5%8F%B0%E5%8C%97%E5%8D%97%E4%BA%AC%E4%B8%80%E5%BA%97/data=!4m7!3m6!1s0x3442a9666e9f721d:0x8aefbd57ef6d5d45!8m2!3d25.0518598!4d121.5273867!16s%2Fg%2F11b7cqtsy0!19sChIJHXKfbmapQjQRRV1t71e974o?authuser=0&hl=zh-TW&rclk=1,0x3442a9666e9f721d:0x8aefbd57ef6d5d45
1784,Shih-Han Lee,4,2 年前,,2022-11-21,https://www.google.com.tw/maps/place/%E7%AF%89%E9%96%93%E5%B9%B8%E7%A6%8F%E9%8D%8B%E7%89%A9+%E5%8F%B0%E5%8C%97%E5%8D%97%E4%BA%AC%E4%B8%80%E5%BA%97/data=!4m7!3m6!1s0x3442a9666e9f721d:0x8aefbd57ef6d5d45!8m2!3d25.0518598!4d121.5273867!16s%2Fg%2F11b7cqtsy0!19sChIJHXKfbmapQjQRRV1t71e974o?authuser=0&hl=zh-TW&rclk=1,0x3442a9666e9f721d:0x8aefbd57ef6d5d45
1785,劉柏良,4,2 年前,,2022-11-21,https://www.google.com.tw/maps/place/%E7%AF%89%E9%96%93%E5%B9%B8%E7%A6%8F%E9%8D%8B%E7%89%A9+%E5%8F%B0%E5%8C%97%E5%8D%97%E4%BA%AC%E4%B8%80%E5%BA%97/data=!4m7!3m6!1s0x3442a9666e9f721d:0x8aefbd57ef6d5d45!8m2!3d25.0518598!4d121.5273867!16s%2Fg%2F11b7cqtsy0!19sChIJHXKfbmapQjQRRV1t71e974o?authuser=0&hl=zh-TW&rclk=1,0x3442a9666e9f721d:0x8aefbd57ef6d5d45
1786,Sin Lin,2,2 年前,"東西是不錯 但是服務人員有待加強 跟他說要加湯過了一陣子都沒有來在跟他說了第二次，結果湯加超多，感覺就是懶得再來加，後來結帳時等了一下子因為他在講電話

",2022-11-21,https://www.google.com.tw/maps/place/%E7%AF%89%E9%96%93%E5%B9%B8%E7%A6%8F%E9%8D%8B%E7%89%A9+%E5%8F%B0%E5%8C%97%E5%8D%97%E4%BA%AC%E4%B8%80%E5%BA%97/data=!4m7!3m6!1s0x3442a9666e9f721d:0x8aefbd57ef6d5d45!8m2!3d25.0518598!4d121.5273867!16s%2Fg%2F11b7cqtsy0!19sChIJHXKfbmapQjQRRV1t71e974o?authuser=0&hl=zh-TW&rclk=1,0x3442a9666e9f721d:0x8aefbd57ef6d5d45
1787,Jerry Mau,5,2 年前,"好吃

",2022-11-21,https://www.google.com.tw/maps/place/%E7%AF%89%E9%96%93%E5%B9%B8%E7%A6%8F%E9%8D%8B%E7%89%A9+%E5%8F%B0%E5%8C%97%E5%8D%97%E4%BA%AC%E4%B8%80%E5%BA%97/data=!4m7!3m6!1s0x3442a9666e9f721d:0x8aefbd57ef6d5d45!8m2!3d25.0518598!4d121.5273867!16s%2Fg%2F11b7cqtsy0!19sChIJHXKfbmapQjQRRV1t71e974o?authuser=0&hl=zh-TW&rclk=1,0x3442a9666e9f721d:0x8aefbd57ef6d5d45
1788,黃玉秀,5,2 年前,"東西好吃，服務好

",2022-11-21,https://www.google.com.tw/maps/place/%E7%AF%89%E9%96%93%E5%B9%B8%E7%A6%8F%E9%8D%8B%E7%89%A9+%E5%8F%B0%E5%8C%97%E5%8D%97%E4%BA%AC%E4%B8%80%E5%BA%97/data=!4m7!3m6!1s0x3442a9666e9f721d:0x8aefbd57ef6d5d45!8m2!3d25.0518598!4d121.5273867!16s%2Fg%2F11b7cqtsy0!19sChIJHXKfbmapQjQRRV1t71e974o?authuser=0&hl=zh-TW&rclk=1,0x3442a9666e9f721d:0x8aefbd57ef6d5d45
1789,Melody Lu,5,2 年前,,2022-11-21,https://www.google.com.tw/maps/place/%E7%AF%89%E9%96%93%E5%B9%B8%E7%A6%8F%E9%8D%8B%E7%89%A9+%E5%8F%B0%E5%8C%97%E5%8D%97%E4%BA%AC%E4%B8%80%E5%BA%97/data=!4m7!3m6!1s0x3442a9666e9f721d:0x8aefbd57ef6d5d45!8m2!3d25.0518598!4d121.5273867!16s%2Fg%2F11b7cqtsy0!19sChIJHXKfbmapQjQRRV1t71e974o?authuser=0&hl=zh-TW&rclk=1,0x3442a9666e9f721d:0x8aefbd57ef6d5d45
1790,Kobe Chen,3,2 年前,,2022-11-21,https://www.google.com.tw/maps/place/%E7%AF%89%E9%96%93%E5%B9%B8%E7%A6%8F%E9%8D%8B%E7%89%A9+%E5%8F%B0%E5%8C%97%E5%8D%97%E4%BA%AC%E4%B8%80%E5%BA%97/data=!4m7!3m6!1s0x3442a9666e9f721d:0x8aefbd57ef6d5d45!8m2!3d25.0518598!4d121.5273867!16s%2Fg%2F11b7cqtsy0!19sChIJHXKfbmapQjQRRV1t71e974o?authuser=0&hl=zh-TW&rclk=1,0x3442a9666e9f721d:0x8aefbd57ef6d5d45
1791,Micoo,4,2 年前,,2022-11-21,https://www.google.com.tw/maps/place/%E7%AF%89%E9%96%93%E5%B9%B8%E7%A6%8F%E9%8D%8B%E7%89%A9+%E5%8F%B0%E5%8C%97%E5%8D%97%E4%BA%AC%E4%B8%80%E5%BA%97/data=!4m7!3m6!1s0x3442a9666e9f721d:0x8aefbd57ef6d5d45!8m2!3d25.0518598!4d121.5273867!16s%2Fg%2F11b7cqtsy0!19sChIJHXKfbmapQjQRRV1t71e974o?authuser=0&hl=zh-TW&rclk=1,0x3442a9666e9f721d:0x8aefbd57ef6d5d45
1792,劉國益,5,2 年前,,2022-11-21,https://www.google.com.tw/maps/place/%E7%AF%89%E9%96%93%E5%B9%B8%E7%A6%8F%E9%8D%8B%E7%89%A9+%E5%8F%B0%E5%8C%97%E5%8D%97%E4%BA%AC%E4%B8%80%E5%BA%97/data=!4m7!3m6!1s0x3442a9666e9f721d:0x8aefbd57ef6d5d45!8m2!3d25.0518598!4d121.5273867!16s%2Fg%2F11b7cqtsy0!19sChIJHXKfbmapQjQRRV1t71e974o?authuser=0&hl=zh-TW&rclk=1,0x3442a9666e9f721d:0x8aefbd57ef6d5d45
1793,Colin Fong,5,2 年前,"份量很多，又美味好吃，會再來吃的

",2022-11-21,https://www.google.com.tw/maps/place/%E7%AF%89%E9%96%93%E5%B9%B8%E7%A6%8F%E9%8D%8B%E7%89%A9+%E5%8F%B0%E5%8C%97%E5%8D%97%E4%BA%AC%E4%B8%80%E5%BA%97/data=!4m7!3m6!1s0x3442a9666e9f721d:0x8aefbd57ef6d5d45!8m2!3d25.0518598!4d121.5273867!16s%2Fg%2F11b7cqtsy0!19sChIJHXKfbmapQjQRRV1t71e974o?authuser=0&hl=zh-TW&rclk=1,0x3442a9666e9f721d:0x8aefbd57ef6d5d45
1794,蘇昱菁,5,2 年前,,2022-11-21,https://www.google.com.tw/maps/place/%E7%AF%89%E9%96%93%E5%B9%B8%E7%A6%8F%E9%8D%8B%E7%89%A9+%E5%8F%B0%E5%8C%97%E5%8D%97%E4%BA%AC%E4%B8%80%E5%BA%97/data=!4m7!3m6!1s0x3442a9666e9f721d:0x8aefbd57ef6d5d45!8m2!3d25.0518598!4d121.5273867!16s%2Fg%2F11b7cqtsy0!19sChIJHXKfbmapQjQRRV1t71e974o?authuser=0&hl=zh-TW&rclk=1,0x3442a9666e9f721d:0x8aefbd57ef6d5d45
1795,賴曉宇,4,2 年前,,2022-11-21,https://www.google.com.tw/maps/place/%E7%AF%89%E9%96%93%E5%B9%B8%E7%A6%8F%E9%8D%8B%E7%89%A9+%E5%8F%B0%E5%8C%97%E5%8D%97%E4%BA%AC%E4%B8%80%E5%BA%97/data=!4m7!3m6!1s0x3442a9666e9f721d:0x8aefbd57ef6d5d45!8m2!3d25.0518598!4d121.5273867!16s%2Fg%2F11b7cqtsy0!19sChIJHXKfbmapQjQRRV1t71e974o?authuser=0&hl=zh-TW&rclk=1,0x3442a9666e9f721d:0x8aefbd57ef6d5d45
1796,孟霏謝,4,2 年前,"物超所值，服務也很好，值得再度光臨

",2022-11-21,https://www.google.com.tw/maps/place/%E7%AF%89%E9%96%93%E5%B9%B8%E7%A6%8F%E9%8D%8B%E7%89%A9+%E5%8F%B0%E5%8C%97%E5%8D%97%E4%BA%AC%E4%B8%80%E5%BA%97/data=!4m7!3m6!1s0x3442a9666e9f721d:0x8aefbd57ef6d5d45!8m2!3d25.0518598!4d121.5273867!16s%2Fg%2F11b7cqtsy0!19sChIJHXKfbmapQjQRRV1t71e974o?authuser=0&hl=zh-TW&rclk=1,0x3442a9666e9f721d:0x8aefbd57ef6d5d45
1797,Hanna baby Angel 漢娜小妞吃播,1,2 年前,"訂位時有跟店員說需要三張兒童椅，到一樓店員有告知會有點擠，我們也說沒關係，到了二樓卻找藉口說椅子只能放兩張，而且只能放側邊，又說不能放靠外面的兩張椅子中間，別人不能走，堅持只能放兩張，感覺椅子好像很大，最後卻自己脫口說，因為樓上只有兩張，要第三張還要下去樓下搬！所以放不下只是個藉口！後來我們也作罷或許椅子很大不好搬，結果就搬來兩張，椅子也是ikea那種，並不會佔很大位子，覺得很傻眼！在用餐前更發現碗沒有洗乾淨，後來來的隔壁桌客人也發現碗沒乾淨，衛生有待加強，整體用餐感受非常差！

",2022-11-21,https://www.google.com.tw/maps/place/%E7%AF%89%E9%96%93%E5%B9%B8%E7%A6%8F%E9%8D%8B%E7%89%A9+%E5%8F%B0%E5%8C%97%E5%8D%97%E4%BA%AC%E4%B8%80%E5%BA%97/data=!4m7!3m6!1s0x3442a9666e9f721d:0x8aefbd57ef6d5d45!8m2!3d25.0518598!4d121.5273867!16s%2Fg%2F11b7cqtsy0!19sChIJHXKfbmapQjQRRV1t71e974o?authuser=0&hl=zh-TW&rclk=1,0x3442a9666e9f721d:0x8aefbd57ef6d5d45
1798,Kavin F (Kaveman),5,2 年前,,2022-11-21,https://www.google.com.tw/maps/place/%E7%AF%89%E9%96%93%E5%B9%B8%E7%A6%8F%E9%8D%8B%E7%89%A9+%E5%8F%B0%E5%8C%97%E5%8D%97%E4%BA%AC%E4%B8%80%E5%BA%97/data=!4m7!3m6!1s0x3442a9666e9f721d:0x8aefbd57ef6d5d45!8m2!3d25.0518598!4d121.5273867!16s%2Fg%2F11b7cqtsy0!19sChIJHXKfbmapQjQRRV1t71e974o?authuser=0&hl=zh-TW&rclk=1,0x3442a9666e9f721d:0x8aefbd57ef6d5d45
1799,yingyu Chen,5,2 年前,,2022-11-21,https://www.google.com.tw/maps/place/%E7%AF%89%E9%96%93%E5%B9%B8%E7%A6%8F%E9%8D%8B%E7%89%A9+%E5%8F%B0%E5%8C%97%E5%8D%97%E4%BA%AC%E4%B8%80%E5%BA%97/data=!4m7!3m6!1s0x3442a9666e9f721d:0x8aefbd57ef6d5d45!8m2!3d25.0518598!4d121.5273867!16s%2Fg%2F11b7cqtsy0!19sChIJHXKfbmapQjQRRV1t71e974o?authuser=0&hl=zh-TW&rclk=1,0x3442a9666e9f721d:0x8aefbd57ef6d5d45
1800,Eric Hsu,5,2 年前,"很愛來吃這家火鍋 牛奶鍋非常好吃 麻辣鍋偏辣(吃小辣的要小心) 有冰淇淋吃 飲料選擇偏少 其他都很棒 就是常常需要等位置就是

",2022-11-21,https://www.google.com.tw/maps/place/%E7%AF%89%E9%96%93%E5%B9%B8%E7%A6%8F%E9%8D%8B%E7%89%A9+%E5%8F%B0%E5%8C%97%E5%8D%97%E4%BA%AC%E4%B8%80%E5%BA%97/data=!4m7!3m6!1s0x3442a9666e9f721d:0x8aefbd57ef6d5d45!8m2!3d25.0518598!4d121.5273867!16s%2Fg%2F11b7cqtsy0!19sChIJHXKfbmapQjQRRV1t71e974o?authuser=0&hl=zh-TW&rclk=1,0x3442a9666e9f721d:0x8aefbd57ef6d5d45
1801,吳姍姍,2,2 年前,,2022-11-21,https://www.google.com.tw/maps/place/%E7%AF%89%E9%96%93%E5%B9%B8%E7%A6%8F%E9%8D%8B%E7%89%A9+%E5%8F%B0%E5%8C%97%E5%8D%97%E4%BA%AC%E4%B8%80%E5%BA%97/data=!4m7!3m6!1s0x3442a9666e9f721d:0x8aefbd57ef6d5d45!8m2!3d25.0518598!4d121.5273867!16s%2Fg%2F11b7cqtsy0!19sChIJHXKfbmapQjQRRV1t71e974o?authuser=0&hl=zh-TW&rclk=1,0x3442a9666e9f721d:0x8aefbd57ef6d5d45
1802,Sylvia Pan,4,2 年前,"食材新鮮 湯頭好吃 麻辣鍋底夠味 CP值不錯唷

",2022-11-21,https://www.google.com.tw/maps/place/%E7%AF%89%E9%96%93%E5%B9%B8%E7%A6%8F%E9%8D%8B%E7%89%A9+%E5%8F%B0%E5%8C%97%E5%8D%97%E4%BA%AC%E4%B8%80%E5%BA%97/data=!4m7!3m6!1s0x3442a9666e9f721d:0x8aefbd57ef6d5d45!8m2!3d25.0518598!4d121.5273867!16s%2Fg%2F11b7cqtsy0!19sChIJHXKfbmapQjQRRV1t71e974o?authuser=0&hl=zh-TW&rclk=1,0x3442a9666e9f721d:0x8aefbd57ef6d5d45
1803,yalun liu,5,2 年前,,2022-11-21,https://www.google.com.tw/maps/place/%E7%AF%89%E9%96%93%E5%B9%B8%E7%A6%8F%E9%8D%8B%E7%89%A9+%E5%8F%B0%E5%8C%97%E5%8D%97%E4%BA%AC%E4%B8%80%E5%BA%97/data=!4m7!3m6!1s0x3442a9666e9f721d:0x8aefbd57ef6d5d45!8m2!3d25.0518598!4d121.5273867!16s%2Fg%2F11b7cqtsy0!19sChIJHXKfbmapQjQRRV1t71e974o?authuser=0&hl=zh-TW&rclk=1,0x3442a9666e9f721d:0x8aefbd57ef6d5d45
1804,Thompson Ho,4,2 年前,,2022-11-21,https://www.google.com.tw/maps/place/%E7%AF%89%E9%96%93%E5%B9%B8%E7%A6%8F%E9%8D%8B%E7%89%A9+%E5%8F%B0%E5%8C%97%E5%8D%97%E4%BA%AC%E4%B8%80%E5%BA%97/data=!4m7!3m6!1s0x3442a9666e9f721d:0x8aefbd57ef6d5d45!8m2!3d25.0518598!4d121.5273867!16s%2Fg%2F11b7cqtsy0!19sChIJHXKfbmapQjQRRV1t71e974o?authuser=0&hl=zh-TW&rclk=1,0x3442a9666e9f721d:0x8aefbd57ef6d5d45
1805,Jimmy Tseng,2,2 年前,,2022-11-21,https://www.google.com.tw/maps/place/%E7%AF%89%E9%96%93%E5%B9%B8%E7%A6%8F%E9%8D%8B%E7%89%A9+%E5%8F%B0%E5%8C%97%E5%8D%97%E4%BA%AC%E4%B8%80%E5%BA%97/data=!4m7!3m6!1s0x3442a9666e9f721d:0x8aefbd57ef6d5d45!8m2!3d25.0518598!4d121.5273867!16s%2Fg%2F11b7cqtsy0!19sChIJHXKfbmapQjQRRV1t71e974o?authuser=0&hl=zh-TW&rclk=1,0x3442a9666e9f721d:0x8aefbd57ef6d5d45
1806,An Hsieh,1,2 年前,"碗因切肉的工作人員弄到，整個差點砸到客人的頭，但店員絲毫沒有悔意，也根本沒有要將掉地上的碗撿起來，反而讓客人自己幫他撿，這個服務態度收服務費，真的蠻匪夷所失的，還有送餐速度超級慢，慢到我的菜盤快吃完肉盤才出現在餐桌上，加湯也要三催四請的，肉的品質也很普，今天如果服務態度很好，收服務費根本理所當然的，但是這個態度我不予置評。

",2022-11-21,https://www.google.com.tw/maps/place/%E7%AF%89%E9%96%93%E5%B9%B8%E7%A6%8F%E9%8D%8B%E7%89%A9+%E5%8F%B0%E5%8C%97%E5%8D%97%E4%BA%AC%E4%B8%80%E5%BA%97/data=!4m7!3m6!1s0x3442a9666e9f721d:0x8aefbd57ef6d5d45!8m2!3d25.0518598!4d121.5273867!16s%2Fg%2F11b7cqtsy0!19sChIJHXKfbmapQjQRRV1t71e974o?authuser=0&hl=zh-TW&rclk=1,0x3442a9666e9f721d:0x8aefbd57ef6d5d45
1807,Lynnn,4,2 年前,,2022-11-21,https://www.google.com.tw/maps/place/%E7%AF%89%E9%96%93%E5%B9%B8%E7%A6%8F%E9%8D%8B%E7%89%A9+%E5%8F%B0%E5%8C%97%E5%8D%97%E4%BA%AC%E4%B8%80%E5%BA%97/data=!4m7!3m6!1s0x3442a9666e9f721d:0x8aefbd57ef6d5d45!8m2!3d25.0518598!4d121.5273867!16s%2Fg%2F11b7cqtsy0!19sChIJHXKfbmapQjQRRV1t71e974o?authuser=0&hl=zh-TW&rclk=1,0x3442a9666e9f721d:0x8aefbd57ef6d5d45
1808,Bryan Shen,5,2 年前,"cp值高又好吃

",2022-11-21,https://www.google.com.tw/maps/place/%E7%AF%89%E9%96%93%E5%B9%B8%E7%A6%8F%E9%8D%8B%E7%89%A9+%E5%8F%B0%E5%8C%97%E5%8D%97%E4%BA%AC%E4%B8%80%E5%BA%97/data=!4m7!3m6!1s0x3442a9666e9f721d:0x8aefbd57ef6d5d45!8m2!3d25.0518598!4d121.5273867!16s%2Fg%2F11b7cqtsy0!19sChIJHXKfbmapQjQRRV1t71e974o?authuser=0&hl=zh-TW&rclk=1,0x3442a9666e9f721d:0x8aefbd57ef6d5d45
1809,JIA ZA,4,2 年前,,2022-11-21,https://www.google.com.tw/maps/place/%E7%AF%89%E9%96%93%E5%B9%B8%E7%A6%8F%E9%8D%8B%E7%89%A9+%E5%8F%B0%E5%8C%97%E5%8D%97%E4%BA%AC%E4%B8%80%E5%BA%97/data=!4m7!3m6!1s0x3442a9666e9f721d:0x8aefbd57ef6d5d45!8m2!3d25.0518598!4d121.5273867!16s%2Fg%2F11b7cqtsy0!19sChIJHXKfbmapQjQRRV1t71e974o?authuser=0&hl=zh-TW&rclk=1,0x3442a9666e9f721d:0x8aefbd57ef6d5d45
1810,陳上達,5,2 年前,,2022-11-21,https://www.google.com.tw/maps/place/%E7%AF%89%E9%96%93%E5%B9%B8%E7%A6%8F%E9%8D%8B%E7%89%A9+%E5%8F%B0%E5%8C%97%E5%8D%97%E4%BA%AC%E4%B8%80%E5%BA%97/data=!4m7!3m6!1s0x3442a9666e9f721d:0x8aefbd57ef6d5d45!8m2!3d25.0518598!4d121.5273867!16s%2Fg%2F11b7cqtsy0!19sChIJHXKfbmapQjQRRV1t71e974o?authuser=0&hl=zh-TW&rclk=1,0x3442a9666e9f721d:0x8aefbd57ef6d5d45
1811,Henry Yeh,5,2 年前,,2022-11-21,https://www.google.com.tw/maps/place/%E7%AF%89%E9%96%93%E5%B9%B8%E7%A6%8F%E9%8D%8B%E7%89%A9+%E5%8F%B0%E5%8C%97%E5%8D%97%E4%BA%AC%E4%B8%80%E5%BA%97/data=!4m7!3m6!1s0x3442a9666e9f721d:0x8aefbd57ef6d5d45!8m2!3d25.0518598!4d121.5273867!16s%2Fg%2F11b7cqtsy0!19sChIJHXKfbmapQjQRRV1t71e974o?authuser=0&hl=zh-TW&rclk=1,0x3442a9666e9f721d:0x8aefbd57ef6d5d45
1812,陳庭偉,5,2 年前,"我最愛築間❤️

",2022-11-21,https://www.google.com.tw/maps/place/%E7%AF%89%E9%96%93%E5%B9%B8%E7%A6%8F%E9%8D%8B%E7%89%A9+%E5%8F%B0%E5%8C%97%E5%8D%97%E4%BA%AC%E4%B8%80%E5%BA%97/data=!4m7!3m6!1s0x3442a9666e9f721d:0x8aefbd57ef6d5d45!8m2!3d25.0518598!4d121.5273867!16s%2Fg%2F11b7cqtsy0!19sChIJHXKfbmapQjQRRV1t71e974o?authuser=0&hl=zh-TW&rclk=1,0x3442a9666e9f721d:0x8aefbd57ef6d5d45
1813,Keyo,1,2 年前,"謝謝你們讓我體驗第一次吃火鍋壓力這麼大，  
用餐時間90分鐘 四個人點的火鍋都超慢上，甚至一人剩三十分鐘才來，結果我們要求加時間，被拒絕，東西沒吃完連冰淇淋那些都沒吃到  
  
昨天經過想想不對忘記給你們評論，我補上了  
  
2019/8/24

",2022-11-21,https://www.google.com.tw/maps/place/%E7%AF%89%E9%96%93%E5%B9%B8%E7%A6%8F%E9%8D%8B%E7%89%A9+%E5%8F%B0%E5%8C%97%E5%8D%97%E4%BA%AC%E4%B8%80%E5%BA%97/data=!4m7!3m6!1s0x3442a9666e9f721d:0x8aefbd57ef6d5d45!8m2!3d25.0518598!4d121.5273867!16s%2Fg%2F11b7cqtsy0!19sChIJHXKfbmapQjQRRV1t71e974o?authuser=0&hl=zh-TW&rclk=1,0x3442a9666e9f721d:0x8aefbd57ef6d5d45
1814,Elijah Mai,5,2 年前,,2022-11-21,https://www.google.com.tw/maps/place/%E7%AF%89%E9%96%93%E5%B9%B8%E7%A6%8F%E9%8D%8B%E7%89%A9+%E5%8F%B0%E5%8C%97%E5%8D%97%E4%BA%AC%E4%B8%80%E5%BA%97/data=!4m7!3m6!1s0x3442a9666e9f721d:0x8aefbd57ef6d5d45!8m2!3d25.0518598!4d121.5273867!16s%2Fg%2F11b7cqtsy0!19sChIJHXKfbmapQjQRRV1t71e974o?authuser=0&hl=zh-TW&rclk=1,0x3442a9666e9f721d:0x8aefbd57ef6d5d45
1815,黃百祥,1,2 年前,,2022-11-21,https://www.google.com.tw/maps/place/%E7%AF%89%E9%96%93%E5%B9%B8%E7%A6%8F%E9%8D%8B%E7%89%A9+%E5%8F%B0%E5%8C%97%E5%8D%97%E4%BA%AC%E4%B8%80%E5%BA%97/data=!4m7!3m6!1s0x3442a9666e9f721d:0x8aefbd57ef6d5d45!8m2!3d25.0518598!4d121.5273867!16s%2Fg%2F11b7cqtsy0!19sChIJHXKfbmapQjQRRV1t71e974o?authuser=0&hl=zh-TW&rclk=1,0x3442a9666e9f721d:0x8aefbd57ef6d5d45
1816,陳冠樺,5,2 年前,,2022-11-21,https://www.google.com.tw/maps/place/%E7%AF%89%E9%96%93%E5%B9%B8%E7%A6%8F%E9%8D%8B%E7%89%A9+%E5%8F%B0%E5%8C%97%E5%8D%97%E4%BA%AC%E4%B8%80%E5%BA%97/data=!4m7!3m6!1s0x3442a9666e9f721d:0x8aefbd57ef6d5d45!8m2!3d25.0518598!4d121.5273867!16s%2Fg%2F11b7cqtsy0!19sChIJHXKfbmapQjQRRV1t71e974o?authuser=0&hl=zh-TW&rclk=1,0x3442a9666e9f721d:0x8aefbd57ef6d5d45
1817,林建呈,5,2 年前,,2022-11-21,https://www.google.com.tw/maps/place/%E7%AF%89%E9%96%93%E5%B9%B8%E7%A6%8F%E9%8D%8B%E7%89%A9+%E5%8F%B0%E5%8C%97%E5%8D%97%E4%BA%AC%E4%B8%80%E5%BA%97/data=!4m7!3m6!1s0x3442a9666e9f721d:0x8aefbd57ef6d5d45!8m2!3d25.0518598!4d121.5273867!16s%2Fg%2F11b7cqtsy0!19sChIJHXKfbmapQjQRRV1t71e974o?authuser=0&hl=zh-TW&rclk=1,0x3442a9666e9f721d:0x8aefbd57ef6d5d45
1818,黃有志,5,2 年前,"食物新鮮,而且海鮮類下面還會舖冰塊保鮮

",2022-11-21,https://www.google.com.tw/maps/place/%E7%AF%89%E9%96%93%E5%B9%B8%E7%A6%8F%E9%8D%8B%E7%89%A9+%E5%8F%B0%E5%8C%97%E5%8D%97%E4%BA%AC%E4%B8%80%E5%BA%97/data=!4m7!3m6!1s0x3442a9666e9f721d:0x8aefbd57ef6d5d45!8m2!3d25.0518598!4d121.5273867!16s%2Fg%2F11b7cqtsy0!19sChIJHXKfbmapQjQRRV1t71e974o?authuser=0&hl=zh-TW&rclk=1,0x3442a9666e9f721d:0x8aefbd57ef6d5d45
1819,TONY Huang,1,2 年前,"十個人去吃，出餐等超過15分鐘，加點一堆，限時1.5H,加點也沒多給時間或提醒時間上需要注意量，吃的有點不愉快

",2022-11-21,https://www.google.com.tw/maps/place/%E7%AF%89%E9%96%93%E5%B9%B8%E7%A6%8F%E9%8D%8B%E7%89%A9+%E5%8F%B0%E5%8C%97%E5%8D%97%E4%BA%AC%E4%B8%80%E5%BA%97/data=!4m7!3m6!1s0x3442a9666e9f721d:0x8aefbd57ef6d5d45!8m2!3d25.0518598!4d121.5273867!16s%2Fg%2F11b7cqtsy0!19sChIJHXKfbmapQjQRRV1t71e974o?authuser=0&hl=zh-TW&rclk=1,0x3442a9666e9f721d:0x8aefbd57ef6d5d45
1820,大俠,5,2 年前,"整體還不錯  
環境整潔 舒適  
服務不錯  
冰淇淋是明治的  
醬料區有香菜  
有蒜苗會更好

",2022-11-21,https://www.google.com.tw/maps/place/%E7%AF%89%E9%96%93%E5%B9%B8%E7%A6%8F%E9%8D%8B%E7%89%A9+%E5%8F%B0%E5%8C%97%E5%8D%97%E4%BA%AC%E4%B8%80%E5%BA%97/data=!4m7!3m6!1s0x3442a9666e9f721d:0x8aefbd57ef6d5d45!8m2!3d25.0518598!4d121.5273867!16s%2Fg%2F11b7cqtsy0!19sChIJHXKfbmapQjQRRV1t71e974o?authuser=0&hl=zh-TW&rclk=1,0x3442a9666e9f721d:0x8aefbd57ef6d5d45
1821,Dustin Hwang,4,2 年前,"便宜好吃，肉送的很大方

",2022-11-21,https://www.google.com.tw/maps/place/%E7%AF%89%E9%96%93%E5%B9%B8%E7%A6%8F%E9%8D%8B%E7%89%A9+%E5%8F%B0%E5%8C%97%E5%8D%97%E4%BA%AC%E4%B8%80%E5%BA%97/data=!4m7!3m6!1s0x3442a9666e9f721d:0x8aefbd57ef6d5d45!8m2!3d25.0518598!4d121.5273867!16s%2Fg%2F11b7cqtsy0!19sChIJHXKfbmapQjQRRV1t71e974o?authuser=0&hl=zh-TW&rclk=1,0x3442a9666e9f721d:0x8aefbd57ef6d5d45
1822,楊閔婷,4,2 年前,,2022-11-21,https://www.google.com.tw/maps/place/%E7%AF%89%E9%96%93%E5%B9%B8%E7%A6%8F%E9%8D%8B%E7%89%A9+%E5%8F%B0%E5%8C%97%E5%8D%97%E4%BA%AC%E4%B8%80%E5%BA%97/data=!4m7!3m6!1s0x3442a9666e9f721d:0x8aefbd57ef6d5d45!8m2!3d25.0518598!4d121.5273867!16s%2Fg%2F11b7cqtsy0!19sChIJHXKfbmapQjQRRV1t71e974o?authuser=0&hl=zh-TW&rclk=1,0x3442a9666e9f721d:0x8aefbd57ef6d5d45
1823,Chih-ming Chen (Curtis),5,2 年前,"好吃又新鮮，朋友來可以聚餐，是好地點

",2022-11-21,https://www.google.com.tw/maps/place/%E7%AF%89%E9%96%93%E5%B9%B8%E7%A6%8F%E9%8D%8B%E7%89%A9+%E5%8F%B0%E5%8C%97%E5%8D%97%E4%BA%AC%E4%B8%80%E5%BA%97/data=!4m7!3m6!1s0x3442a9666e9f721d:0x8aefbd57ef6d5d45!8m2!3d25.0518598!4d121.5273867!16s%2Fg%2F11b7cqtsy0!19sChIJHXKfbmapQjQRRV1t71e974o?authuser=0&hl=zh-TW&rclk=1,0x3442a9666e9f721d:0x8aefbd57ef6d5d45
1824,邱海斗,5,2 年前,,2022-11-21,https://www.google.com.tw/maps/place/%E7%AF%89%E9%96%93%E5%B9%B8%E7%A6%8F%E9%8D%8B%E7%89%A9+%E5%8F%B0%E5%8C%97%E5%8D%97%E4%BA%AC%E4%B8%80%E5%BA%97/data=!4m7!3m6!1s0x3442a9666e9f721d:0x8aefbd57ef6d5d45!8m2!3d25.0518598!4d121.5273867!16s%2Fg%2F11b7cqtsy0!19sChIJHXKfbmapQjQRRV1t71e974o?authuser=0&hl=zh-TW&rclk=1,0x3442a9666e9f721d:0x8aefbd57ef6d5d45
1825,poyu Chen,4,2 年前,,2022-11-21,https://www.google.com.tw/maps/place/%E7%AF%89%E9%96%93%E5%B9%B8%E7%A6%8F%E9%8D%8B%E7%89%A9+%E5%8F%B0%E5%8C%97%E5%8D%97%E4%BA%AC%E4%B8%80%E5%BA%97/data=!4m7!3m6!1s0x3442a9666e9f721d:0x8aefbd57ef6d5d45!8m2!3d25.0518598!4d121.5273867!16s%2Fg%2F11b7cqtsy0!19sChIJHXKfbmapQjQRRV1t71e974o?authuser=0&hl=zh-TW&rclk=1,0x3442a9666e9f721d:0x8aefbd57ef6d5d45
1826,柯雪慧,3,2 年前,,2022-11-21,https://www.google.com.tw/maps/place/%E7%AF%89%E9%96%93%E5%B9%B8%E7%A6%8F%E9%8D%8B%E7%89%A9+%E5%8F%B0%E5%8C%97%E5%8D%97%E4%BA%AC%E4%B8%80%E5%BA%97/data=!4m7!3m6!1s0x3442a9666e9f721d:0x8aefbd57ef6d5d45!8m2!3d25.0518598!4d121.5273867!16s%2Fg%2F11b7cqtsy0!19sChIJHXKfbmapQjQRRV1t71e974o?authuser=0&hl=zh-TW&rclk=1,0x3442a9666e9f721d:0x8aefbd57ef6d5d45
1827,Joannie,5,2 年前,,2022-11-21,https://www.google.com.tw/maps/place/%E7%AF%89%E9%96%93%E5%B9%B8%E7%A6%8F%E9%8D%8B%E7%89%A9+%E5%8F%B0%E5%8C%97%E5%8D%97%E4%BA%AC%E4%B8%80%E5%BA%97/data=!4m7!3m6!1s0x3442a9666e9f721d:0x8aefbd57ef6d5d45!8m2!3d25.0518598!4d121.5273867!16s%2Fg%2F11b7cqtsy0!19sChIJHXKfbmapQjQRRV1t71e974o?authuser=0&hl=zh-TW&rclk=1,0x3442a9666e9f721d:0x8aefbd57ef6d5d45
1828,Sandy Huang,4,2 年前,"cp值頗高的地方

",2022-11-21,https://www.google.com.tw/maps/place/%E7%AF%89%E9%96%93%E5%B9%B8%E7%A6%8F%E9%8D%8B%E7%89%A9+%E5%8F%B0%E5%8C%97%E5%8D%97%E4%BA%AC%E4%B8%80%E5%BA%97/data=!4m7!3m6!1s0x3442a9666e9f721d:0x8aefbd57ef6d5d45!8m2!3d25.0518598!4d121.5273867!16s%2Fg%2F11b7cqtsy0!19sChIJHXKfbmapQjQRRV1t71e974o?authuser=0&hl=zh-TW&rclk=1,0x3442a9666e9f721d:0x8aefbd57ef6d5d45
1829,LIYING YANG,5,2 年前,"好吃又平價的鍋物，二樓的用餐區座位寬敞不吵雜，動線也十分寬闊，不會讓在走道坐著用餐的人有壓迫感。肉質新鮮、湯底多樣化且配菜豐富，昨天一吃完馬上又訂了下次來聚餐的時間。  
  
我個人點的澳洲板腱牛，薄厚度剛剛好肉質彈性佳，先生點的霜降牛油脂含量低吃起來也入口即化。唯獨霜降牛不是那麼好咬斷，也有可能是朋友遲了半小時才來用餐而影響到口感。  
  
桌邊服務很到位，店員適時的來加湯底與收盤，禮貌且動作優雅，不會讓你覺得有被趕著吃完的壓力。最後推薦他們的冰淇淋全部都是明治的，飲料部分是雀巢的檸檬紅茶與奶茶，整個CP質非常高。

",2022-11-21,https://www.google.com.tw/maps/place/%E7%AF%89%E9%96%93%E5%B9%B8%E7%A6%8F%E9%8D%8B%E7%89%A9+%E5%8F%B0%E5%8C%97%E5%8D%97%E4%BA%AC%E4%B8%80%E5%BA%97/data=!4m7!3m6!1s0x3442a9666e9f721d:0x8aefbd57ef6d5d45!8m2!3d25.0518598!4d121.5273867!16s%2Fg%2F11b7cqtsy0!19sChIJHXKfbmapQjQRRV1t71e974o?authuser=0&hl=zh-TW&rclk=1,0x3442a9666e9f721d:0x8aefbd57ef6d5d45
1830,Steven Melvin,5,2 年前,,2022-11-21,https://www.google.com.tw/maps/place/%E7%AF%89%E9%96%93%E5%B9%B8%E7%A6%8F%E9%8D%8B%E7%89%A9+%E5%8F%B0%E5%8C%97%E5%8D%97%E4%BA%AC%E4%B8%80%E5%BA%97/data=!4m7!3m6!1s0x3442a9666e9f721d:0x8aefbd57ef6d5d45!8m2!3d25.0518598!4d121.5273867!16s%2Fg%2F11b7cqtsy0!19sChIJHXKfbmapQjQRRV1t71e974o?authuser=0&hl=zh-TW&rclk=1,0x3442a9666e9f721d:0x8aefbd57ef6d5d45
1831,Ya Yun Lin,3,2 年前,,2022-11-21,https://www.google.com.tw/maps/place/%E7%AF%89%E9%96%93%E5%B9%B8%E7%A6%8F%E9%8D%8B%E7%89%A9+%E5%8F%B0%E5%8C%97%E5%8D%97%E4%BA%AC%E4%B8%80%E5%BA%97/data=!4m7!3m6!1s0x3442a9666e9f721d:0x8aefbd57ef6d5d45!8m2!3d25.0518598!4d121.5273867!16s%2Fg%2F11b7cqtsy0!19sChIJHXKfbmapQjQRRV1t71e974o?authuser=0&hl=zh-TW&rclk=1,0x3442a9666e9f721d:0x8aefbd57ef6d5d45
1832,ALing Hu,4,2 年前,,2022-11-21,https://www.google.com.tw/maps/place/%E7%AF%89%E9%96%93%E5%B9%B8%E7%A6%8F%E9%8D%8B%E7%89%A9+%E5%8F%B0%E5%8C%97%E5%8D%97%E4%BA%AC%E4%B8%80%E5%BA%97/data=!4m7!3m6!1s0x3442a9666e9f721d:0x8aefbd57ef6d5d45!8m2!3d25.0518598!4d121.5273867!16s%2Fg%2F11b7cqtsy0!19sChIJHXKfbmapQjQRRV1t71e974o?authuser=0&hl=zh-TW&rclk=1,0x3442a9666e9f721d:0x8aefbd57ef6d5d45
1833,蕭惠文,5,2 年前,,2022-11-21,https://www.google.com.tw/maps/place/%E7%AF%89%E9%96%93%E5%B9%B8%E7%A6%8F%E9%8D%8B%E7%89%A9+%E5%8F%B0%E5%8C%97%E5%8D%97%E4%BA%AC%E4%B8%80%E5%BA%97/data=!4m7!3m6!1s0x3442a9666e9f721d:0x8aefbd57ef6d5d45!8m2!3d25.0518598!4d121.5273867!16s%2Fg%2F11b7cqtsy0!19sChIJHXKfbmapQjQRRV1t71e974o?authuser=0&hl=zh-TW&rclk=1,0x3442a9666e9f721d:0x8aefbd57ef6d5d45
1834,yen ja yang,5,2 年前,"(由 Google 提供翻譯) 牛肉很棒。慷慨服務的價格。  
  
(原始評論)  
Beef was great. Generous serving for the price.

",2022-11-21,https://www.google.com.tw/maps/place/%E7%AF%89%E9%96%93%E5%B9%B8%E7%A6%8F%E9%8D%8B%E7%89%A9+%E5%8F%B0%E5%8C%97%E5%8D%97%E4%BA%AC%E4%B8%80%E5%BA%97/data=!4m7!3m6!1s0x3442a9666e9f721d:0x8aefbd57ef6d5d45!8m2!3d25.0518598!4d121.5273867!16s%2Fg%2F11b7cqtsy0!19sChIJHXKfbmapQjQRRV1t71e974o?authuser=0&hl=zh-TW&rclk=1,0x3442a9666e9f721d:0x8aefbd57ef6d5d45
1835,Steven王定一,4,2 年前,,2022-11-21,https://www.google.com.tw/maps/place/%E7%AF%89%E9%96%93%E5%B9%B8%E7%A6%8F%E9%8D%8B%E7%89%A9+%E5%8F%B0%E5%8C%97%E5%8D%97%E4%BA%AC%E4%B8%80%E5%BA%97/data=!4m7!3m6!1s0x3442a9666e9f721d:0x8aefbd57ef6d5d45!8m2!3d25.0518598!4d121.5273867!16s%2Fg%2F11b7cqtsy0!19sChIJHXKfbmapQjQRRV1t71e974o?authuser=0&hl=zh-TW&rclk=1,0x3442a9666e9f721d:0x8aefbd57ef6d5d45
1836,蘇明豐,4,2 年前,,2022-11-21,https://www.google.com.tw/maps/place/%E7%AF%89%E9%96%93%E5%B9%B8%E7%A6%8F%E9%8D%8B%E7%89%A9+%E5%8F%B0%E5%8C%97%E5%8D%97%E4%BA%AC%E4%B8%80%E5%BA%97/data=!4m7!3m6!1s0x3442a9666e9f721d:0x8aefbd57ef6d5d45!8m2!3d25.0518598!4d121.5273867!16s%2Fg%2F11b7cqtsy0!19sChIJHXKfbmapQjQRRV1t71e974o?authuser=0&hl=zh-TW&rclk=1,0x3442a9666e9f721d:0x8aefbd57ef6d5d45
1837,atanw6,4,2 年前,,2022-11-21,https://www.google.com.tw/maps/place/%E7%AF%89%E9%96%93%E5%B9%B8%E7%A6%8F%E9%8D%8B%E7%89%A9+%E5%8F%B0%E5%8C%97%E5%8D%97%E4%BA%AC%E4%B8%80%E5%BA%97/data=!4m7!3m6!1s0x3442a9666e9f721d:0x8aefbd57ef6d5d45!8m2!3d25.0518598!4d121.5273867!16s%2Fg%2F11b7cqtsy0!19sChIJHXKfbmapQjQRRV1t71e974o?authuser=0&hl=zh-TW&rclk=1,0x3442a9666e9f721d:0x8aefbd57ef6d5d45
1838,李燕燕,5,2 年前,,2022-11-21,https://www.google.com.tw/maps/place/%E7%AF%89%E9%96%93%E5%B9%B8%E7%A6%8F%E9%8D%8B%E7%89%A9+%E5%8F%B0%E5%8C%97%E5%8D%97%E4%BA%AC%E4%B8%80%E5%BA%97/data=!4m7!3m6!1s0x3442a9666e9f721d:0x8aefbd57ef6d5d45!8m2!3d25.0518598!4d121.5273867!16s%2Fg%2F11b7cqtsy0!19sChIJHXKfbmapQjQRRV1t71e974o?authuser=0&hl=zh-TW&rclk=1,0x3442a9666e9f721d:0x8aefbd57ef6d5d45
1839,JiaWang,2,2 年前,"沒有準時給預約帶位，等了蠻久的，  
結果用餐時間卻從預約時間開始計算，火鍋都還沒吃完就開始被趕客，甚至送餐都有夠緩慢，拖延用餐時間。  
稍微高單價的餐廳，結果飲料只提供紙杯？？？  
想請員工幫忙拍照，結果被罵髒話？請問這間店的服務生到底是有什麼問題？？？  
餐點還算不錯，但是整體用餐經驗非常差勁

",2022-11-21,https://www.google.com.tw/maps/place/%E7%AF%89%E9%96%93%E5%B9%B8%E7%A6%8F%E9%8D%8B%E7%89%A9+%E5%8F%B0%E5%8C%97%E5%8D%97%E4%BA%AC%E4%B8%80%E5%BA%97/data=!4m7!3m6!1s0x3442a9666e9f721d:0x8aefbd57ef6d5d45!8m2!3d25.0518598!4d121.5273867!16s%2Fg%2F11b7cqtsy0!19sChIJHXKfbmapQjQRRV1t71e974o?authuser=0&hl=zh-TW&rclk=1,0x3442a9666e9f721d:0x8aefbd57ef6d5d45
1840,yichuan wang,1,2 年前,"訂六點半 讓我們在外罰站十五分鐘多說前面客人在收了 收十五分鐘哦？  
進去後 上肉加湯都等超久  
吃不到一個半小時就來催人 連鍋都還沒吃完 飲料用紙杯很瞎 羊肉味不夠  
我們晚進去快二十分 竟然七點四五就來催人說剩15分鐘？？？？？  
服務差的要死  
請他們拍照 員工推來推去的  
一個在那邊自顧自的拿外送的飲料  
後來一個胖的還講到還罵髒話(不是罵我)  
真的是滿問號的 直接加入黑名單⋯⋯

",2022-11-21,https://www.google.com.tw/maps/place/%E7%AF%89%E9%96%93%E5%B9%B8%E7%A6%8F%E9%8D%8B%E7%89%A9+%E5%8F%B0%E5%8C%97%E5%8D%97%E4%BA%AC%E4%B8%80%E5%BA%97/data=!4m7!3m6!1s0x3442a9666e9f721d:0x8aefbd57ef6d5d45!8m2!3d25.0518598!4d121.5273867!16s%2Fg%2F11b7cqtsy0!19sChIJHXKfbmapQjQRRV1t71e974o?authuser=0&hl=zh-TW&rclk=1,0x3442a9666e9f721d:0x8aefbd57ef6d5d45
1841,萊德汲Lai De Ji,4,2 年前,,2022-11-21,https://www.google.com.tw/maps/place/%E7%AF%89%E9%96%93%E5%B9%B8%E7%A6%8F%E9%8D%8B%E7%89%A9+%E5%8F%B0%E5%8C%97%E5%8D%97%E4%BA%AC%E4%B8%80%E5%BA%97/data=!4m7!3m6!1s0x3442a9666e9f721d:0x8aefbd57ef6d5d45!8m2!3d25.0518598!4d121.5273867!16s%2Fg%2F11b7cqtsy0!19sChIJHXKfbmapQjQRRV1t71e974o?authuser=0&hl=zh-TW&rclk=1,0x3442a9666e9f721d:0x8aefbd57ef6d5d45
1842,shang 70,4,2 年前,"怎麼越來越貴了

",2022-11-21,https://www.google.com.tw/maps/place/%E7%AF%89%E9%96%93%E5%B9%B8%E7%A6%8F%E9%8D%8B%E7%89%A9+%E5%8F%B0%E5%8C%97%E5%8D%97%E4%BA%AC%E4%B8%80%E5%BA%97/data=!4m7!3m6!1s0x3442a9666e9f721d:0x8aefbd57ef6d5d45!8m2!3d25.0518598!4d121.5273867!16s%2Fg%2F11b7cqtsy0!19sChIJHXKfbmapQjQRRV1t71e974o?authuser=0&hl=zh-TW&rclk=1,0x3442a9666e9f721d:0x8aefbd57ef6d5d45
1843,Agathe Lin,4,2 年前,,2022-11-21,https://www.google.com.tw/maps/place/%E7%AF%89%E9%96%93%E5%B9%B8%E7%A6%8F%E9%8D%8B%E7%89%A9+%E5%8F%B0%E5%8C%97%E5%8D%97%E4%BA%AC%E4%B8%80%E5%BA%97/data=!4m7!3m6!1s0x3442a9666e9f721d:0x8aefbd57ef6d5d45!8m2!3d25.0518598!4d121.5273867!16s%2Fg%2F11b7cqtsy0!19sChIJHXKfbmapQjQRRV1t71e974o?authuser=0&hl=zh-TW&rclk=1,0x3442a9666e9f721d:0x8aefbd57ef6d5d45
1844,江慶庭,5,2 年前,,2022-11-21,https://www.google.com.tw/maps/place/%E7%AF%89%E9%96%93%E5%B9%B8%E7%A6%8F%E9%8D%8B%E7%89%A9+%E5%8F%B0%E5%8C%97%E5%8D%97%E4%BA%AC%E4%B8%80%E5%BA%97/data=!4m7!3m6!1s0x3442a9666e9f721d:0x8aefbd57ef6d5d45!8m2!3d25.0518598!4d121.5273867!16s%2Fg%2F11b7cqtsy0!19sChIJHXKfbmapQjQRRV1t71e974o?authuser=0&hl=zh-TW&rclk=1,0x3442a9666e9f721d:0x8aefbd57ef6d5d45
1845,Celine,1,2 年前,"沒有這個價位該有的服務跟品質

",2022-11-21,https://www.google.com.tw/maps/place/%E7%AF%89%E9%96%93%E5%B9%B8%E7%A6%8F%E9%8D%8B%E7%89%A9+%E5%8F%B0%E5%8C%97%E5%8D%97%E4%BA%AC%E4%B8%80%E5%BA%97/data=!4m7!3m6!1s0x3442a9666e9f721d:0x8aefbd57ef6d5d45!8m2!3d25.0518598!4d121.5273867!16s%2Fg%2F11b7cqtsy0!19sChIJHXKfbmapQjQRRV1t71e974o?authuser=0&hl=zh-TW&rclk=1,0x3442a9666e9f721d:0x8aefbd57ef6d5d45
1846,Zeta,4,2 年前,"還行，用餐環境ok

",2022-11-21,https://www.google.com.tw/maps/place/%E7%AF%89%E9%96%93%E5%B9%B8%E7%A6%8F%E9%8D%8B%E7%89%A9+%E5%8F%B0%E5%8C%97%E5%8D%97%E4%BA%AC%E4%B8%80%E5%BA%97/data=!4m7!3m6!1s0x3442a9666e9f721d:0x8aefbd57ef6d5d45!8m2!3d25.0518598!4d121.5273867!16s%2Fg%2F11b7cqtsy0!19sChIJHXKfbmapQjQRRV1t71e974o?authuser=0&hl=zh-TW&rclk=1,0x3442a9666e9f721d:0x8aefbd57ef6d5d45
1847,凱凱,5,2 年前,"餐點份量很剛好，吃的很飽，大推築間的會員制，下載app就送5點，當月壽星送10點，消費滿100元累積1點，5點就可以換肉盤了，而且送的肉盤份量也不馬虎，很有誠意。

",2022-11-21,https://www.google.com.tw/maps/place/%E7%AF%89%E9%96%93%E5%B9%B8%E7%A6%8F%E9%8D%8B%E7%89%A9+%E5%8F%B0%E5%8C%97%E5%8D%97%E4%BA%AC%E4%B8%80%E5%BA%97/data=!4m7!3m6!1s0x3442a9666e9f721d:0x8aefbd57ef6d5d45!8m2!3d25.0518598!4d121.5273867!16s%2Fg%2F11b7cqtsy0!19sChIJHXKfbmapQjQRRV1t71e974o?authuser=0&hl=zh-TW&rclk=1,0x3442a9666e9f721d:0x8aefbd57ef6d5d45
1848,Bill Kuo,4,2 年前,"還不錯

",2022-11-21,https://www.google.com.tw/maps/place/%E7%AF%89%E9%96%93%E5%B9%B8%E7%A6%8F%E9%8D%8B%E7%89%A9+%E5%8F%B0%E5%8C%97%E5%8D%97%E4%BA%AC%E4%B8%80%E5%BA%97/data=!4m7!3m6!1s0x3442a9666e9f721d:0x8aefbd57ef6d5d45!8m2!3d25.0518598!4d121.5273867!16s%2Fg%2F11b7cqtsy0!19sChIJHXKfbmapQjQRRV1t71e974o?authuser=0&hl=zh-TW&rclk=1,0x3442a9666e9f721d:0x8aefbd57ef6d5d45
1849,D.C豪,4,2 年前,,2022-11-21,https://www.google.com.tw/maps/place/%E7%AF%89%E9%96%93%E5%B9%B8%E7%A6%8F%E9%8D%8B%E7%89%A9+%E5%8F%B0%E5%8C%97%E5%8D%97%E4%BA%AC%E4%B8%80%E5%BA%97/data=!4m7!3m6!1s0x3442a9666e9f721d:0x8aefbd57ef6d5d45!8m2!3d25.0518598!4d121.5273867!16s%2Fg%2F11b7cqtsy0!19sChIJHXKfbmapQjQRRV1t71e974o?authuser=0&hl=zh-TW&rclk=1,0x3442a9666e9f721d:0x8aefbd57ef6d5d45
1850,陳禹安,4,2 年前,,2022-11-21,https://www.google.com.tw/maps/place/%E7%AF%89%E9%96%93%E5%B9%B8%E7%A6%8F%E9%8D%8B%E7%89%A9+%E5%8F%B0%E5%8C%97%E5%8D%97%E4%BA%AC%E4%B8%80%E5%BA%97/data=!4m7!3m6!1s0x3442a9666e9f721d:0x8aefbd57ef6d5d45!8m2!3d25.0518598!4d121.5273867!16s%2Fg%2F11b7cqtsy0!19sChIJHXKfbmapQjQRRV1t71e974o?authuser=0&hl=zh-TW&rclk=1,0x3442a9666e9f721d:0x8aefbd57ef6d5d45
1851,Chill Yeh (LeaForFree),5,2 年前,,2022-11-21,https://www.google.com.tw/maps/place/%E7%AF%89%E9%96%93%E5%B9%B8%E7%A6%8F%E9%8D%8B%E7%89%A9+%E5%8F%B0%E5%8C%97%E5%8D%97%E4%BA%AC%E4%B8%80%E5%BA%97/data=!4m7!3m6!1s0x3442a9666e9f721d:0x8aefbd57ef6d5d45!8m2!3d25.0518598!4d121.5273867!16s%2Fg%2F11b7cqtsy0!19sChIJHXKfbmapQjQRRV1t71e974o?authuser=0&hl=zh-TW&rclk=1,0x3442a9666e9f721d:0x8aefbd57ef6d5d45
1852,許昱翔,4,2 年前,,2022-11-21,https://www.google.com.tw/maps/place/%E7%AF%89%E9%96%93%E5%B9%B8%E7%A6%8F%E9%8D%8B%E7%89%A9+%E5%8F%B0%E5%8C%97%E5%8D%97%E4%BA%AC%E4%B8%80%E5%BA%97/data=!4m7!3m6!1s0x3442a9666e9f721d:0x8aefbd57ef6d5d45!8m2!3d25.0518598!4d121.5273867!16s%2Fg%2F11b7cqtsy0!19sChIJHXKfbmapQjQRRV1t71e974o?authuser=0&hl=zh-TW&rclk=1,0x3442a9666e9f721d:0x8aefbd57ef6d5d45
1853,Hitomi,4,2 年前,"還不錯 服務生不夠看他們太忙了覺得好辛苦

",2022-11-21,https://www.google.com.tw/maps/place/%E7%AF%89%E9%96%93%E5%B9%B8%E7%A6%8F%E9%8D%8B%E7%89%A9+%E5%8F%B0%E5%8C%97%E5%8D%97%E4%BA%AC%E4%B8%80%E5%BA%97/data=!4m7!3m6!1s0x3442a9666e9f721d:0x8aefbd57ef6d5d45!8m2!3d25.0518598!4d121.5273867!16s%2Fg%2F11b7cqtsy0!19sChIJHXKfbmapQjQRRV1t71e974o?authuser=0&hl=zh-TW&rclk=1,0x3442a9666e9f721d:0x8aefbd57ef6d5d45
1854,丁胖,5,3 年前,"每次半夜想要吃熱熱的湯和消夜首選就是他了超級推薦，空間很舒服氣氛不錯 板腱牛肉超好吃

",2022-11-21,https://www.google.com.tw/maps/place/%E7%AF%89%E9%96%93%E5%B9%B8%E7%A6%8F%E9%8D%8B%E7%89%A9+%E5%8F%B0%E5%8C%97%E5%8D%97%E4%BA%AC%E4%B8%80%E5%BA%97/data=!4m7!3m6!1s0x3442a9666e9f721d:0x8aefbd57ef6d5d45!8m2!3d25.0518598!4d121.5273867!16s%2Fg%2F11b7cqtsy0!19sChIJHXKfbmapQjQRRV1t71e974o?authuser=0&hl=zh-TW&rclk=1,0x3442a9666e9f721d:0x8aefbd57ef6d5d45
1855,陳柏廷,1,3 年前,"這家服務真的很爛！！真的很爛 我叫了一碗白飯  
等了50分鐘，跟至少三位服務員講 跟我說好 還沒送來！！ 一顆星都不如 what the hell killing me

",2022-11-21,https://www.google.com.tw/maps/place/%E7%AF%89%E9%96%93%E5%B9%B8%E7%A6%8F%E9%8D%8B%E7%89%A9+%E5%8F%B0%E5%8C%97%E5%8D%97%E4%BA%AC%E4%B8%80%E5%BA%97/data=!4m7!3m6!1s0x3442a9666e9f721d:0x8aefbd57ef6d5d45!8m2!3d25.0518598!4d121.5273867!16s%2Fg%2F11b7cqtsy0!19sChIJHXKfbmapQjQRRV1t71e974o?authuser=0&hl=zh-TW&rclk=1,0x3442a9666e9f721d:0x8aefbd57ef6d5d45
1856,麻辣香蕉蛋,2,3 年前,"洗菜時可能要在多注意喔～  
已經吃光菜才發現一隻煮熟的蝸牛  
告知服務員，結果立馬趕快把蝸牛帶走(￣▽￣)  
殊不知我已經拍下來了@@

",2022-11-21,https://www.google.com.tw/maps/place/%E7%AF%89%E9%96%93%E5%B9%B8%E7%A6%8F%E9%8D%8B%E7%89%A9+%E5%8F%B0%E5%8C%97%E5%8D%97%E4%BA%AC%E4%B8%80%E5%BA%97/data=!4m7!3m6!1s0x3442a9666e9f721d:0x8aefbd57ef6d5d45!8m2!3d25.0518598!4d121.5273867!16s%2Fg%2F11b7cqtsy0!19sChIJHXKfbmapQjQRRV1t71e974o?authuser=0&hl=zh-TW&rclk=1,0x3442a9666e9f721d:0x8aefbd57ef6d5d45
1857,C food,2,3 年前,"食物不錯，但使用紙杯....塑膠湯匙...一位男服職員態度很扣分

",2022-11-21,https://www.google.com.tw/maps/place/%E7%AF%89%E9%96%93%E5%B9%B8%E7%A6%8F%E9%8D%8B%E7%89%A9+%E5%8F%B0%E5%8C%97%E5%8D%97%E4%BA%AC%E4%B8%80%E5%BA%97/data=!4m7!3m6!1s0x3442a9666e9f721d:0x8aefbd57ef6d5d45!8m2!3d25.0518598!4d121.5273867!16s%2Fg%2F11b7cqtsy0!19sChIJHXKfbmapQjQRRV1t71e974o?authuser=0&hl=zh-TW&rclk=1,0x3442a9666e9f721d:0x8aefbd57ef6d5d45
1858,Jacqueline C,4,3 年前,,2022-11-21,https://www.google.com.tw/maps/place/%E7%AF%89%E9%96%93%E5%B9%B8%E7%A6%8F%E9%8D%8B%E7%89%A9+%E5%8F%B0%E5%8C%97%E5%8D%97%E4%BA%AC%E4%B8%80%E5%BA%97/data=!4m7!3m6!1s0x3442a9666e9f721d:0x8aefbd57ef6d5d45!8m2!3d25.0518598!4d121.5273867!16s%2Fg%2F11b7cqtsy0!19sChIJHXKfbmapQjQRRV1t71e974o?authuser=0&hl=zh-TW&rclk=1,0x3442a9666e9f721d:0x8aefbd57ef6d5d45
1859,love chuchu,2,3 年前,"品質下降，真的不知道怎麼說

",2022-11-21,https://www.google.com.tw/maps/place/%E7%AF%89%E9%96%93%E5%B9%B8%E7%A6%8F%E9%8D%8B%E7%89%A9+%E5%8F%B0%E5%8C%97%E5%8D%97%E4%BA%AC%E4%B8%80%E5%BA%97/data=!4m7!3m6!1s0x3442a9666e9f721d:0x8aefbd57ef6d5d45!8m2!3d25.0518598!4d121.5273867!16s%2Fg%2F11b7cqtsy0!19sChIJHXKfbmapQjQRRV1t71e974o?authuser=0&hl=zh-TW&rclk=1,0x3442a9666e9f721d:0x8aefbd57ef6d5d45
1860,朱以靖,1,3 年前,"高麗菜青菜冰很久了是軟爛的海鮮也不新鮮~晚上11點加我們現場三桌不到10人，服務員要理不理態度不好又不耐煩

",2022-11-21,https://www.google.com.tw/maps/place/%E7%AF%89%E9%96%93%E5%B9%B8%E7%A6%8F%E9%8D%8B%E7%89%A9+%E5%8F%B0%E5%8C%97%E5%8D%97%E4%BA%AC%E4%B8%80%E5%BA%97/data=!4m7!3m6!1s0x3442a9666e9f721d:0x8aefbd57ef6d5d45!8m2!3d25.0518598!4d121.5273867!16s%2Fg%2F11b7cqtsy0!19sChIJHXKfbmapQjQRRV1t71e974o?authuser=0&hl=zh-TW&rclk=1,0x3442a9666e9f721d:0x8aefbd57ef6d5d45
1861,Lara Wu,5,3 年前,,2022-11-21,https://www.google.com.tw/maps/place/%E7%AF%89%E9%96%93%E5%B9%B8%E7%A6%8F%E9%8D%8B%E7%89%A9+%E5%8F%B0%E5%8C%97%E5%8D%97%E4%BA%AC%E4%B8%80%E5%BA%97/data=!4m7!3m6!1s0x3442a9666e9f721d:0x8aefbd57ef6d5d45!8m2!3d25.0518598!4d121.5273867!16s%2Fg%2F11b7cqtsy0!19sChIJHXKfbmapQjQRRV1t71e974o?authuser=0&hl=zh-TW&rclk=1,0x3442a9666e9f721d:0x8aefbd57ef6d5d45
1862,EnChieh Wu (NJ),5,3 年前,"Cp值高

",2022-11-21,https://www.google.com.tw/maps/place/%E7%AF%89%E9%96%93%E5%B9%B8%E7%A6%8F%E9%8D%8B%E7%89%A9+%E5%8F%B0%E5%8C%97%E5%8D%97%E4%BA%AC%E4%B8%80%E5%BA%97/data=!4m7!3m6!1s0x3442a9666e9f721d:0x8aefbd57ef6d5d45!8m2!3d25.0518598!4d121.5273867!16s%2Fg%2F11b7cqtsy0!19sChIJHXKfbmapQjQRRV1t71e974o?authuser=0&hl=zh-TW&rclk=1,0x3442a9666e9f721d:0x8aefbd57ef6d5d45
1863,Wen Hunag (Wen),1,3 年前,"收服務費不知道在收什麼意思？來來回回那麼多趟，桌上那麼多空盤也沒有想要收，位置已經小到我們都已經把盤子疊在一起了，放那麼久什麼時候才要收？請問服務費收得心安嗎？一碗滷肉飯等10分鐘，請問滷肉還在煮還是飯還沒熟？點一個海鮮拼盤等了快一個小時，請問是還沒撈到蝦還是蛤蠣還在吐沙？小朋友已經餓到吃了兩包王子麵？？？  
真的要冒昧問一下，請問是人手不夠還是今天真的剛好太忙？如果真是人手不夠請不到人是否有考慮改成自助式？開開心心來到本店聚餐，沒想到是這種服務，真的也只能給負評。

",2022-11-21,https://www.google.com.tw/maps/place/%E7%AF%89%E9%96%93%E5%B9%B8%E7%A6%8F%E9%8D%8B%E7%89%A9+%E5%8F%B0%E5%8C%97%E5%8D%97%E4%BA%AC%E4%B8%80%E5%BA%97/data=!4m7!3m6!1s0x3442a9666e9f721d:0x8aefbd57ef6d5d45!8m2!3d25.0518598!4d121.5273867!16s%2Fg%2F11b7cqtsy0!19sChIJHXKfbmapQjQRRV1t71e974o?authuser=0&hl=zh-TW&rclk=1,0x3442a9666e9f721d:0x8aefbd57ef6d5d45
1864,B B,1,3 年前,"只能說，好吃的餐點都被這家的所有服務人員給污染了，下次訂不到別家也絕對不會想來這家，餐點上的超慢！還要問他說什麼時候上，然後只是被淡淡的回一句，因為今天人多，請問一下，客人多所以是在怪我們？我們其他人都吃飽了，其中一位朋友的主餐才送上來......我真的滿頭問號？然後加點飯，也等到鍋物都要吃完了，去催了，才上來？  
如果是想看築間到底好不好吃，真的很好吃，湯頭都很讚，食材也都很新鮮，真的可以吃的很飽，非常推！  
但是請不要來這家打壞了一餐的心情！

",2022-11-21,https://www.google.com.tw/maps/place/%E7%AF%89%E9%96%93%E5%B9%B8%E7%A6%8F%E9%8D%8B%E7%89%A9+%E5%8F%B0%E5%8C%97%E5%8D%97%E4%BA%AC%E4%B8%80%E5%BA%97/data=!4m7!3m6!1s0x3442a9666e9f721d:0x8aefbd57ef6d5d45!8m2!3d25.0518598!4d121.5273867!16s%2Fg%2F11b7cqtsy0!19sChIJHXKfbmapQjQRRV1t71e974o?authuser=0&hl=zh-TW&rclk=1,0x3442a9666e9f721d:0x8aefbd57ef6d5d45
1865,劉國柱,3,3 年前,"還可以不過價位算高了~最近又漲價了~

",2022-11-21,https://www.google.com.tw/maps/place/%E7%AF%89%E9%96%93%E5%B9%B8%E7%A6%8F%E9%8D%8B%E7%89%A9+%E5%8F%B0%E5%8C%97%E5%8D%97%E4%BA%AC%E4%B8%80%E5%BA%97/data=!4m7!3m6!1s0x3442a9666e9f721d:0x8aefbd57ef6d5d45!8m2!3d25.0518598!4d121.5273867!16s%2Fg%2F11b7cqtsy0!19sChIJHXKfbmapQjQRRV1t71e974o?authuser=0&hl=zh-TW&rclk=1,0x3442a9666e9f721d:0x8aefbd57ef6d5d45
1866,葉筱珊,5,3 年前,,2022-11-21,https://www.google.com.tw/maps/place/%E7%AF%89%E9%96%93%E5%B9%B8%E7%A6%8F%E9%8D%8B%E7%89%A9+%E5%8F%B0%E5%8C%97%E5%8D%97%E4%BA%AC%E4%B8%80%E5%BA%97/data=!4m7!3m6!1s0x3442a9666e9f721d:0x8aefbd57ef6d5d45!8m2!3d25.0518598!4d121.5273867!16s%2Fg%2F11b7cqtsy0!19sChIJHXKfbmapQjQRRV1t71e974o?authuser=0&hl=zh-TW&rclk=1,0x3442a9666e9f721d:0x8aefbd57ef6d5d45
1867,Nancy Hsu,5,3 年前,,2022-11-21,https://www.google.com.tw/maps/place/%E7%AF%89%E9%96%93%E5%B9%B8%E7%A6%8F%E9%8D%8B%E7%89%A9+%E5%8F%B0%E5%8C%97%E5%8D%97%E4%BA%AC%E4%B8%80%E5%BA%97/data=!4m7!3m6!1s0x3442a9666e9f721d:0x8aefbd57ef6d5d45!8m2!3d25.0518598!4d121.5273867!16s%2Fg%2F11b7cqtsy0!19sChIJHXKfbmapQjQRRV1t71e974o?authuser=0&hl=zh-TW&rclk=1,0x3442a9666e9f721d:0x8aefbd57ef6d5d45
1868,劉有袀,4,3 年前,"整體餐點品質都蠻優良，但手工魚餃跟蝦滑Cp值略低，上桌的感覺是份量偏少，晚上12點來吃飯，服務人員只有兩位，細節處較難處處周到，但服務態度都蠻好，辛苦了

",2022-11-21,https://www.google.com.tw/maps/place/%E7%AF%89%E9%96%93%E5%B9%B8%E7%A6%8F%E9%8D%8B%E7%89%A9+%E5%8F%B0%E5%8C%97%E5%8D%97%E4%BA%AC%E4%B8%80%E5%BA%97/data=!4m7!3m6!1s0x3442a9666e9f721d:0x8aefbd57ef6d5d45!8m2!3d25.0518598!4d121.5273867!16s%2Fg%2F11b7cqtsy0!19sChIJHXKfbmapQjQRRV1t71e974o?authuser=0&hl=zh-TW&rclk=1,0x3442a9666e9f721d:0x8aefbd57ef6d5d45
1869,ssun,1,3 年前,,2022-11-21,https://www.google.com.tw/maps/place/%E7%AF%89%E9%96%93%E5%B9%B8%E7%A6%8F%E9%8D%8B%E7%89%A9+%E5%8F%B0%E5%8C%97%E5%8D%97%E4%BA%AC%E4%B8%80%E5%BA%97/data=!4m7!3m6!1s0x3442a9666e9f721d:0x8aefbd57ef6d5d45!8m2!3d25.0518598!4d121.5273867!16s%2Fg%2F11b7cqtsy0!19sChIJHXKfbmapQjQRRV1t71e974o?authuser=0&hl=zh-TW&rclk=1,0x3442a9666e9f721d:0x8aefbd57ef6d5d45
1870,Chih Pin,4,3 年前,,2022-11-21,https://www.google.com.tw/maps/place/%E7%AF%89%E9%96%93%E5%B9%B8%E7%A6%8F%E9%8D%8B%E7%89%A9+%E5%8F%B0%E5%8C%97%E5%8D%97%E4%BA%AC%E4%B8%80%E5%BA%97/data=!4m7!3m6!1s0x3442a9666e9f721d:0x8aefbd57ef6d5d45!8m2!3d25.0518598!4d121.5273867!16s%2Fg%2F11b7cqtsy0!19sChIJHXKfbmapQjQRRV1t71e974o?authuser=0&hl=zh-TW&rclk=1,0x3442a9666e9f721d:0x8aefbd57ef6d5d45
1871,劉Alice,5,3 年前,,2022-11-21,https://www.google.com.tw/maps/place/%E7%AF%89%E9%96%93%E5%B9%B8%E7%A6%8F%E9%8D%8B%E7%89%A9+%E5%8F%B0%E5%8C%97%E5%8D%97%E4%BA%AC%E4%B8%80%E5%BA%97/data=!4m7!3m6!1s0x3442a9666e9f721d:0x8aefbd57ef6d5d45!8m2!3d25.0518598!4d121.5273867!16s%2Fg%2F11b7cqtsy0!19sChIJHXKfbmapQjQRRV1t71e974o?authuser=0&hl=zh-TW&rclk=1,0x3442a9666e9f721d:0x8aefbd57ef6d5d45
1872,阿杜,4,3 年前,"不錯吃

",2022-11-21,https://www.google.com.tw/maps/place/%E7%AF%89%E9%96%93%E5%B9%B8%E7%A6%8F%E9%8D%8B%E7%89%A9+%E5%8F%B0%E5%8C%97%E5%8D%97%E4%BA%AC%E4%B8%80%E5%BA%97/data=!4m7!3m6!1s0x3442a9666e9f721d:0x8aefbd57ef6d5d45!8m2!3d25.0518598!4d121.5273867!16s%2Fg%2F11b7cqtsy0!19sChIJHXKfbmapQjQRRV1t71e974o?authuser=0&hl=zh-TW&rclk=1,0x3442a9666e9f721d:0x8aefbd57ef6d5d45
1873,嘎嘎烏拉拉,3,3 年前,"花雕雞味道確實不錯、而且雞肉部分都已經去皮，這項服務貼心，然後調料區的部分都很新鮮、還有特製麻辣醬，這些都值得讚美。  
再來是缺點部分，入口處的等候座椅放置的地方是有問題的，客人會被門撞到，店員明明有看到，卻不上前詢問或關心。  
再來是和店員說要加湯，等了十分鐘後，剛好被巡桌加湯人員看到才加。要不然不知要等多久才肯加，一盤蛤蜊沒有幾顆，缺有三顆怎麼煮都不開。

",2022-11-21,https://www.google.com.tw/maps/place/%E7%AF%89%E9%96%93%E5%B9%B8%E7%A6%8F%E9%8D%8B%E7%89%A9+%E5%8F%B0%E5%8C%97%E5%8D%97%E4%BA%AC%E4%B8%80%E5%BA%97/data=!4m7!3m6!1s0x3442a9666e9f721d:0x8aefbd57ef6d5d45!8m2!3d25.0518598!4d121.5273867!16s%2Fg%2F11b7cqtsy0!19sChIJHXKfbmapQjQRRV1t71e974o?authuser=0&hl=zh-TW&rclk=1,0x3442a9666e9f721d:0x8aefbd57ef6d5d45
1874,Toya Chen,5,3 年前,,2022-11-21,https://www.google.com.tw/maps/place/%E7%AF%89%E9%96%93%E5%B9%B8%E7%A6%8F%E9%8D%8B%E7%89%A9+%E5%8F%B0%E5%8C%97%E5%8D%97%E4%BA%AC%E4%B8%80%E5%BA%97/data=!4m7!3m6!1s0x3442a9666e9f721d:0x8aefbd57ef6d5d45!8m2!3d25.0518598!4d121.5273867!16s%2Fg%2F11b7cqtsy0!19sChIJHXKfbmapQjQRRV1t71e974o?authuser=0&hl=zh-TW&rclk=1,0x3442a9666e9f721d:0x8aefbd57ef6d5d45
1875,Jackey Lee,1,3 年前,"不好

",2022-11-21,https://www.google.com.tw/maps/place/%E7%AF%89%E9%96%93%E5%B9%B8%E7%A6%8F%E9%8D%8B%E7%89%A9+%E5%8F%B0%E5%8C%97%E5%8D%97%E4%BA%AC%E4%B8%80%E5%BA%97/data=!4m7!3m6!1s0x3442a9666e9f721d:0x8aefbd57ef6d5d45!8m2!3d25.0518598!4d121.5273867!16s%2Fg%2F11b7cqtsy0!19sChIJHXKfbmapQjQRRV1t71e974o?authuser=0&hl=zh-TW&rclk=1,0x3442a9666e9f721d:0x8aefbd57ef6d5d45
1876,怡君劉,3,3 年前,,2022-11-21,https://www.google.com.tw/maps/place/%E7%AF%89%E9%96%93%E5%B9%B8%E7%A6%8F%E9%8D%8B%E7%89%A9+%E5%8F%B0%E5%8C%97%E5%8D%97%E4%BA%AC%E4%B8%80%E5%BA%97/data=!4m7!3m6!1s0x3442a9666e9f721d:0x8aefbd57ef6d5d45!8m2!3d25.0518598!4d121.5273867!16s%2Fg%2F11b7cqtsy0!19sChIJHXKfbmapQjQRRV1t71e974o?authuser=0&hl=zh-TW&rclk=1,0x3442a9666e9f721d:0x8aefbd57ef6d5d45
1877,MaYen Ma,4,3 年前,"主要點了雞肉與魚片。  
湯頭、用料、醬料都還可以。  
唯一讓我不喜歡的是飲料區的部分，沒有熱茶或咖啡。  
食材都有到高品質與價格高的，但是備料與飲料很普通。  
如果能更多選擇或是在精緻一點整體氣氛會更好。

",2022-11-21,https://www.google.com.tw/maps/place/%E7%AF%89%E9%96%93%E5%B9%B8%E7%A6%8F%E9%8D%8B%E7%89%A9+%E5%8F%B0%E5%8C%97%E5%8D%97%E4%BA%AC%E4%B8%80%E5%BA%97/data=!4m7!3m6!1s0x3442a9666e9f721d:0x8aefbd57ef6d5d45!8m2!3d25.0518598!4d121.5273867!16s%2Fg%2F11b7cqtsy0!19sChIJHXKfbmapQjQRRV1t71e974o?authuser=0&hl=zh-TW&rclk=1,0x3442a9666e9f721d:0x8aefbd57ef6d5d45
1878,patrick wang,5,3 年前,,2022-11-21,https://www.google.com.tw/maps/place/%E7%AF%89%E9%96%93%E5%B9%B8%E7%A6%8F%E9%8D%8B%E7%89%A9+%E5%8F%B0%E5%8C%97%E5%8D%97%E4%BA%AC%E4%B8%80%E5%BA%97/data=!4m7!3m6!1s0x3442a9666e9f721d:0x8aefbd57ef6d5d45!8m2!3d25.0518598!4d121.5273867!16s%2Fg%2F11b7cqtsy0!19sChIJHXKfbmapQjQRRV1t71e974o?authuser=0&hl=zh-TW&rclk=1,0x3442a9666e9f721d:0x8aefbd57ef6d5d45
1879,謝歆柔,1,3 年前,"認真不推 寧可去吃別間店  
胖胖男服務生態度極差  
上餐速度慢 湯頭跟其他店比差太多  
牛奶湯頭不純高湯跟水有點加太多  
海鮮肉類不新鮮  
加個湯等了老半天都沒有來  
這樣的服務態度跟品質還要加收一成？  
整間店有待加強 員工還需要多加訓練  
連一顆星都不想給

",2022-11-21,https://www.google.com.tw/maps/place/%E7%AF%89%E9%96%93%E5%B9%B8%E7%A6%8F%E9%8D%8B%E7%89%A9+%E5%8F%B0%E5%8C%97%E5%8D%97%E4%BA%AC%E4%B8%80%E5%BA%97/data=!4m7!3m6!1s0x3442a9666e9f721d:0x8aefbd57ef6d5d45!8m2!3d25.0518598!4d121.5273867!16s%2Fg%2F11b7cqtsy0!19sChIJHXKfbmapQjQRRV1t71e974o?authuser=0&hl=zh-TW&rclk=1,0x3442a9666e9f721d:0x8aefbd57ef6d5d45
1880,林小踢,1,3 年前,"讓我感受非常差的一家店，一顆星都不想給。  
  
11/1來店用餐，約22:30的時候問櫃檯人員是否有兩位的位置，得到的回應是目前客滿需要候位，並告知我們有位置時會打電話告知。  
但我們等到約23:15時進去再次詢問是否有位置時，櫃檯人員一臉矇逼根本不知道有候位在等，之後才慢慢的把我們帶入座，最令人生氣的是，我們一入座發現空位一堆，卻沒有來電告知有空位，那最初詢問的時候為什麼要承諾我們會打電話告知？  
再加上服務人員態度很差，連一句不好意思都沒有說，好像第一天做餐飲業似的，真的必須好好加強貴店的員工訓練。

",2022-11-21,https://www.google.com.tw/maps/place/%E7%AF%89%E9%96%93%E5%B9%B8%E7%A6%8F%E9%8D%8B%E7%89%A9+%E5%8F%B0%E5%8C%97%E5%8D%97%E4%BA%AC%E4%B8%80%E5%BA%97/data=!4m7!3m6!1s0x3442a9666e9f721d:0x8aefbd57ef6d5d45!8m2!3d25.0518598!4d121.5273867!16s%2Fg%2F11b7cqtsy0!19sChIJHXKfbmapQjQRRV1t71e974o?authuser=0&hl=zh-TW&rclk=1,0x3442a9666e9f721d:0x8aefbd57ef6d5d45
1881,Edgar Kristopher Cadungog,4,3 年前,,2022-11-21,https://www.google.com.tw/maps/place/%E7%AF%89%E9%96%93%E5%B9%B8%E7%A6%8F%E9%8D%8B%E7%89%A9+%E5%8F%B0%E5%8C%97%E5%8D%97%E4%BA%AC%E4%B8%80%E5%BA%97/data=!4m7!3m6!1s0x3442a9666e9f721d:0x8aefbd57ef6d5d45!8m2!3d25.0518598!4d121.5273867!16s%2Fg%2F11b7cqtsy0!19sChIJHXKfbmapQjQRRV1t71e974o?authuser=0&hl=zh-TW&rclk=1,0x3442a9666e9f721d:0x8aefbd57ef6d5d45
1882,吉生何,5,3 年前,,2022-11-21,https://www.google.com.tw/maps/place/%E7%AF%89%E9%96%93%E5%B9%B8%E7%A6%8F%E9%8D%8B%E7%89%A9+%E5%8F%B0%E5%8C%97%E5%8D%97%E4%BA%AC%E4%B8%80%E5%BA%97/data=!4m7!3m6!1s0x3442a9666e9f721d:0x8aefbd57ef6d5d45!8m2!3d25.0518598!4d121.5273867!16s%2Fg%2F11b7cqtsy0!19sChIJHXKfbmapQjQRRV1t71e974o?authuser=0&hl=zh-TW&rclk=1,0x3442a9666e9f721d:0x8aefbd57ef6d5d45
1883,何小柏,4,3 年前,"食材很棒 湯頭好喝 肉、海鮮都很多  
之前是會送兌換卷，現在改成集點有點不太一樣，個人覺得之前的優惠比較好，但還是很好吃。

",2022-11-21,https://www.google.com.tw/maps/place/%E7%AF%89%E9%96%93%E5%B9%B8%E7%A6%8F%E9%8D%8B%E7%89%A9+%E5%8F%B0%E5%8C%97%E5%8D%97%E4%BA%AC%E4%B8%80%E5%BA%97/data=!4m7!3m6!1s0x3442a9666e9f721d:0x8aefbd57ef6d5d45!8m2!3d25.0518598!4d121.5273867!16s%2Fg%2F11b7cqtsy0!19sChIJHXKfbmapQjQRRV1t71e974o?authuser=0&hl=zh-TW&rclk=1,0x3442a9666e9f721d:0x8aefbd57ef6d5d45
1884,V Y,4,3 年前,"不錯～cp值高

",2022-11-21,https://www.google.com.tw/maps/place/%E7%AF%89%E9%96%93%E5%B9%B8%E7%A6%8F%E9%8D%8B%E7%89%A9+%E5%8F%B0%E5%8C%97%E5%8D%97%E4%BA%AC%E4%B8%80%E5%BA%97/data=!4m7!3m6!1s0x3442a9666e9f721d:0x8aefbd57ef6d5d45!8m2!3d25.0518598!4d121.5273867!16s%2Fg%2F11b7cqtsy0!19sChIJHXKfbmapQjQRRV1t71e974o?authuser=0&hl=zh-TW&rclk=1,0x3442a9666e9f721d:0x8aefbd57ef6d5d45
1885,育到幸福旅遊,4,3 年前,"價格偏高，份量充足，海鮮好吃！  
冰淇淋飲料，無限食用，醬料都很豐富，但是都不會主動來加湯

",2022-11-21,https://www.google.com.tw/maps/place/%E7%AF%89%E9%96%93%E5%B9%B8%E7%A6%8F%E9%8D%8B%E7%89%A9+%E5%8F%B0%E5%8C%97%E5%8D%97%E4%BA%AC%E4%B8%80%E5%BA%97/data=!4m7!3m6!1s0x3442a9666e9f721d:0x8aefbd57ef6d5d45!8m2!3d25.0518598!4d121.5273867!16s%2Fg%2F11b7cqtsy0!19sChIJHXKfbmapQjQRRV1t71e974o?authuser=0&hl=zh-TW&rclk=1,0x3442a9666e9f721d:0x8aefbd57ef6d5d45
1886,Kenny Liu,5,3 年前,"比錢都高檔的台式涮涮鍋 肉好 價格平實 優惠方案靈活 非常好的火鍋店

",2022-11-21,https://www.google.com.tw/maps/place/%E7%AF%89%E9%96%93%E5%B9%B8%E7%A6%8F%E9%8D%8B%E7%89%A9+%E5%8F%B0%E5%8C%97%E5%8D%97%E4%BA%AC%E4%B8%80%E5%BA%97/data=!4m7!3m6!1s0x3442a9666e9f721d:0x8aefbd57ef6d5d45!8m2!3d25.0518598!4d121.5273867!16s%2Fg%2F11b7cqtsy0!19sChIJHXKfbmapQjQRRV1t71e974o?authuser=0&hl=zh-TW&rclk=1,0x3442a9666e9f721d:0x8aefbd57ef6d5d45
1887,郭瑋,5,3 年前,,2022-11-21,https://www.google.com.tw/maps/place/%E7%AF%89%E9%96%93%E5%B9%B8%E7%A6%8F%E9%8D%8B%E7%89%A9+%E5%8F%B0%E5%8C%97%E5%8D%97%E4%BA%AC%E4%B8%80%E5%BA%97/data=!4m7!3m6!1s0x3442a9666e9f721d:0x8aefbd57ef6d5d45!8m2!3d25.0518598!4d121.5273867!16s%2Fg%2F11b7cqtsy0!19sChIJHXKfbmapQjQRRV1t71e974o?authuser=0&hl=zh-TW&rclk=1,0x3442a9666e9f721d:0x8aefbd57ef6d5d45
1888,王義茯,5,3 年前,"當是還不錯為什麼環境好食物口味也不錯吃

",2022-11-21,https://www.google.com.tw/maps/place/%E7%AF%89%E9%96%93%E5%B9%B8%E7%A6%8F%E9%8D%8B%E7%89%A9+%E5%8F%B0%E5%8C%97%E5%8D%97%E4%BA%AC%E4%B8%80%E5%BA%97/data=!4m7!3m6!1s0x3442a9666e9f721d:0x8aefbd57ef6d5d45!8m2!3d25.0518598!4d121.5273867!16s%2Fg%2F11b7cqtsy0!19sChIJHXKfbmapQjQRRV1t71e974o?authuser=0&hl=zh-TW&rclk=1,0x3442a9666e9f721d:0x8aefbd57ef6d5d45
1889,米小村,4,3 年前,"吃完真的好幸福

",2022-11-21,https://www.google.com.tw/maps/place/%E7%AF%89%E9%96%93%E5%B9%B8%E7%A6%8F%E9%8D%8B%E7%89%A9+%E5%8F%B0%E5%8C%97%E5%8D%97%E4%BA%AC%E4%B8%80%E5%BA%97/data=!4m7!3m6!1s0x3442a9666e9f721d:0x8aefbd57ef6d5d45!8m2!3d25.0518598!4d121.5273867!16s%2Fg%2F11b7cqtsy0!19sChIJHXKfbmapQjQRRV1t71e974o?authuser=0&hl=zh-TW&rclk=1,0x3442a9666e9f721d:0x8aefbd57ef6d5d45
1890,林芳瑜,5,3 年前,"吃好吃滿 大滿足  
霜降牛肉  
油花分佈漂亮 刷到微帶粉紅 鮮美  
去骨雞腿排  
軟嫩好吃 但今天的雞似乎多活了幾個月  
麻辣湯底夠辣 但不麻 不過還能接受囉

",2022-11-21,https://www.google.com.tw/maps/place/%E7%AF%89%E9%96%93%E5%B9%B8%E7%A6%8F%E9%8D%8B%E7%89%A9+%E5%8F%B0%E5%8C%97%E5%8D%97%E4%BA%AC%E4%B8%80%E5%BA%97/data=!4m7!3m6!1s0x3442a9666e9f721d:0x8aefbd57ef6d5d45!8m2!3d25.0518598!4d121.5273867!16s%2Fg%2F11b7cqtsy0!19sChIJHXKfbmapQjQRRV1t71e974o?authuser=0&hl=zh-TW&rclk=1,0x3442a9666e9f721d:0x8aefbd57ef6d5d45
1891,陳師傅,4,3 年前,"火鍋料食材和肉品一般量,如有點數可換一些食材就會物超所值,可先加入會員即贈送點數,結帳後還會再贈點數,店家用這模式就是要你去吃,不過還是蠻推的~

",2022-11-21,https://www.google.com.tw/maps/place/%E7%AF%89%E9%96%93%E5%B9%B8%E7%A6%8F%E9%8D%8B%E7%89%A9+%E5%8F%B0%E5%8C%97%E5%8D%97%E4%BA%AC%E4%B8%80%E5%BA%97/data=!4m7!3m6!1s0x3442a9666e9f721d:0x8aefbd57ef6d5d45!8m2!3d25.0518598!4d121.5273867!16s%2Fg%2F11b7cqtsy0!19sChIJHXKfbmapQjQRRV1t71e974o?authuser=0&hl=zh-TW&rclk=1,0x3442a9666e9f721d:0x8aefbd57ef6d5d45
1892,Jason Lee,5,3 年前,,2022-11-21,https://www.google.com.tw/maps/place/%E7%AF%89%E9%96%93%E5%B9%B8%E7%A6%8F%E9%8D%8B%E7%89%A9+%E5%8F%B0%E5%8C%97%E5%8D%97%E4%BA%AC%E4%B8%80%E5%BA%97/data=!4m7!3m6!1s0x3442a9666e9f721d:0x8aefbd57ef6d5d45!8m2!3d25.0518598!4d121.5273867!16s%2Fg%2F11b7cqtsy0!19sChIJHXKfbmapQjQRRV1t71e974o?authuser=0&hl=zh-TW&rclk=1,0x3442a9666e9f721d:0x8aefbd57ef6d5d45
1893,曼曼,4,3 年前,,2022-11-21,https://www.google.com.tw/maps/place/%E7%AF%89%E9%96%93%E5%B9%B8%E7%A6%8F%E9%8D%8B%E7%89%A9+%E5%8F%B0%E5%8C%97%E5%8D%97%E4%BA%AC%E4%B8%80%E5%BA%97/data=!4m7!3m6!1s0x3442a9666e9f721d:0x8aefbd57ef6d5d45!8m2!3d25.0518598!4d121.5273867!16s%2Fg%2F11b7cqtsy0!19sChIJHXKfbmapQjQRRV1t71e974o?authuser=0&hl=zh-TW&rclk=1,0x3442a9666e9f721d:0x8aefbd57ef6d5d45
1894,Roxanne Chiu,5,3 年前,,2022-11-21,https://www.google.com.tw/maps/place/%E7%AF%89%E9%96%93%E5%B9%B8%E7%A6%8F%E9%8D%8B%E7%89%A9+%E5%8F%B0%E5%8C%97%E5%8D%97%E4%BA%AC%E4%B8%80%E5%BA%97/data=!4m7!3m6!1s0x3442a9666e9f721d:0x8aefbd57ef6d5d45!8m2!3d25.0518598!4d121.5273867!16s%2Fg%2F11b7cqtsy0!19sChIJHXKfbmapQjQRRV1t71e974o?authuser=0&hl=zh-TW&rclk=1,0x3442a9666e9f721d:0x8aefbd57ef6d5d45
1895,茱莉陳,5,3 年前,,2022-11-21,https://www.google.com.tw/maps/place/%E7%AF%89%E9%96%93%E5%B9%B8%E7%A6%8F%E9%8D%8B%E7%89%A9+%E5%8F%B0%E5%8C%97%E5%8D%97%E4%BA%AC%E4%B8%80%E5%BA%97/data=!4m7!3m6!1s0x3442a9666e9f721d:0x8aefbd57ef6d5d45!8m2!3d25.0518598!4d121.5273867!16s%2Fg%2F11b7cqtsy0!19sChIJHXKfbmapQjQRRV1t71e974o?authuser=0&hl=zh-TW&rclk=1,0x3442a9666e9f721d:0x8aefbd57ef6d5d45
1896,澄Una,5,3 年前,"開到凌晨算是夜貓族的好去處  
選擇多樣化 火鍋湯頭不錯

",2022-11-21,https://www.google.com.tw/maps/place/%E7%AF%89%E9%96%93%E5%B9%B8%E7%A6%8F%E9%8D%8B%E7%89%A9+%E5%8F%B0%E5%8C%97%E5%8D%97%E4%BA%AC%E4%B8%80%E5%BA%97/data=!4m7!3m6!1s0x3442a9666e9f721d:0x8aefbd57ef6d5d45!8m2!3d25.0518598!4d121.5273867!16s%2Fg%2F11b7cqtsy0!19sChIJHXKfbmapQjQRRV1t71e974o?authuser=0&hl=zh-TW&rclk=1,0x3442a9666e9f721d:0x8aefbd57ef6d5d45
1897,Chengkuo Chengkuo,4,3 年前,"食材新鮮價位平實，環境尚可

",2022-11-21,https://www.google.com.tw/maps/place/%E7%AF%89%E9%96%93%E5%B9%B8%E7%A6%8F%E9%8D%8B%E7%89%A9+%E5%8F%B0%E5%8C%97%E5%8D%97%E4%BA%AC%E4%B8%80%E5%BA%97/data=!4m7!3m6!1s0x3442a9666e9f721d:0x8aefbd57ef6d5d45!8m2!3d25.0518598!4d121.5273867!16s%2Fg%2F11b7cqtsy0!19sChIJHXKfbmapQjQRRV1t71e974o?authuser=0&hl=zh-TW&rclk=1,0x3442a9666e9f721d:0x8aefbd57ef6d5d45
1898,黃聖凱,5,3 年前,,2022-11-21,https://www.google.com.tw/maps/place/%E7%AF%89%E9%96%93%E5%B9%B8%E7%A6%8F%E9%8D%8B%E7%89%A9+%E5%8F%B0%E5%8C%97%E5%8D%97%E4%BA%AC%E4%B8%80%E5%BA%97/data=!4m7!3m6!1s0x3442a9666e9f721d:0x8aefbd57ef6d5d45!8m2!3d25.0518598!4d121.5273867!16s%2Fg%2F11b7cqtsy0!19sChIJHXKfbmapQjQRRV1t71e974o?authuser=0&hl=zh-TW&rclk=1,0x3442a9666e9f721d:0x8aefbd57ef6d5d45
1899,Lian Tsai,3,3 年前,,2022-11-21,https://www.google.com.tw/maps/place/%E7%AF%89%E9%96%93%E5%B9%B8%E7%A6%8F%E9%8D%8B%E7%89%A9+%E5%8F%B0%E5%8C%97%E5%8D%97%E4%BA%AC%E4%B8%80%E5%BA%97/data=!4m7!3m6!1s0x3442a9666e9f721d:0x8aefbd57ef6d5d45!8m2!3d25.0518598!4d121.5273867!16s%2Fg%2F11b7cqtsy0!19sChIJHXKfbmapQjQRRV1t71e974o?authuser=0&hl=zh-TW&rclk=1,0x3442a9666e9f721d:0x8aefbd57ef6d5d45
1900,賈谷樵,5,3 年前,,2022-11-21,https://www.google.com.tw/maps/place/%E7%AF%89%E9%96%93%E5%B9%B8%E7%A6%8F%E9%8D%8B%E7%89%A9+%E5%8F%B0%E5%8C%97%E5%8D%97%E4%BA%AC%E4%B8%80%E5%BA%97/data=!4m7!3m6!1s0x3442a9666e9f721d:0x8aefbd57ef6d5d45!8m2!3d25.0518598!4d121.5273867!16s%2Fg%2F11b7cqtsy0!19sChIJHXKfbmapQjQRRV1t71e974o?authuser=0&hl=zh-TW&rclk=1,0x3442a9666e9f721d:0x8aefbd57ef6d5d45
1901,Wilbur Lin,5,3 年前,"(由 Google 提供翻譯) 這裡有很多冰淇淋口味。享受火鍋和冰淇淋，飲料。  
  
(原始評論)  
There are many ice cream flavors here. Enjoy the hot pot and ice cream,
beverages.

",2022-11-21,https://www.google.com.tw/maps/place/%E7%AF%89%E9%96%93%E5%B9%B8%E7%A6%8F%E9%8D%8B%E7%89%A9+%E5%8F%B0%E5%8C%97%E5%8D%97%E4%BA%AC%E4%B8%80%E5%BA%97/data=!4m7!3m6!1s0x3442a9666e9f721d:0x8aefbd57ef6d5d45!8m2!3d25.0518598!4d121.5273867!16s%2Fg%2F11b7cqtsy0!19sChIJHXKfbmapQjQRRV1t71e974o?authuser=0&hl=zh-TW&rclk=1,0x3442a9666e9f721d:0x8aefbd57ef6d5d45
1902,CHANG-WEI SHAO,4,3 年前,,2022-11-21,https://www.google.com.tw/maps/place/%E7%AF%89%E9%96%93%E5%B9%B8%E7%A6%8F%E9%8D%8B%E7%89%A9+%E5%8F%B0%E5%8C%97%E5%8D%97%E4%BA%AC%E4%B8%80%E5%BA%97/data=!4m7!3m6!1s0x3442a9666e9f721d:0x8aefbd57ef6d5d45!8m2!3d25.0518598!4d121.5273867!16s%2Fg%2F11b7cqtsy0!19sChIJHXKfbmapQjQRRV1t71e974o?authuser=0&hl=zh-TW&rclk=1,0x3442a9666e9f721d:0x8aefbd57ef6d5d45
1903,織部みね,3,3 年前,"晚上的店員辛苦了

",2022-11-21,https://www.google.com.tw/maps/place/%E7%AF%89%E9%96%93%E5%B9%B8%E7%A6%8F%E9%8D%8B%E7%89%A9+%E5%8F%B0%E5%8C%97%E5%8D%97%E4%BA%AC%E4%B8%80%E5%BA%97/data=!4m7!3m6!1s0x3442a9666e9f721d:0x8aefbd57ef6d5d45!8m2!3d25.0518598!4d121.5273867!16s%2Fg%2F11b7cqtsy0!19sChIJHXKfbmapQjQRRV1t71e974o?authuser=0&hl=zh-TW&rclk=1,0x3442a9666e9f721d:0x8aefbd57ef6d5d45
1904,小豬豬,5,3 年前,,2022-11-21,https://www.google.com.tw/maps/place/%E7%AF%89%E9%96%93%E5%B9%B8%E7%A6%8F%E9%8D%8B%E7%89%A9+%E5%8F%B0%E5%8C%97%E5%8D%97%E4%BA%AC%E4%B8%80%E5%BA%97/data=!4m7!3m6!1s0x3442a9666e9f721d:0x8aefbd57ef6d5d45!8m2!3d25.0518598!4d121.5273867!16s%2Fg%2F11b7cqtsy0!19sChIJHXKfbmapQjQRRV1t71e974o?authuser=0&hl=zh-TW&rclk=1,0x3442a9666e9f721d:0x8aefbd57ef6d5d45
1905,楊勝傑,5,3 年前,"很棒的服務及餐點

",2022-11-21,https://www.google.com.tw/maps/place/%E7%AF%89%E9%96%93%E5%B9%B8%E7%A6%8F%E9%8D%8B%E7%89%A9+%E5%8F%B0%E5%8C%97%E5%8D%97%E4%BA%AC%E4%B8%80%E5%BA%97/data=!4m7!3m6!1s0x3442a9666e9f721d:0x8aefbd57ef6d5d45!8m2!3d25.0518598!4d121.5273867!16s%2Fg%2F11b7cqtsy0!19sChIJHXKfbmapQjQRRV1t71e974o?authuser=0&hl=zh-TW&rclk=1,0x3442a9666e9f721d:0x8aefbd57ef6d5d45
1906,世民鄭,5,3 年前,,2022-11-21,https://www.google.com.tw/maps/place/%E7%AF%89%E9%96%93%E5%B9%B8%E7%A6%8F%E9%8D%8B%E7%89%A9+%E5%8F%B0%E5%8C%97%E5%8D%97%E4%BA%AC%E4%B8%80%E5%BA%97/data=!4m7!3m6!1s0x3442a9666e9f721d:0x8aefbd57ef6d5d45!8m2!3d25.0518598!4d121.5273867!16s%2Fg%2F11b7cqtsy0!19sChIJHXKfbmapQjQRRV1t71e974o?authuser=0&hl=zh-TW&rclk=1,0x3442a9666e9f721d:0x8aefbd57ef6d5d45
1907,林偉恬,5,3 年前,"送的東西都還不錯！

",2022-11-21,https://www.google.com.tw/maps/place/%E7%AF%89%E9%96%93%E5%B9%B8%E7%A6%8F%E9%8D%8B%E7%89%A9+%E5%8F%B0%E5%8C%97%E5%8D%97%E4%BA%AC%E4%B8%80%E5%BA%97/data=!4m7!3m6!1s0x3442a9666e9f721d:0x8aefbd57ef6d5d45!8m2!3d25.0518598!4d121.5273867!16s%2Fg%2F11b7cqtsy0!19sChIJHXKfbmapQjQRRV1t71e974o?authuser=0&hl=zh-TW&rclk=1,0x3442a9666e9f721d:0x8aefbd57ef6d5d45
1908,Ruiying Lo,1,3 年前,"純盤克夏黑豚...吃起來比一般梅花還不好吃，不值得$550的價位，調味料、飲料區的碗跟杯子挑了很久才看到乾淨的，光是看到杯碗這麼多都不乾淨，就失去胃口了，不會再來了

",2022-11-21,https://www.google.com.tw/maps/place/%E7%AF%89%E9%96%93%E5%B9%B8%E7%A6%8F%E9%8D%8B%E7%89%A9+%E5%8F%B0%E5%8C%97%E5%8D%97%E4%BA%AC%E4%B8%80%E5%BA%97/data=!4m7!3m6!1s0x3442a9666e9f721d:0x8aefbd57ef6d5d45!8m2!3d25.0518598!4d121.5273867!16s%2Fg%2F11b7cqtsy0!19sChIJHXKfbmapQjQRRV1t71e974o?authuser=0&hl=zh-TW&rclk=1,0x3442a9666e9f721d:0x8aefbd57ef6d5d45
1909,王薇薇,3,3 年前,,2022-11-21,https://www.google.com.tw/maps/place/%E7%AF%89%E9%96%93%E5%B9%B8%E7%A6%8F%E9%8D%8B%E7%89%A9+%E5%8F%B0%E5%8C%97%E5%8D%97%E4%BA%AC%E4%B8%80%E5%BA%97/data=!4m7!3m6!1s0x3442a9666e9f721d:0x8aefbd57ef6d5d45!8m2!3d25.0518598!4d121.5273867!16s%2Fg%2F11b7cqtsy0!19sChIJHXKfbmapQjQRRV1t71e974o?authuser=0&hl=zh-TW&rclk=1,0x3442a9666e9f721d:0x8aefbd57ef6d5d45
1910,Ashe,4,3 年前,"食材以這個價位是新鮮好吃的，但白飯送上時有點冷硬，如線上評論的寫著加湯服務要加強，如果想跟朋友聚餐建議選擇別處，因為用餐時間90分鐘真的非常趕，尤其牛奶鍋不能大火煮真的有點耗時間，目前有集點活動，當天加入官網會員有送點數可換餐點

",2022-11-21,https://www.google.com.tw/maps/place/%E7%AF%89%E9%96%93%E5%B9%B8%E7%A6%8F%E9%8D%8B%E7%89%A9+%E5%8F%B0%E5%8C%97%E5%8D%97%E4%BA%AC%E4%B8%80%E5%BA%97/data=!4m7!3m6!1s0x3442a9666e9f721d:0x8aefbd57ef6d5d45!8m2!3d25.0518598!4d121.5273867!16s%2Fg%2F11b7cqtsy0!19sChIJHXKfbmapQjQRRV1t71e974o?authuser=0&hl=zh-TW&rclk=1,0x3442a9666e9f721d:0x8aefbd57ef6d5d45
1911,呂維恩,1,3 年前,"同品項肉盤卻品質不一；選在相對沒人的時段用餐，餐點卻還要三催四請才送齊。  
很糟的用餐體驗，非常不推薦。

",2022-11-21,https://www.google.com.tw/maps/place/%E7%AF%89%E9%96%93%E5%B9%B8%E7%A6%8F%E9%8D%8B%E7%89%A9+%E5%8F%B0%E5%8C%97%E5%8D%97%E4%BA%AC%E4%B8%80%E5%BA%97/data=!4m7!3m6!1s0x3442a9666e9f721d:0x8aefbd57ef6d5d45!8m2!3d25.0518598!4d121.5273867!16s%2Fg%2F11b7cqtsy0!19sChIJHXKfbmapQjQRRV1t71e974o?authuser=0&hl=zh-TW&rclk=1,0x3442a9666e9f721d:0x8aefbd57ef6d5d45
1912,李毓超,4,3 年前,,2022-11-21,https://www.google.com.tw/maps/place/%E7%AF%89%E9%96%93%E5%B9%B8%E7%A6%8F%E9%8D%8B%E7%89%A9+%E5%8F%B0%E5%8C%97%E5%8D%97%E4%BA%AC%E4%B8%80%E5%BA%97/data=!4m7!3m6!1s0x3442a9666e9f721d:0x8aefbd57ef6d5d45!8m2!3d25.0518598!4d121.5273867!16s%2Fg%2F11b7cqtsy0!19sChIJHXKfbmapQjQRRV1t71e974o?authuser=0&hl=zh-TW&rclk=1,0x3442a9666e9f721d:0x8aefbd57ef6d5d45
1913,PEIWEN WU,5,3 年前,,2022-11-21,https://www.google.com.tw/maps/place/%E7%AF%89%E9%96%93%E5%B9%B8%E7%A6%8F%E9%8D%8B%E7%89%A9+%E5%8F%B0%E5%8C%97%E5%8D%97%E4%BA%AC%E4%B8%80%E5%BA%97/data=!4m7!3m6!1s0x3442a9666e9f721d:0x8aefbd57ef6d5d45!8m2!3d25.0518598!4d121.5273867!16s%2Fg%2F11b7cqtsy0!19sChIJHXKfbmapQjQRRV1t71e974o?authuser=0&hl=zh-TW&rclk=1,0x3442a9666e9f721d:0x8aefbd57ef6d5d45
1914,brenda chung,4,3 年前,,2022-11-21,https://www.google.com.tw/maps/place/%E7%AF%89%E9%96%93%E5%B9%B8%E7%A6%8F%E9%8D%8B%E7%89%A9+%E5%8F%B0%E5%8C%97%E5%8D%97%E4%BA%AC%E4%B8%80%E5%BA%97/data=!4m7!3m6!1s0x3442a9666e9f721d:0x8aefbd57ef6d5d45!8m2!3d25.0518598!4d121.5273867!16s%2Fg%2F11b7cqtsy0!19sChIJHXKfbmapQjQRRV1t71e974o?authuser=0&hl=zh-TW&rclk=1,0x3442a9666e9f721d:0x8aefbd57ef6d5d45
1915,張皓程,5,3 年前,"好吃的小火鍋 價格略高但食材不錯 冰跟醬料都有中上水準

",2022-11-21,https://www.google.com.tw/maps/place/%E7%AF%89%E9%96%93%E5%B9%B8%E7%A6%8F%E9%8D%8B%E7%89%A9+%E5%8F%B0%E5%8C%97%E5%8D%97%E4%BA%AC%E4%B8%80%E5%BA%97/data=!4m7!3m6!1s0x3442a9666e9f721d:0x8aefbd57ef6d5d45!8m2!3d25.0518598!4d121.5273867!16s%2Fg%2F11b7cqtsy0!19sChIJHXKfbmapQjQRRV1t71e974o?authuser=0&hl=zh-TW&rclk=1,0x3442a9666e9f721d:0x8aefbd57ef6d5d45
1916,黃QQ,4,3 年前,,2022-11-21,https://www.google.com.tw/maps/place/%E7%AF%89%E9%96%93%E5%B9%B8%E7%A6%8F%E9%8D%8B%E7%89%A9+%E5%8F%B0%E5%8C%97%E5%8D%97%E4%BA%AC%E4%B8%80%E5%BA%97/data=!4m7!3m6!1s0x3442a9666e9f721d:0x8aefbd57ef6d5d45!8m2!3d25.0518598!4d121.5273867!16s%2Fg%2F11b7cqtsy0!19sChIJHXKfbmapQjQRRV1t71e974o?authuser=0&hl=zh-TW&rclk=1,0x3442a9666e9f721d:0x8aefbd57ef6d5d45
1917,Chan Ld,5,3 年前,,2022-11-21,https://www.google.com.tw/maps/place/%E7%AF%89%E9%96%93%E5%B9%B8%E7%A6%8F%E9%8D%8B%E7%89%A9+%E5%8F%B0%E5%8C%97%E5%8D%97%E4%BA%AC%E4%B8%80%E5%BA%97/data=!4m7!3m6!1s0x3442a9666e9f721d:0x8aefbd57ef6d5d45!8m2!3d25.0518598!4d121.5273867!16s%2Fg%2F11b7cqtsy0!19sChIJHXKfbmapQjQRRV1t71e974o?authuser=0&hl=zh-TW&rclk=1,0x3442a9666e9f721d:0x8aefbd57ef6d5d45
1918,陳怡蓁,5,3 年前,,2022-11-21,https://www.google.com.tw/maps/place/%E7%AF%89%E9%96%93%E5%B9%B8%E7%A6%8F%E9%8D%8B%E7%89%A9+%E5%8F%B0%E5%8C%97%E5%8D%97%E4%BA%AC%E4%B8%80%E5%BA%97/data=!4m7!3m6!1s0x3442a9666e9f721d:0x8aefbd57ef6d5d45!8m2!3d25.0518598!4d121.5273867!16s%2Fg%2F11b7cqtsy0!19sChIJHXKfbmapQjQRRV1t71e974o?authuser=0&hl=zh-TW&rclk=1,0x3442a9666e9f721d:0x8aefbd57ef6d5d45
1919,陳逸飛,4,3 年前,,2022-11-21,https://www.google.com.tw/maps/place/%E7%AF%89%E9%96%93%E5%B9%B8%E7%A6%8F%E9%8D%8B%E7%89%A9+%E5%8F%B0%E5%8C%97%E5%8D%97%E4%BA%AC%E4%B8%80%E5%BA%97/data=!4m7!3m6!1s0x3442a9666e9f721d:0x8aefbd57ef6d5d45!8m2!3d25.0518598!4d121.5273867!16s%2Fg%2F11b7cqtsy0!19sChIJHXKfbmapQjQRRV1t71e974o?authuser=0&hl=zh-TW&rclk=1,0x3442a9666e9f721d:0x8aefbd57ef6d5d45
1920,Alyss,3,3 年前,"划算的單人小火鍋店，聊很多，位置離捷運站有一段，不好停車，價位300起跳，店面有兩處，一處在後方巷子二樓，正面大門只有一樓店面。  
  
目前有很多集點優惠活動，搭配優惠卷可以吃到更多的肉盤，感覺肉質比較普通一點，其他菜盤還不錯，調味料很豐富。  
  
飲料喝到飽，但種類不多，附餐不能續，白飯不錯吃，還有一個附餐是蛋，有點奇妙，經典鍋喝起來就是一般的高湯，腐皮還不錯吃。  
  
份量一個男生蠻夠的，就是吃飽剛好的量，女生可能還有小菜會吃不完，想吃小火鍋還蠻推薦來這裡，但如果想吃好吃的料理我覺得有別的選擇更好。

",2022-11-21,https://www.google.com.tw/maps/place/%E7%AF%89%E9%96%93%E5%B9%B8%E7%A6%8F%E9%8D%8B%E7%89%A9+%E5%8F%B0%E5%8C%97%E5%8D%97%E4%BA%AC%E4%B8%80%E5%BA%97/data=!4m7!3m6!1s0x3442a9666e9f721d:0x8aefbd57ef6d5d45!8m2!3d25.0518598!4d121.5273867!16s%2Fg%2F11b7cqtsy0!19sChIJHXKfbmapQjQRRV1t71e974o?authuser=0&hl=zh-TW&rclk=1,0x3442a9666e9f721d:0x8aefbd57ef6d5d45
1921,吳怡瑱,5,3 年前,"質優價美的好鍋物

",2022-11-21,https://www.google.com.tw/maps/place/%E7%AF%89%E9%96%93%E5%B9%B8%E7%A6%8F%E9%8D%8B%E7%89%A9+%E5%8F%B0%E5%8C%97%E5%8D%97%E4%BA%AC%E4%B8%80%E5%BA%97/data=!4m7!3m6!1s0x3442a9666e9f721d:0x8aefbd57ef6d5d45!8m2!3d25.0518598!4d121.5273867!16s%2Fg%2F11b7cqtsy0!19sChIJHXKfbmapQjQRRV1t71e974o?authuser=0&hl=zh-TW&rclk=1,0x3442a9666e9f721d:0x8aefbd57ef6d5d45
1922,國全趙,4,3 年前,"認真

",2022-11-21,https://www.google.com.tw/maps/place/%E7%AF%89%E9%96%93%E5%B9%B8%E7%A6%8F%E9%8D%8B%E7%89%A9+%E5%8F%B0%E5%8C%97%E5%8D%97%E4%BA%AC%E4%B8%80%E5%BA%97/data=!4m7!3m6!1s0x3442a9666e9f721d:0x8aefbd57ef6d5d45!8m2!3d25.0518598!4d121.5273867!16s%2Fg%2F11b7cqtsy0!19sChIJHXKfbmapQjQRRV1t71e974o?authuser=0&hl=zh-TW&rclk=1,0x3442a9666e9f721d:0x8aefbd57ef6d5d45
1923,鄭宇智,5,3 年前,"好吃 推霜降牛

",2022-11-21,https://www.google.com.tw/maps/place/%E7%AF%89%E9%96%93%E5%B9%B8%E7%A6%8F%E9%8D%8B%E7%89%A9+%E5%8F%B0%E5%8C%97%E5%8D%97%E4%BA%AC%E4%B8%80%E5%BA%97/data=!4m7!3m6!1s0x3442a9666e9f721d:0x8aefbd57ef6d5d45!8m2!3d25.0518598!4d121.5273867!16s%2Fg%2F11b7cqtsy0!19sChIJHXKfbmapQjQRRV1t71e974o?authuser=0&hl=zh-TW&rclk=1,0x3442a9666e9f721d:0x8aefbd57ef6d5d45
1924,張芯宜,1,3 年前,"吃一個火鍋白飯要等半小時✩，有白飯裝一下不用1分鐘要等那麼久?  
✩態度又是差到哪裡去?  
✩到底是在兇什麼?  
讓客人等那麼就全部東西都到了還沒上白飯什麼東西啊？  
上一次也是，先生小姐是要白飯對吧，好的稍等一下......一個多小時後，先生小姐不好意識白飯沒了可以跟換一下嗎？  
你有問題是嗎？你給別桌的人還問我要跟換嗎？  
先來後到你不先服務跑去聊天給別人?✩  
附餐給泡麵ok在等10分鐘  
是有多忙3~4桌客人外場兩個人可以等到1.30小時

",2022-11-21,https://www.google.com.tw/maps/place/%E7%AF%89%E9%96%93%E5%B9%B8%E7%A6%8F%E9%8D%8B%E7%89%A9+%E5%8F%B0%E5%8C%97%E5%8D%97%E4%BA%AC%E4%B8%80%E5%BA%97/data=!4m7!3m6!1s0x3442a9666e9f721d:0x8aefbd57ef6d5d45!8m2!3d25.0518598!4d121.5273867!16s%2Fg%2F11b7cqtsy0!19sChIJHXKfbmapQjQRRV1t71e974o?authuser=0&hl=zh-TW&rclk=1,0x3442a9666e9f721d:0x8aefbd57ef6d5d45
1925,葉紹琥,1,3 年前,"“極差”的用餐體驗  
9/29晚上來店內用餐  
訂7：00的7人，大家都準時到，一進去櫃檯就說要等一下因為有老人家用餐吃比較慢，要我們先看菜單，所以大家就在那邊罰站（當天下雨旁邊塑膠椅旁放著雨具，且位子也不夠）。  
說完之後就沒有其他動作，站了半小時19：30才入座店家卻“一點表示都沒有”，真的是很不會做生意！讓客人等這麼久好歹給一些招待或優惠吧？結果菜單看半小時都膩了（對，我們就拿了半小時菜單），入座5分鐘後才有服務生來幫忙點餐，也“沒招待任何肉盤、優惠券”之類的。  
  
以後不會再來用餐，有夠差勁的服務。  
如果有0分我肯定給-10分

",2022-11-21,https://www.google.com.tw/maps/place/%E7%AF%89%E9%96%93%E5%B9%B8%E7%A6%8F%E9%8D%8B%E7%89%A9+%E5%8F%B0%E5%8C%97%E5%8D%97%E4%BA%AC%E4%B8%80%E5%BA%97/data=!4m7!3m6!1s0x3442a9666e9f721d:0x8aefbd57ef6d5d45!8m2!3d25.0518598!4d121.5273867!16s%2Fg%2F11b7cqtsy0!19sChIJHXKfbmapQjQRRV1t71e974o?authuser=0&hl=zh-TW&rclk=1,0x3442a9666e9f721d:0x8aefbd57ef6d5d45
1926,李哲源,4,3 年前,,2022-11-21,https://www.google.com.tw/maps/place/%E7%AF%89%E9%96%93%E5%B9%B8%E7%A6%8F%E9%8D%8B%E7%89%A9+%E5%8F%B0%E5%8C%97%E5%8D%97%E4%BA%AC%E4%B8%80%E5%BA%97/data=!4m7!3m6!1s0x3442a9666e9f721d:0x8aefbd57ef6d5d45!8m2!3d25.0518598!4d121.5273867!16s%2Fg%2F11b7cqtsy0!19sChIJHXKfbmapQjQRRV1t71e974o?authuser=0&hl=zh-TW&rclk=1,0x3442a9666e9f721d:0x8aefbd57ef6d5d45
1927,詹家緯（Kai）,1,3 年前,"(由 Google 提供翻譯) 不知道二樓是怎麼回事，但和其他店相比，沒有可樂之類的飲料吧，只有8種冰淇淋，醬料種類更少。  
店面很小，感覺很擠。  
據我所知，Chungkoji 有一個飲料吧，有 16 種冰淇淋和各種各樣的醬汁。  
我再也不會去這家店了，也不推薦。如果價格相同，我覺得我失去了一些東西。但是“月間”是一家好店，所以我會去其他店！  
  
不知道這兩家酒吧有多長，但能喝到的飲料只有幾款，冰淇淋也只有8種，酸的種類也比較少。  
而且，店面很小。  
Tadakko 2家商店有很多飲料和蘇打水。  
商店賬單非常小。  
之後就不想離開了，不想推薦這家店，但是設計真的有問題……我要去別的店了。。。。。。  
  
(原始評論)  
二階がどうなってるか分かりませんが、他店舗と比べて、コーラなどのドリンクバーがない、アイスが8種類のみ、タレの料の種類が少ないです。  
店舗面積が非常に小さく、狭く感じました。  
私の知る限り、忠孝二店はドリンクバーあり、アイスは16種類、タレの料の種類も多め。  
次からこの店舗には行きませんし、オススメもしないです…。同じ料金でここまで違うとなんだか損した気分…。でも「築間」はいい店なので、他店舗には行きますが！  
  
我不知道二樓長怎樣，但至少一樓沒有可樂等的飲料吧，冰淇淋只8種，醬料的種類也感覺比較少。  
而且，店很小。  
至少我知道忠孝二店有可樂等的飲料吧，醬料也很多。  
這店就算很小。  
以後我不會想去，也不會推薦這店，設計真的有問題⋯⋯。我會去別店⋯⋯。

",2022-11-21,https://www.google.com.tw/maps/place/%E7%AF%89%E9%96%93%E5%B9%B8%E7%A6%8F%E9%8D%8B%E7%89%A9+%E5%8F%B0%E5%8C%97%E5%8D%97%E4%BA%AC%E4%B8%80%E5%BA%97/data=!4m7!3m6!1s0x3442a9666e9f721d:0x8aefbd57ef6d5d45!8m2!3d25.0518598!4d121.5273867!16s%2Fg%2F11b7cqtsy0!19sChIJHXKfbmapQjQRRV1t71e974o?authuser=0&hl=zh-TW&rclk=1,0x3442a9666e9f721d:0x8aefbd57ef6d5d45
1928,panny liu,3,3 年前,,2022-11-21,https://www.google.com.tw/maps/place/%E7%AF%89%E9%96%93%E5%B9%B8%E7%A6%8F%E9%8D%8B%E7%89%A9+%E5%8F%B0%E5%8C%97%E5%8D%97%E4%BA%AC%E4%B8%80%E5%BA%97/data=!4m7!3m6!1s0x3442a9666e9f721d:0x8aefbd57ef6d5d45!8m2!3d25.0518598!4d121.5273867!16s%2Fg%2F11b7cqtsy0!19sChIJHXKfbmapQjQRRV1t71e974o?authuser=0&hl=zh-TW&rclk=1,0x3442a9666e9f721d:0x8aefbd57ef6d5d45
1929,Miles Lin,4,3 年前,"食材新鮮  
冰淇淋好吃  
價位中等  
推

",2022-11-21,https://www.google.com.tw/maps/place/%E7%AF%89%E9%96%93%E5%B9%B8%E7%A6%8F%E9%8D%8B%E7%89%A9+%E5%8F%B0%E5%8C%97%E5%8D%97%E4%BA%AC%E4%B8%80%E5%BA%97/data=!4m7!3m6!1s0x3442a9666e9f721d:0x8aefbd57ef6d5d45!8m2!3d25.0518598!4d121.5273867!16s%2Fg%2F11b7cqtsy0!19sChIJHXKfbmapQjQRRV1t71e974o?authuser=0&hl=zh-TW&rclk=1,0x3442a9666e9f721d:0x8aefbd57ef6d5d45
1930,sunny lai,4,3 年前,,2022-11-21,https://www.google.com.tw/maps/place/%E7%AF%89%E9%96%93%E5%B9%B8%E7%A6%8F%E9%8D%8B%E7%89%A9+%E5%8F%B0%E5%8C%97%E5%8D%97%E4%BA%AC%E4%B8%80%E5%BA%97/data=!4m7!3m6!1s0x3442a9666e9f721d:0x8aefbd57ef6d5d45!8m2!3d25.0518598!4d121.5273867!16s%2Fg%2F11b7cqtsy0!19sChIJHXKfbmapQjQRRV1t71e974o?authuser=0&hl=zh-TW&rclk=1,0x3442a9666e9f721d:0x8aefbd57ef6d5d45
1931,Bi Bi,4,3 年前,,2022-11-21,https://www.google.com.tw/maps/place/%E7%AF%89%E9%96%93%E5%B9%B8%E7%A6%8F%E9%8D%8B%E7%89%A9+%E5%8F%B0%E5%8C%97%E5%8D%97%E4%BA%AC%E4%B8%80%E5%BA%97/data=!4m7!3m6!1s0x3442a9666e9f721d:0x8aefbd57ef6d5d45!8m2!3d25.0518598!4d121.5273867!16s%2Fg%2F11b7cqtsy0!19sChIJHXKfbmapQjQRRV1t71e974o?authuser=0&hl=zh-TW&rclk=1,0x3442a9666e9f721d:0x8aefbd57ef6d5d45
1932,serenaning,1,3 年前,"一顆星都不想給  
在門口站了五分鐘完全沒人理，所以就進去找人找位子，走進去完全沒店員，找了位子坐下三分鐘後一個服務生走過來態度很差的說兩位嗎？兩位要在門口等。  
不懂要等什麼？ 走進去沒人 櫃檯沒人要等什麼？ 啊態度差什麼？？？？？ 人手不足就不要開到凌晨4點 謝謝

",2022-11-21,https://www.google.com.tw/maps/place/%E7%AF%89%E9%96%93%E5%B9%B8%E7%A6%8F%E9%8D%8B%E7%89%A9+%E5%8F%B0%E5%8C%97%E5%8D%97%E4%BA%AC%E4%B8%80%E5%BA%97/data=!4m7!3m6!1s0x3442a9666e9f721d:0x8aefbd57ef6d5d45!8m2!3d25.0518598!4d121.5273867!16s%2Fg%2F11b7cqtsy0!19sChIJHXKfbmapQjQRRV1t71e974o?authuser=0&hl=zh-TW&rclk=1,0x3442a9666e9f721d:0x8aefbd57ef6d5d45
1933,馬羅,4,3 年前,"單價不便宜但食材新鮮，假日建議預約，一份很大份

",2022-11-21,https://www.google.com.tw/maps/place/%E7%AF%89%E9%96%93%E5%B9%B8%E7%A6%8F%E9%8D%8B%E7%89%A9+%E5%8F%B0%E5%8C%97%E5%8D%97%E4%BA%AC%E4%B8%80%E5%BA%97/data=!4m7!3m6!1s0x3442a9666e9f721d:0x8aefbd57ef6d5d45!8m2!3d25.0518598!4d121.5273867!16s%2Fg%2F11b7cqtsy0!19sChIJHXKfbmapQjQRRV1t71e974o?authuser=0&hl=zh-TW&rclk=1,0x3442a9666e9f721d:0x8aefbd57ef6d5d45
1934,Liqi Kuo,1,3 年前,"想試試吃東西受氣的歡迎來這家，一定不會讓你失望，吃到血壓升高，期待有人管理

",2022-11-21,https://www.google.com.tw/maps/place/%E7%AF%89%E9%96%93%E5%B9%B8%E7%A6%8F%E9%8D%8B%E7%89%A9+%E5%8F%B0%E5%8C%97%E5%8D%97%E4%BA%AC%E4%B8%80%E5%BA%97/data=!4m7!3m6!1s0x3442a9666e9f721d:0x8aefbd57ef6d5d45!8m2!3d25.0518598!4d121.5273867!16s%2Fg%2F11b7cqtsy0!19sChIJHXKfbmapQjQRRV1t71e974o?authuser=0&hl=zh-TW&rclk=1,0x3442a9666e9f721d:0x8aefbd57ef6d5d45
1935,毛冠婷,3,3 年前,,2022-11-21,https://www.google.com.tw/maps/place/%E7%AF%89%E9%96%93%E5%B9%B8%E7%A6%8F%E9%8D%8B%E7%89%A9+%E5%8F%B0%E5%8C%97%E5%8D%97%E4%BA%AC%E4%B8%80%E5%BA%97/data=!4m7!3m6!1s0x3442a9666e9f721d:0x8aefbd57ef6d5d45!8m2!3d25.0518598!4d121.5273867!16s%2Fg%2F11b7cqtsy0!19sChIJHXKfbmapQjQRRV1t71e974o?authuser=0&hl=zh-TW&rclk=1,0x3442a9666e9f721d:0x8aefbd57ef6d5d45
1936,eaven Ja,4,3 年前,,2022-11-21,https://www.google.com.tw/maps/place/%E7%AF%89%E9%96%93%E5%B9%B8%E7%A6%8F%E9%8D%8B%E7%89%A9+%E5%8F%B0%E5%8C%97%E5%8D%97%E4%BA%AC%E4%B8%80%E5%BA%97/data=!4m7!3m6!1s0x3442a9666e9f721d:0x8aefbd57ef6d5d45!8m2!3d25.0518598!4d121.5273867!16s%2Fg%2F11b7cqtsy0!19sChIJHXKfbmapQjQRRV1t71e974o?authuser=0&hl=zh-TW&rclk=1,0x3442a9666e9f721d:0x8aefbd57ef6d5d45
1937,YS Z,4,3 年前,"祖傳滷肉飯好吃，入味但不死鹹。如果前次有消費，可以用七選一抵用券的話吃的很飽，牛肉肉質都不錯，牛小排跟板腱牛口感油花適中，鴨血還好，但還可以。免費取用的奶茶不錯，新的湯底老佛爺有點像薑母鴨，但加入的中藥味不衝突，整體的裝潢不錯，但看得出來有使用痕跡。服務上稍微有點缺失，加點的紅蟳棒經提醒才上，加湯也喊了幾次才加湯。所以才給上四顆星。我想，饕客的幸福，就是這麼平淡無實且平淡吧…

",2022-11-21,https://www.google.com.tw/maps/place/%E7%AF%89%E9%96%93%E5%B9%B8%E7%A6%8F%E9%8D%8B%E7%89%A9+%E5%8F%B0%E5%8C%97%E5%8D%97%E4%BA%AC%E4%B8%80%E5%BA%97/data=!4m7!3m6!1s0x3442a9666e9f721d:0x8aefbd57ef6d5d45!8m2!3d25.0518598!4d121.5273867!16s%2Fg%2F11b7cqtsy0!19sChIJHXKfbmapQjQRRV1t71e974o?authuser=0&hl=zh-TW&rclk=1,0x3442a9666e9f721d:0x8aefbd57ef6d5d45
1938,Zoe Chen,3,3 年前,"湯頭有點鹹，菜盤肉質尚可

",2022-11-21,https://www.google.com.tw/maps/place/%E7%AF%89%E9%96%93%E5%B9%B8%E7%A6%8F%E9%8D%8B%E7%89%A9+%E5%8F%B0%E5%8C%97%E5%8D%97%E4%BA%AC%E4%B8%80%E5%BA%97/data=!4m7!3m6!1s0x3442a9666e9f721d:0x8aefbd57ef6d5d45!8m2!3d25.0518598!4d121.5273867!16s%2Fg%2F11b7cqtsy0!19sChIJHXKfbmapQjQRRV1t71e974o?authuser=0&hl=zh-TW&rclk=1,0x3442a9666e9f721d:0x8aefbd57ef6d5d45
1939,ju johnny,5,3 年前,,2022-11-21,https://www.google.com.tw/maps/place/%E7%AF%89%E9%96%93%E5%B9%B8%E7%A6%8F%E9%8D%8B%E7%89%A9+%E5%8F%B0%E5%8C%97%E5%8D%97%E4%BA%AC%E4%B8%80%E5%BA%97/data=!4m7!3m6!1s0x3442a9666e9f721d:0x8aefbd57ef6d5d45!8m2!3d25.0518598!4d121.5273867!16s%2Fg%2F11b7cqtsy0!19sChIJHXKfbmapQjQRRV1t71e974o?authuser=0&hl=zh-TW&rclk=1,0x3442a9666e9f721d:0x8aefbd57ef6d5d45
1940,李妮,1,3 年前,"打電話過去藥訂位，店員不知道在兇什麼，沒聽清楚再問一次，態度超不耐煩，五位要用餐，還只能分兩桌，還不是連在一起的，這種設計也太不方便。

",2022-11-21,https://www.google.com.tw/maps/place/%E7%AF%89%E9%96%93%E5%B9%B8%E7%A6%8F%E9%8D%8B%E7%89%A9+%E5%8F%B0%E5%8C%97%E5%8D%97%E4%BA%AC%E4%B8%80%E5%BA%97/data=!4m7!3m6!1s0x3442a9666e9f721d:0x8aefbd57ef6d5d45!8m2!3d25.0518598!4d121.5273867!16s%2Fg%2F11b7cqtsy0!19sChIJHXKfbmapQjQRRV1t71e974o?authuser=0&hl=zh-TW&rclk=1,0x3442a9666e9f721d:0x8aefbd57ef6d5d45
1941,Kiki,2,3 年前,"凌晨2點10分左右進店用餐，還沒3點就先來買單，醬料也都收光光，收之前也沒來問還需不需要醬料，3點半左右冷氣強到讓人發抖頭痛，感覺像是要趕客人！  
兩盤蛤蜊幾乎有一半是臭掉的。  
服務方面除了點餐時親切，再來就感受不到了。  
貴店是我下班後想吃火鍋的第一首選，但一次比一次感覺還差，以後應該不會再去了！

",2022-11-21,https://www.google.com.tw/maps/place/%E7%AF%89%E9%96%93%E5%B9%B8%E7%A6%8F%E9%8D%8B%E7%89%A9+%E5%8F%B0%E5%8C%97%E5%8D%97%E4%BA%AC%E4%B8%80%E5%BA%97/data=!4m7!3m6!1s0x3442a9666e9f721d:0x8aefbd57ef6d5d45!8m2!3d25.0518598!4d121.5273867!16s%2Fg%2F11b7cqtsy0!19sChIJHXKfbmapQjQRRV1t71e974o?authuser=0&hl=zh-TW&rclk=1,0x3442a9666e9f721d:0x8aefbd57ef6d5d45
1942,林鈺紋,4,3 年前,,2022-11-21,https://www.google.com.tw/maps/place/%E7%AF%89%E9%96%93%E5%B9%B8%E7%A6%8F%E9%8D%8B%E7%89%A9+%E5%8F%B0%E5%8C%97%E5%8D%97%E4%BA%AC%E4%B8%80%E5%BA%97/data=!4m7!3m6!1s0x3442a9666e9f721d:0x8aefbd57ef6d5d45!8m2!3d25.0518598!4d121.5273867!16s%2Fg%2F11b7cqtsy0!19sChIJHXKfbmapQjQRRV1t71e974o?authuser=0&hl=zh-TW&rclk=1,0x3442a9666e9f721d:0x8aefbd57ef6d5d45
1943,Chan Kevin,5,3 年前,"石頭湯很不錯

",2022-11-21,https://www.google.com.tw/maps/place/%E7%AF%89%E9%96%93%E5%B9%B8%E7%A6%8F%E9%8D%8B%E7%89%A9+%E5%8F%B0%E5%8C%97%E5%8D%97%E4%BA%AC%E4%B8%80%E5%BA%97/data=!4m7!3m6!1s0x3442a9666e9f721d:0x8aefbd57ef6d5d45!8m2!3d25.0518598!4d121.5273867!16s%2Fg%2F11b7cqtsy0!19sChIJHXKfbmapQjQRRV1t71e974o?authuser=0&hl=zh-TW&rclk=1,0x3442a9666e9f721d:0x8aefbd57ef6d5d45
1944,Sulli,5,3 年前,"牛奶鍋超棒的喝都喝飽了XD

",2022-11-21,https://www.google.com.tw/maps/place/%E7%AF%89%E9%96%93%E5%B9%B8%E7%A6%8F%E9%8D%8B%E7%89%A9+%E5%8F%B0%E5%8C%97%E5%8D%97%E4%BA%AC%E4%B8%80%E5%BA%97/data=!4m7!3m6!1s0x3442a9666e9f721d:0x8aefbd57ef6d5d45!8m2!3d25.0518598!4d121.5273867!16s%2Fg%2F11b7cqtsy0!19sChIJHXKfbmapQjQRRV1t71e974o?authuser=0&hl=zh-TW&rclk=1,0x3442a9666e9f721d:0x8aefbd57ef6d5d45
1945,周潔,5,3 年前,,2022-11-21,https://www.google.com.tw/maps/place/%E7%AF%89%E9%96%93%E5%B9%B8%E7%A6%8F%E9%8D%8B%E7%89%A9+%E5%8F%B0%E5%8C%97%E5%8D%97%E4%BA%AC%E4%B8%80%E5%BA%97/data=!4m7!3m6!1s0x3442a9666e9f721d:0x8aefbd57ef6d5d45!8m2!3d25.0518598!4d121.5273867!16s%2Fg%2F11b7cqtsy0!19sChIJHXKfbmapQjQRRV1t71e974o?authuser=0&hl=zh-TW&rclk=1,0x3442a9666e9f721d:0x8aefbd57ef6d5d45
1946,簡詩妤,1,3 年前,"加個湯而已不耐煩的態度真的讓人無法理解  
如果真的很忙可以講一下都能夠諒解  
來吃火鍋看服務生臉色 態度又差^_^  
吳志鋐服務生

",2022-11-21,https://www.google.com.tw/maps/place/%E7%AF%89%E9%96%93%E5%B9%B8%E7%A6%8F%E9%8D%8B%E7%89%A9+%E5%8F%B0%E5%8C%97%E5%8D%97%E4%BA%AC%E4%B8%80%E5%BA%97/data=!4m7!3m6!1s0x3442a9666e9f721d:0x8aefbd57ef6d5d45!8m2!3d25.0518598!4d121.5273867!16s%2Fg%2F11b7cqtsy0!19sChIJHXKfbmapQjQRRV1t71e974o?authuser=0&hl=zh-TW&rclk=1,0x3442a9666e9f721d:0x8aefbd57ef6d5d45
1947,陳淑,5,3 年前,"雞腿盤很好吃，海鮮很有甜味，基本配菜很有誠意，好吃，明治巧克力跟抹茶，牛奶冰淇淋超好吃

",2022-11-21,https://www.google.com.tw/maps/place/%E7%AF%89%E9%96%93%E5%B9%B8%E7%A6%8F%E9%8D%8B%E7%89%A9+%E5%8F%B0%E5%8C%97%E5%8D%97%E4%BA%AC%E4%B8%80%E5%BA%97/data=!4m7!3m6!1s0x3442a9666e9f721d:0x8aefbd57ef6d5d45!8m2!3d25.0518598!4d121.5273867!16s%2Fg%2F11b7cqtsy0!19sChIJHXKfbmapQjQRRV1t71e974o?authuser=0&hl=zh-TW&rclk=1,0x3442a9666e9f721d:0x8aefbd57ef6d5d45
1948,甯,4,3 年前,,2022-11-21,https://www.google.com.tw/maps/place/%E7%AF%89%E9%96%93%E5%B9%B8%E7%A6%8F%E9%8D%8B%E7%89%A9+%E5%8F%B0%E5%8C%97%E5%8D%97%E4%BA%AC%E4%B8%80%E5%BA%97/data=!4m7!3m6!1s0x3442a9666e9f721d:0x8aefbd57ef6d5d45!8m2!3d25.0518598!4d121.5273867!16s%2Fg%2F11b7cqtsy0!19sChIJHXKfbmapQjQRRV1t71e974o?authuser=0&hl=zh-TW&rclk=1,0x3442a9666e9f721d:0x8aefbd57ef6d5d45
1949,JIA YIN,1,3 年前,"服務極差  
營業時間還沒到  
就會趕人走  
說用餐時間到了  
超級傻眼  
  
根本沒服務業的精神

",2022-11-21,https://www.google.com.tw/maps/place/%E7%AF%89%E9%96%93%E5%B9%B8%E7%A6%8F%E9%8D%8B%E7%89%A9+%E5%8F%B0%E5%8C%97%E5%8D%97%E4%BA%AC%E4%B8%80%E5%BA%97/data=!4m7!3m6!1s0x3442a9666e9f721d:0x8aefbd57ef6d5d45!8m2!3d25.0518598!4d121.5273867!16s%2Fg%2F11b7cqtsy0!19sChIJHXKfbmapQjQRRV1t71e974o?authuser=0&hl=zh-TW&rclk=1,0x3442a9666e9f721d:0x8aefbd57ef6d5d45
1950,許世俊,3,3 年前,,2022-11-21,https://www.google.com.tw/maps/place/%E7%AF%89%E9%96%93%E5%B9%B8%E7%A6%8F%E9%8D%8B%E7%89%A9+%E5%8F%B0%E5%8C%97%E5%8D%97%E4%BA%AC%E4%B8%80%E5%BA%97/data=!4m7!3m6!1s0x3442a9666e9f721d:0x8aefbd57ef6d5d45!8m2!3d25.0518598!4d121.5273867!16s%2Fg%2F11b7cqtsy0!19sChIJHXKfbmapQjQRRV1t71e974o?authuser=0&hl=zh-TW&rclk=1,0x3442a9666e9f721d:0x8aefbd57ef6d5d45
1951,Boheng Lai,1,3 年前,"東西好吃歸好吃  
很推築間食物的品質  
  
但  
櫃檯人員服務態度又差又惡劣  
詢問等候時間  
看都不看客人一眼  
生意好就可以這樣跩嗎  
  
用那種很不屑的口氣跟客人說話  
這就是應有的服務？  
這就是服務態度？  
  
我有得罪妳嗎  
需要用這種口氣說話  
這種態度不爽就不要出來工作  

",2022-11-21,https://www.google.com.tw/maps/place/%E7%AF%89%E9%96%93%E5%B9%B8%E7%A6%8F%E9%8D%8B%E7%89%A9+%E5%8F%B0%E5%8C%97%E5%8D%97%E4%BA%AC%E4%B8%80%E5%BA%97/data=!4m7!3m6!1s0x3442a9666e9f721d:0x8aefbd57ef6d5d45!8m2!3d25.0518598!4d121.5273867!16s%2Fg%2F11b7cqtsy0!19sChIJHXKfbmapQjQRRV1t71e974o?authuser=0&hl=zh-TW&rclk=1,0x3442a9666e9f721d:0x8aefbd57ef6d5d45
1952,陳振宏,4,3 年前,,2022-11-21,https://www.google.com.tw/maps/place/%E7%AF%89%E9%96%93%E5%B9%B8%E7%A6%8F%E9%8D%8B%E7%89%A9+%E5%8F%B0%E5%8C%97%E5%8D%97%E4%BA%AC%E4%B8%80%E5%BA%97/data=!4m7!3m6!1s0x3442a9666e9f721d:0x8aefbd57ef6d5d45!8m2!3d25.0518598!4d121.5273867!16s%2Fg%2F11b7cqtsy0!19sChIJHXKfbmapQjQRRV1t71e974o?authuser=0&hl=zh-TW&rclk=1,0x3442a9666e9f721d:0x8aefbd57ef6d5d45
1953,x10 X,5,3 年前,,2022-11-21,https://www.google.com.tw/maps/place/%E7%AF%89%E9%96%93%E5%B9%B8%E7%A6%8F%E9%8D%8B%E7%89%A9+%E5%8F%B0%E5%8C%97%E5%8D%97%E4%BA%AC%E4%B8%80%E5%BA%97/data=!4m7!3m6!1s0x3442a9666e9f721d:0x8aefbd57ef6d5d45!8m2!3d25.0518598!4d121.5273867!16s%2Fg%2F11b7cqtsy0!19sChIJHXKfbmapQjQRRV1t71e974o?authuser=0&hl=zh-TW&rclk=1,0x3442a9666e9f721d:0x8aefbd57ef6d5d45
1954,葉玳如,2,3 年前,,2022-11-21,https://www.google.com.tw/maps/place/%E7%AF%89%E9%96%93%E5%B9%B8%E7%A6%8F%E9%8D%8B%E7%89%A9+%E5%8F%B0%E5%8C%97%E5%8D%97%E4%BA%AC%E4%B8%80%E5%BA%97/data=!4m7!3m6!1s0x3442a9666e9f721d:0x8aefbd57ef6d5d45!8m2!3d25.0518598!4d121.5273867!16s%2Fg%2F11b7cqtsy0!19sChIJHXKfbmapQjQRRV1t71e974o?authuser=0&hl=zh-TW&rclk=1,0x3442a9666e9f721d:0x8aefbd57ef6d5d45
1955,Daisuke Minamizawa,5,3 年前,,2022-11-21,https://www.google.com.tw/maps/place/%E7%AF%89%E9%96%93%E5%B9%B8%E7%A6%8F%E9%8D%8B%E7%89%A9+%E5%8F%B0%E5%8C%97%E5%8D%97%E4%BA%AC%E4%B8%80%E5%BA%97/data=!4m7!3m6!1s0x3442a9666e9f721d:0x8aefbd57ef6d5d45!8m2!3d25.0518598!4d121.5273867!16s%2Fg%2F11b7cqtsy0!19sChIJHXKfbmapQjQRRV1t71e974o?authuser=0&hl=zh-TW&rclk=1,0x3442a9666e9f721d:0x8aefbd57ef6d5d45
1956,杰哥,5,3 年前,"環境清潔、食材新鮮、服務熱誠，常常光臨的好店

",2022-11-21,https://www.google.com.tw/maps/place/%E7%AF%89%E9%96%93%E5%B9%B8%E7%A6%8F%E9%8D%8B%E7%89%A9+%E5%8F%B0%E5%8C%97%E5%8D%97%E4%BA%AC%E4%B8%80%E5%BA%97/data=!4m7!3m6!1s0x3442a9666e9f721d:0x8aefbd57ef6d5d45!8m2!3d25.0518598!4d121.5273867!16s%2Fg%2F11b7cqtsy0!19sChIJHXKfbmapQjQRRV1t71e974o?authuser=0&hl=zh-TW&rclk=1,0x3442a9666e9f721d:0x8aefbd57ef6d5d45
1957,Ryan LIN,5,3 年前,,2022-11-21,https://www.google.com.tw/maps/place/%E7%AF%89%E9%96%93%E5%B9%B8%E7%A6%8F%E9%8D%8B%E7%89%A9+%E5%8F%B0%E5%8C%97%E5%8D%97%E4%BA%AC%E4%B8%80%E5%BA%97/data=!4m7!3m6!1s0x3442a9666e9f721d:0x8aefbd57ef6d5d45!8m2!3d25.0518598!4d121.5273867!16s%2Fg%2F11b7cqtsy0!19sChIJHXKfbmapQjQRRV1t71e974o?authuser=0&hl=zh-TW&rclk=1,0x3442a9666e9f721d:0x8aefbd57ef6d5d45
1958,魔術巧手,5,3 年前,"好吃可接受，服務上不錯

",2022-11-21,https://www.google.com.tw/maps/place/%E7%AF%89%E9%96%93%E5%B9%B8%E7%A6%8F%E9%8D%8B%E7%89%A9+%E5%8F%B0%E5%8C%97%E5%8D%97%E4%BA%AC%E4%B8%80%E5%BA%97/data=!4m7!3m6!1s0x3442a9666e9f721d:0x8aefbd57ef6d5d45!8m2!3d25.0518598!4d121.5273867!16s%2Fg%2F11b7cqtsy0!19sChIJHXKfbmapQjQRRV1t71e974o?authuser=0&hl=zh-TW&rclk=1,0x3442a9666e9f721d:0x8aefbd57ef6d5d45
1959,林秀梅,5,3 年前,,2022-11-21,https://www.google.com.tw/maps/place/%E7%AF%89%E9%96%93%E5%B9%B8%E7%A6%8F%E9%8D%8B%E7%89%A9+%E5%8F%B0%E5%8C%97%E5%8D%97%E4%BA%AC%E4%B8%80%E5%BA%97/data=!4m7!3m6!1s0x3442a9666e9f721d:0x8aefbd57ef6d5d45!8m2!3d25.0518598!4d121.5273867!16s%2Fg%2F11b7cqtsy0!19sChIJHXKfbmapQjQRRV1t71e974o?authuser=0&hl=zh-TW&rclk=1,0x3442a9666e9f721d:0x8aefbd57ef6d5d45
1960,魏奕其,4,3 年前,,2022-11-21,https://www.google.com.tw/maps/place/%E7%AF%89%E9%96%93%E5%B9%B8%E7%A6%8F%E9%8D%8B%E7%89%A9+%E5%8F%B0%E5%8C%97%E5%8D%97%E4%BA%AC%E4%B8%80%E5%BA%97/data=!4m7!3m6!1s0x3442a9666e9f721d:0x8aefbd57ef6d5d45!8m2!3d25.0518598!4d121.5273867!16s%2Fg%2F11b7cqtsy0!19sChIJHXKfbmapQjQRRV1t71e974o?authuser=0&hl=zh-TW&rclk=1,0x3442a9666e9f721d:0x8aefbd57ef6d5d45
1961,何紫瑄,4,3 年前,,2022-11-21,https://www.google.com.tw/maps/place/%E7%AF%89%E9%96%93%E5%B9%B8%E7%A6%8F%E9%8D%8B%E7%89%A9+%E5%8F%B0%E5%8C%97%E5%8D%97%E4%BA%AC%E4%B8%80%E5%BA%97/data=!4m7!3m6!1s0x3442a9666e9f721d:0x8aefbd57ef6d5d45!8m2!3d25.0518598!4d121.5273867!16s%2Fg%2F11b7cqtsy0!19sChIJHXKfbmapQjQRRV1t71e974o?authuser=0&hl=zh-TW&rclk=1,0x3442a9666e9f721d:0x8aefbd57ef6d5d45
1962,Lee Famin,4,3 年前,,2022-11-21,https://www.google.com.tw/maps/place/%E7%AF%89%E9%96%93%E5%B9%B8%E7%A6%8F%E9%8D%8B%E7%89%A9+%E5%8F%B0%E5%8C%97%E5%8D%97%E4%BA%AC%E4%B8%80%E5%BA%97/data=!4m7!3m6!1s0x3442a9666e9f721d:0x8aefbd57ef6d5d45!8m2!3d25.0518598!4d121.5273867!16s%2Fg%2F11b7cqtsy0!19sChIJHXKfbmapQjQRRV1t71e974o?authuser=0&hl=zh-TW&rclk=1,0x3442a9666e9f721d:0x8aefbd57ef6d5d45
1963,Amanda Lee,1,3 年前,"服務生態度很不ok!藉口超多！

",2022-11-21,https://www.google.com.tw/maps/place/%E7%AF%89%E9%96%93%E5%B9%B8%E7%A6%8F%E9%8D%8B%E7%89%A9+%E5%8F%B0%E5%8C%97%E5%8D%97%E4%BA%AC%E4%B8%80%E5%BA%97/data=!4m7!3m6!1s0x3442a9666e9f721d:0x8aefbd57ef6d5d45!8m2!3d25.0518598!4d121.5273867!16s%2Fg%2F11b7cqtsy0!19sChIJHXKfbmapQjQRRV1t71e974o?authuser=0&hl=zh-TW&rclk=1,0x3442a9666e9f721d:0x8aefbd57ef6d5d45
1964,胡先生,4,3 年前,,2022-11-21,https://www.google.com.tw/maps/place/%E7%AF%89%E9%96%93%E5%B9%B8%E7%A6%8F%E9%8D%8B%E7%89%A9+%E5%8F%B0%E5%8C%97%E5%8D%97%E4%BA%AC%E4%B8%80%E5%BA%97/data=!4m7!3m6!1s0x3442a9666e9f721d:0x8aefbd57ef6d5d45!8m2!3d25.0518598!4d121.5273867!16s%2Fg%2F11b7cqtsy0!19sChIJHXKfbmapQjQRRV1t71e974o?authuser=0&hl=zh-TW&rclk=1,0x3442a9666e9f721d:0x8aefbd57ef6d5d45
1965,王紹財,5,3 年前,,2022-11-21,https://www.google.com.tw/maps/place/%E7%AF%89%E9%96%93%E5%B9%B8%E7%A6%8F%E9%8D%8B%E7%89%A9+%E5%8F%B0%E5%8C%97%E5%8D%97%E4%BA%AC%E4%B8%80%E5%BA%97/data=!4m7!3m6!1s0x3442a9666e9f721d:0x8aefbd57ef6d5d45!8m2!3d25.0518598!4d121.5273867!16s%2Fg%2F11b7cqtsy0!19sChIJHXKfbmapQjQRRV1t71e974o?authuser=0&hl=zh-TW&rclk=1,0x3442a9666e9f721d:0x8aefbd57ef6d5d45
1966,周煥宸,4,3 年前,"食材不錯蠻新鮮的 美中不足是不知道是服務生太少還是內部問題 上餐速度有點慢

",2022-11-21,https://www.google.com.tw/maps/place/%E7%AF%89%E9%96%93%E5%B9%B8%E7%A6%8F%E9%8D%8B%E7%89%A9+%E5%8F%B0%E5%8C%97%E5%8D%97%E4%BA%AC%E4%B8%80%E5%BA%97/data=!4m7!3m6!1s0x3442a9666e9f721d:0x8aefbd57ef6d5d45!8m2!3d25.0518598!4d121.5273867!16s%2Fg%2F11b7cqtsy0!19sChIJHXKfbmapQjQRRV1t71e974o?authuser=0&hl=zh-TW&rclk=1,0x3442a9666e9f721d:0x8aefbd57ef6d5d45
1967,Lisa Chen,5,3 年前,"肉吃起來很滿足  
最喜歡調味料的辣醬  
還有附飲料和冰淇淋超足夠  
一定還會再回來吃

",2022-11-21,https://www.google.com.tw/maps/place/%E7%AF%89%E9%96%93%E5%B9%B8%E7%A6%8F%E9%8D%8B%E7%89%A9+%E5%8F%B0%E5%8C%97%E5%8D%97%E4%BA%AC%E4%B8%80%E5%BA%97/data=!4m7!3m6!1s0x3442a9666e9f721d:0x8aefbd57ef6d5d45!8m2!3d25.0518598!4d121.5273867!16s%2Fg%2F11b7cqtsy0!19sChIJHXKfbmapQjQRRV1t71e974o?authuser=0&hl=zh-TW&rclk=1,0x3442a9666e9f721d:0x8aefbd57ef6d5d45
1968,paggy liu,4,3 年前,"工讀生服務加強

",2022-11-21,https://www.google.com.tw/maps/place/%E7%AF%89%E9%96%93%E5%B9%B8%E7%A6%8F%E9%8D%8B%E7%89%A9+%E5%8F%B0%E5%8C%97%E5%8D%97%E4%BA%AC%E4%B8%80%E5%BA%97/data=!4m7!3m6!1s0x3442a9666e9f721d:0x8aefbd57ef6d5d45!8m2!3d25.0518598!4d121.5273867!16s%2Fg%2F11b7cqtsy0!19sChIJHXKfbmapQjQRRV1t71e974o?authuser=0&hl=zh-TW&rclk=1,0x3442a9666e9f721d:0x8aefbd57ef6d5d45
1969,林百玲,5,3 年前,,2022-11-21,https://www.google.com.tw/maps/place/%E7%AF%89%E9%96%93%E5%B9%B8%E7%A6%8F%E9%8D%8B%E7%89%A9+%E5%8F%B0%E5%8C%97%E5%8D%97%E4%BA%AC%E4%B8%80%E5%BA%97/data=!4m7!3m6!1s0x3442a9666e9f721d:0x8aefbd57ef6d5d45!8m2!3d25.0518598!4d121.5273867!16s%2Fg%2F11b7cqtsy0!19sChIJHXKfbmapQjQRRV1t71e974o?authuser=0&hl=zh-TW&rclk=1,0x3442a9666e9f721d:0x8aefbd57ef6d5d45
1970,Yutee Hsu,1,3 年前,"食物還可，工作人員態度差，上餐速度慢  
消費者還要看工作人員臉色，要這樣吃飯是不是太委屈了一點

",2022-11-21,https://www.google.com.tw/maps/place/%E7%AF%89%E9%96%93%E5%B9%B8%E7%A6%8F%E9%8D%8B%E7%89%A9+%E5%8F%B0%E5%8C%97%E5%8D%97%E4%BA%AC%E4%B8%80%E5%BA%97/data=!4m7!3m6!1s0x3442a9666e9f721d:0x8aefbd57ef6d5d45!8m2!3d25.0518598!4d121.5273867!16s%2Fg%2F11b7cqtsy0!19sChIJHXKfbmapQjQRRV1t71e974o?authuser=0&hl=zh-TW&rclk=1,0x3442a9666e9f721d:0x8aefbd57ef6d5d45
1971,Cindy,5,3 年前,"Cp值滿高的

",2022-11-21,https://www.google.com.tw/maps/place/%E7%AF%89%E9%96%93%E5%B9%B8%E7%A6%8F%E9%8D%8B%E7%89%A9+%E5%8F%B0%E5%8C%97%E5%8D%97%E4%BA%AC%E4%B8%80%E5%BA%97/data=!4m7!3m6!1s0x3442a9666e9f721d:0x8aefbd57ef6d5d45!8m2!3d25.0518598!4d121.5273867!16s%2Fg%2F11b7cqtsy0!19sChIJHXKfbmapQjQRRV1t71e974o?authuser=0&hl=zh-TW&rclk=1,0x3442a9666e9f721d:0x8aefbd57ef6d5d45
1972,陳多多,4,3 年前,,2022-11-21,https://www.google.com.tw/maps/place/%E7%AF%89%E9%96%93%E5%B9%B8%E7%A6%8F%E9%8D%8B%E7%89%A9+%E5%8F%B0%E5%8C%97%E5%8D%97%E4%BA%AC%E4%B8%80%E5%BA%97/data=!4m7!3m6!1s0x3442a9666e9f721d:0x8aefbd57ef6d5d45!8m2!3d25.0518598!4d121.5273867!16s%2Fg%2F11b7cqtsy0!19sChIJHXKfbmapQjQRRV1t71e974o?authuser=0&hl=zh-TW&rclk=1,0x3442a9666e9f721d:0x8aefbd57ef6d5d45
1973,R025胡湘薇,4,3 年前,"因為沒有事先訂位，所以等了一段時間，不過值得哦。食材新鮮好吃，附近也好停車。

",2022-11-21,https://www.google.com.tw/maps/place/%E7%AF%89%E9%96%93%E5%B9%B8%E7%A6%8F%E9%8D%8B%E7%89%A9+%E5%8F%B0%E5%8C%97%E5%8D%97%E4%BA%AC%E4%B8%80%E5%BA%97/data=!4m7!3m6!1s0x3442a9666e9f721d:0x8aefbd57ef6d5d45!8m2!3d25.0518598!4d121.5273867!16s%2Fg%2F11b7cqtsy0!19sChIJHXKfbmapQjQRRV1t71e974o?authuser=0&hl=zh-TW&rclk=1,0x3442a9666e9f721d:0x8aefbd57ef6d5d45
1974,コーンクリーム,1,3 年前,"(由 Google 提供翻譯)
這是可以看到廚房的終端座位，但是當廚房職員打開冷凍櫃時，冷凍罐中的成分灑在地板上，撿起來，放回袋子裡，然後再放回冰箱裡。我見過你......（^^;）  
  
(原始評論)  
厨房が見える端の席だったのですが、厨房の店員さんが冷凍庫を開けた時、冷凍の鍋の具材が床にこぼれ散らばってしまい、それを拾って袋に入れなおし再び冷凍庫に戻しているのを見てしまいました・・・（＾＾；）

",2022-11-21,https://www.google.com.tw/maps/place/%E7%AF%89%E9%96%93%E5%B9%B8%E7%A6%8F%E9%8D%8B%E7%89%A9+%E5%8F%B0%E5%8C%97%E5%8D%97%E4%BA%AC%E4%B8%80%E5%BA%97/data=!4m7!3m6!1s0x3442a9666e9f721d:0x8aefbd57ef6d5d45!8m2!3d25.0518598!4d121.5273867!16s%2Fg%2F11b7cqtsy0!19sChIJHXKfbmapQjQRRV1t71e974o?authuser=0&hl=zh-TW&rclk=1,0x3442a9666e9f721d:0x8aefbd57ef6d5d45
1975,Anthony Lee,5,3 年前,,2022-11-21,https://www.google.com.tw/maps/place/%E7%AF%89%E9%96%93%E5%B9%B8%E7%A6%8F%E9%8D%8B%E7%89%A9+%E5%8F%B0%E5%8C%97%E5%8D%97%E4%BA%AC%E4%B8%80%E5%BA%97/data=!4m7!3m6!1s0x3442a9666e9f721d:0x8aefbd57ef6d5d45!8m2!3d25.0518598!4d121.5273867!16s%2Fg%2F11b7cqtsy0!19sChIJHXKfbmapQjQRRV1t71e974o?authuser=0&hl=zh-TW&rclk=1,0x3442a9666e9f721d:0x8aefbd57ef6d5d45
1976,邱毓書,5,3 年前,,2022-11-21,https://www.google.com.tw/maps/place/%E7%AF%89%E9%96%93%E5%B9%B8%E7%A6%8F%E9%8D%8B%E7%89%A9+%E5%8F%B0%E5%8C%97%E5%8D%97%E4%BA%AC%E4%B8%80%E5%BA%97/data=!4m7!3m6!1s0x3442a9666e9f721d:0x8aefbd57ef6d5d45!8m2!3d25.0518598!4d121.5273867!16s%2Fg%2F11b7cqtsy0!19sChIJHXKfbmapQjQRRV1t71e974o?authuser=0&hl=zh-TW&rclk=1,0x3442a9666e9f721d:0x8aefbd57ef6d5d45
1977,Andy Yang,2,3 年前,,2022-11-21,https://www.google.com.tw/maps/place/%E7%AF%89%E9%96%93%E5%B9%B8%E7%A6%8F%E9%8D%8B%E7%89%A9+%E5%8F%B0%E5%8C%97%E5%8D%97%E4%BA%AC%E4%B8%80%E5%BA%97/data=!4m7!3m6!1s0x3442a9666e9f721d:0x8aefbd57ef6d5d45!8m2!3d25.0518598!4d121.5273867!16s%2Fg%2F11b7cqtsy0!19sChIJHXKfbmapQjQRRV1t71e974o?authuser=0&hl=zh-TW&rclk=1,0x3442a9666e9f721d:0x8aefbd57ef6d5d45
1978,Joyce Kao,4,3 年前,"湯頭不錯  
飲料冰淇淋無限提供  
豬肉肉品不錯

",2022-11-21,https://www.google.com.tw/maps/place/%E7%AF%89%E9%96%93%E5%B9%B8%E7%A6%8F%E9%8D%8B%E7%89%A9+%E5%8F%B0%E5%8C%97%E5%8D%97%E4%BA%AC%E4%B8%80%E5%BA%97/data=!4m7!3m6!1s0x3442a9666e9f721d:0x8aefbd57ef6d5d45!8m2!3d25.0518598!4d121.5273867!16s%2Fg%2F11b7cqtsy0!19sChIJHXKfbmapQjQRRV1t71e974o?authuser=0&hl=zh-TW&rclk=1,0x3442a9666e9f721d:0x8aefbd57ef6d5d45
1979,Slowbone Luo,5,3 年前,,2022-11-21,https://www.google.com.tw/maps/place/%E7%AF%89%E9%96%93%E5%B9%B8%E7%A6%8F%E9%8D%8B%E7%89%A9+%E5%8F%B0%E5%8C%97%E5%8D%97%E4%BA%AC%E4%B8%80%E5%BA%97/data=!4m7!3m6!1s0x3442a9666e9f721d:0x8aefbd57ef6d5d45!8m2!3d25.0518598!4d121.5273867!16s%2Fg%2F11b7cqtsy0!19sChIJHXKfbmapQjQRRV1t71e974o?authuser=0&hl=zh-TW&rclk=1,0x3442a9666e9f721d:0x8aefbd57ef6d5d45
1980,Ryan Tsai,5,3 年前,,2022-11-21,https://www.google.com.tw/maps/place/%E7%AF%89%E9%96%93%E5%B9%B8%E7%A6%8F%E9%8D%8B%E7%89%A9+%E5%8F%B0%E5%8C%97%E5%8D%97%E4%BA%AC%E4%B8%80%E5%BA%97/data=!4m7!3m6!1s0x3442a9666e9f721d:0x8aefbd57ef6d5d45!8m2!3d25.0518598!4d121.5273867!16s%2Fg%2F11b7cqtsy0!19sChIJHXKfbmapQjQRRV1t71e974o?authuser=0&hl=zh-TW&rclk=1,0x3442a9666e9f721d:0x8aefbd57ef6d5d45
1981,林阿庚,4,3 年前,,2022-11-21,https://www.google.com.tw/maps/place/%E7%AF%89%E9%96%93%E5%B9%B8%E7%A6%8F%E9%8D%8B%E7%89%A9+%E5%8F%B0%E5%8C%97%E5%8D%97%E4%BA%AC%E4%B8%80%E5%BA%97/data=!4m7!3m6!1s0x3442a9666e9f721d:0x8aefbd57ef6d5d45!8m2!3d25.0518598!4d121.5273867!16s%2Fg%2F11b7cqtsy0!19sChIJHXKfbmapQjQRRV1t71e974o?authuser=0&hl=zh-TW&rclk=1,0x3442a9666e9f721d:0x8aefbd57ef6d5d45
1982,Stephanie Lien,5,3 年前,"超高CP值好吃又新鮮的食材

",2022-11-21,https://www.google.com.tw/maps/place/%E7%AF%89%E9%96%93%E5%B9%B8%E7%A6%8F%E9%8D%8B%E7%89%A9+%E5%8F%B0%E5%8C%97%E5%8D%97%E4%BA%AC%E4%B8%80%E5%BA%97/data=!4m7!3m6!1s0x3442a9666e9f721d:0x8aefbd57ef6d5d45!8m2!3d25.0518598!4d121.5273867!16s%2Fg%2F11b7cqtsy0!19sChIJHXKfbmapQjQRRV1t71e974o?authuser=0&hl=zh-TW&rclk=1,0x3442a9666e9f721d:0x8aefbd57ef6d5d45
1983,HongWei Liao,5,3 年前,"用餐環境裝潢的很舒適，食材新鮮且份量很足夠，每次來都吃得很飽，價位也不算高，可以加價自選鍋底，川味麻辣鍋底不錯吃，鴨血很入味，很推薦大家來吃，但只收現金不能刷卡。

",2022-11-21,https://www.google.com.tw/maps/place/%E7%AF%89%E9%96%93%E5%B9%B8%E7%A6%8F%E9%8D%8B%E7%89%A9+%E5%8F%B0%E5%8C%97%E5%8D%97%E4%BA%AC%E4%B8%80%E5%BA%97/data=!4m7!3m6!1s0x3442a9666e9f721d:0x8aefbd57ef6d5d45!8m2!3d25.0518598!4d121.5273867!16s%2Fg%2F11b7cqtsy0!19sChIJHXKfbmapQjQRRV1t71e974o?authuser=0&hl=zh-TW&rclk=1,0x3442a9666e9f721d:0x8aefbd57ef6d5d45
1984,Vincent Chang,4,3 年前,,2022-11-21,https://www.google.com.tw/maps/place/%E7%AF%89%E9%96%93%E5%B9%B8%E7%A6%8F%E9%8D%8B%E7%89%A9+%E5%8F%B0%E5%8C%97%E5%8D%97%E4%BA%AC%E4%B8%80%E5%BA%97/data=!4m7!3m6!1s0x3442a9666e9f721d:0x8aefbd57ef6d5d45!8m2!3d25.0518598!4d121.5273867!16s%2Fg%2F11b7cqtsy0!19sChIJHXKfbmapQjQRRV1t71e974o?authuser=0&hl=zh-TW&rclk=1,0x3442a9666e9f721d:0x8aefbd57ef6d5d45
1985,Vincent Hong,5,3 年前,"服務很棒 環境乾淨

",2022-11-21,https://www.google.com.tw/maps/place/%E7%AF%89%E9%96%93%E5%B9%B8%E7%A6%8F%E9%8D%8B%E7%89%A9+%E5%8F%B0%E5%8C%97%E5%8D%97%E4%BA%AC%E4%B8%80%E5%BA%97/data=!4m7!3m6!1s0x3442a9666e9f721d:0x8aefbd57ef6d5d45!8m2!3d25.0518598!4d121.5273867!16s%2Fg%2F11b7cqtsy0!19sChIJHXKfbmapQjQRRV1t71e974o?authuser=0&hl=zh-TW&rclk=1,0x3442a9666e9f721d:0x8aefbd57ef6d5d45
1986,陳若雲celiasmile,4,3 年前,"選擇好多，食材也新鮮，價位帶從高到低，重點是背景音樂都放我能哼唱的「老歌」，很棒！

",2022-11-21,https://www.google.com.tw/maps/place/%E7%AF%89%E9%96%93%E5%B9%B8%E7%A6%8F%E9%8D%8B%E7%89%A9+%E5%8F%B0%E5%8C%97%E5%8D%97%E4%BA%AC%E4%B8%80%E5%BA%97/data=!4m7!3m6!1s0x3442a9666e9f721d:0x8aefbd57ef6d5d45!8m2!3d25.0518598!4d121.5273867!16s%2Fg%2F11b7cqtsy0!19sChIJHXKfbmapQjQRRV1t71e974o?authuser=0&hl=zh-TW&rclk=1,0x3442a9666e9f721d:0x8aefbd57ef6d5d45
1987,FU FU,3,3 年前,"宵夜好去處，但沒甚麼服務，全部自助，還要收10%服務費，收的很不合理

",2022-11-21,https://www.google.com.tw/maps/place/%E7%AF%89%E9%96%93%E5%B9%B8%E7%A6%8F%E9%8D%8B%E7%89%A9+%E5%8F%B0%E5%8C%97%E5%8D%97%E4%BA%AC%E4%B8%80%E5%BA%97/data=!4m7!3m6!1s0x3442a9666e9f721d:0x8aefbd57ef6d5d45!8m2!3d25.0518598!4d121.5273867!16s%2Fg%2F11b7cqtsy0!19sChIJHXKfbmapQjQRRV1t71e974o?authuser=0&hl=zh-TW&rclk=1,0x3442a9666e9f721d:0x8aefbd57ef6d5d45
1988,Ally Huang,3,3 年前,"伊比利豬好吃

",2022-11-21,https://www.google.com.tw/maps/place/%E7%AF%89%E9%96%93%E5%B9%B8%E7%A6%8F%E9%8D%8B%E7%89%A9+%E5%8F%B0%E5%8C%97%E5%8D%97%E4%BA%AC%E4%B8%80%E5%BA%97/data=!4m7!3m6!1s0x3442a9666e9f721d:0x8aefbd57ef6d5d45!8m2!3d25.0518598!4d121.5273867!16s%2Fg%2F11b7cqtsy0!19sChIJHXKfbmapQjQRRV1t71e974o?authuser=0&hl=zh-TW&rclk=1,0x3442a9666e9f721d:0x8aefbd57ef6d5d45
1989,郁雋倫,4,3 年前,,2022-11-21,https://www.google.com.tw/maps/place/%E7%AF%89%E9%96%93%E5%B9%B8%E7%A6%8F%E9%8D%8B%E7%89%A9+%E5%8F%B0%E5%8C%97%E5%8D%97%E4%BA%AC%E4%B8%80%E5%BA%97/data=!4m7!3m6!1s0x3442a9666e9f721d:0x8aefbd57ef6d5d45!8m2!3d25.0518598!4d121.5273867!16s%2Fg%2F11b7cqtsy0!19sChIJHXKfbmapQjQRRV1t71e974o?authuser=0&hl=zh-TW&rclk=1,0x3442a9666e9f721d:0x8aefbd57ef6d5d45
1990,Kadee LU,2,3 年前,"五點半入座，整桌菜拖到六點半才上齊，結果一到七點就告知用餐時間已到開始趕人，請問半小時是要我們怎麼吃？啊都不用煮就是了？要不要直接賣生魚片算了索性大家都不要煮啊。  
既然速度跟不上就不要學人家搞限時，第一次吃個鍋忙得跟跑百米一樣。不管你們東西再好吃都沒用。

",2022-11-21,https://www.google.com.tw/maps/place/%E7%AF%89%E9%96%93%E5%B9%B8%E7%A6%8F%E9%8D%8B%E7%89%A9+%E5%8F%B0%E5%8C%97%E5%8D%97%E4%BA%AC%E4%B8%80%E5%BA%97/data=!4m7!3m6!1s0x3442a9666e9f721d:0x8aefbd57ef6d5d45!8m2!3d25.0518598!4d121.5273867!16s%2Fg%2F11b7cqtsy0!19sChIJHXKfbmapQjQRRV1t71e974o?authuser=0&hl=zh-TW&rclk=1,0x3442a9666e9f721d:0x8aefbd57ef6d5d45
1991,庭,5,3 年前,,2022-11-21,https://www.google.com.tw/maps/place/%E7%AF%89%E9%96%93%E5%B9%B8%E7%A6%8F%E9%8D%8B%E7%89%A9+%E5%8F%B0%E5%8C%97%E5%8D%97%E4%BA%AC%E4%B8%80%E5%BA%97/data=!4m7!3m6!1s0x3442a9666e9f721d:0x8aefbd57ef6d5d45!8m2!3d25.0518598!4d121.5273867!16s%2Fg%2F11b7cqtsy0!19sChIJHXKfbmapQjQRRV1t71e974o?authuser=0&hl=zh-TW&rclk=1,0x3442a9666e9f721d:0x8aefbd57ef6d5d45
1992,Louis Hou,1,3 年前,"雷店，入坐後等了快20分鐘沒人要來點餐，點完餐後快40分鐘一桌的餐點還沒上齊，三催四請才願意上菜，這種服務品質我半顆星都不想給，不信邪可以來試試看，有夠可笑

",2022-11-21,https://www.google.com.tw/maps/place/%E7%AF%89%E9%96%93%E5%B9%B8%E7%A6%8F%E9%8D%8B%E7%89%A9+%E5%8F%B0%E5%8C%97%E5%8D%97%E4%BA%AC%E4%B8%80%E5%BA%97/data=!4m7!3m6!1s0x3442a9666e9f721d:0x8aefbd57ef6d5d45!8m2!3d25.0518598!4d121.5273867!16s%2Fg%2F11b7cqtsy0!19sChIJHXKfbmapQjQRRV1t71e974o?authuser=0&hl=zh-TW&rclk=1,0x3442a9666e9f721d:0x8aefbd57ef6d5d45
1993,Seicho Huang,1,3 年前,"晚上4人7:00入座，7:20大喊已經坐20分鐘了，店員才願意來點餐，然後7:48才拿到2人的主餐(打字的同時另外2人的還沒來)，櫃檯臉超臭

",2022-11-21,https://www.google.com.tw/maps/place/%E7%AF%89%E9%96%93%E5%B9%B8%E7%A6%8F%E9%8D%8B%E7%89%A9+%E5%8F%B0%E5%8C%97%E5%8D%97%E4%BA%AC%E4%B8%80%E5%BA%97/data=!4m7!3m6!1s0x3442a9666e9f721d:0x8aefbd57ef6d5d45!8m2!3d25.0518598!4d121.5273867!16s%2Fg%2F11b7cqtsy0!19sChIJHXKfbmapQjQRRV1t71e974o?authuser=0&hl=zh-TW&rclk=1,0x3442a9666e9f721d:0x8aefbd57ef6d5d45
1994,陳joe,4,3 年前,"肉盤的質量總體來說還不錯，菜盤菜料也蠻豐富，價格中等可以接受，重要的是營業時間對夜貓子來說相當具吸引力。

",2022-11-21,https://www.google.com.tw/maps/place/%E7%AF%89%E9%96%93%E5%B9%B8%E7%A6%8F%E9%8D%8B%E7%89%A9+%E5%8F%B0%E5%8C%97%E5%8D%97%E4%BA%AC%E4%B8%80%E5%BA%97/data=!4m7!3m6!1s0x3442a9666e9f721d:0x8aefbd57ef6d5d45!8m2!3d25.0518598!4d121.5273867!16s%2Fg%2F11b7cqtsy0!19sChIJHXKfbmapQjQRRV1t71e974o?authuser=0&hl=zh-TW&rclk=1,0x3442a9666e9f721d:0x8aefbd57ef6d5d45
1995,pei-shan Liao,1,3 年前,"1830 訂位抵達，約花5-10鐘完成點菜  
1900 鍋才上來，開始煮，陸續約15分鐘拿拿到全部主菜  
2000 催促用餐時間已到（當時正準備開始吃冰淇淋）  
  
以上就算了，猜想可能是有下一組客人，希望我們快點離開。  
但要吃冰淇淋時，卻發現沒有挖冰杓，詢問店員，還被店員兇  
  
彷彿挖冰杓拿去清洗了是天經地義的事（當然最後也沒等到挖冰杓）。  
同場也有其他客人在抱怨。  
  
該位男店員態度實在太差，該店的教育訓練有待加強。  
  
PS 食用心得，雪花牛OK，其餘肉品普普。  
嫩羊肩是重組肉，有騷味；雪花豬超硬，千萬別點。

",2022-11-21,https://www.google.com.tw/maps/place/%E7%AF%89%E9%96%93%E5%B9%B8%E7%A6%8F%E9%8D%8B%E7%89%A9+%E5%8F%B0%E5%8C%97%E5%8D%97%E4%BA%AC%E4%B8%80%E5%BA%97/data=!4m7!3m6!1s0x3442a9666e9f721d:0x8aefbd57ef6d5d45!8m2!3d25.0518598!4d121.5273867!16s%2Fg%2F11b7cqtsy0!19sChIJHXKfbmapQjQRRV1t71e974o?authuser=0&hl=zh-TW&rclk=1,0x3442a9666e9f721d:0x8aefbd57ef6d5d45
1996,黃軒堂,1,3 年前,"前場工作人員態度有待加強，佐料區缺很多也不補，工作人員還在自己聚餐，冰淇淋杓水很骯髒，感覺整間店沒主管值班，沒收盤也沒加湯服務，真不知道一成服務費在收什麼，越來越糟

",2022-11-21,https://www.google.com.tw/maps/place/%E7%AF%89%E9%96%93%E5%B9%B8%E7%A6%8F%E9%8D%8B%E7%89%A9+%E5%8F%B0%E5%8C%97%E5%8D%97%E4%BA%AC%E4%B8%80%E5%BA%97/data=!4m7!3m6!1s0x3442a9666e9f721d:0x8aefbd57ef6d5d45!8m2!3d25.0518598!4d121.5273867!16s%2Fg%2F11b7cqtsy0!19sChIJHXKfbmapQjQRRV1t71e974o?authuser=0&hl=zh-TW&rclk=1,0x3442a9666e9f721d:0x8aefbd57ef6d5d45
1997,tam tam,5,3 年前,,2022-11-21,https://www.google.com.tw/maps/place/%E7%AF%89%E9%96%93%E5%B9%B8%E7%A6%8F%E9%8D%8B%E7%89%A9+%E5%8F%B0%E5%8C%97%E5%8D%97%E4%BA%AC%E4%B8%80%E5%BA%97/data=!4m7!3m6!1s0x3442a9666e9f721d:0x8aefbd57ef6d5d45!8m2!3d25.0518598!4d121.5273867!16s%2Fg%2F11b7cqtsy0!19sChIJHXKfbmapQjQRRV1t71e974o?authuser=0&hl=zh-TW&rclk=1,0x3442a9666e9f721d:0x8aefbd57ef6d5d45
1998,Chang Chang,5,3 年前,,2022-11-21,https://www.google.com.tw/maps/place/%E7%AF%89%E9%96%93%E5%B9%B8%E7%A6%8F%E9%8D%8B%E7%89%A9+%E5%8F%B0%E5%8C%97%E5%8D%97%E4%BA%AC%E4%B8%80%E5%BA%97/data=!4m7!3m6!1s0x3442a9666e9f721d:0x8aefbd57ef6d5d45!8m2!3d25.0518598!4d121.5273867!16s%2Fg%2F11b7cqtsy0!19sChIJHXKfbmapQjQRRV1t71e974o?authuser=0&hl=zh-TW&rclk=1,0x3442a9666e9f721d:0x8aefbd57ef6d5d45
1999,Jimmy James,5,3 年前,"老闆態度服務很好，菜色cp值高

",2022-11-21,https://www.google.com.tw/maps/place/%E7%AF%89%E9%96%93%E5%B9%B8%E7%A6%8F%E9%8D%8B%E7%89%A9+%E5%8F%B0%E5%8C%97%E5%8D%97%E4%BA%AC%E4%B8%80%E5%BA%97/data=!4m7!3m6!1s0x3442a9666e9f721d:0x8aefbd57ef6d5d45!8m2!3d25.0518598!4d121.5273867!16s%2Fg%2F11b7cqtsy0!19sChIJHXKfbmapQjQRRV1t71e974o?authuser=0&hl=zh-TW&rclk=1,0x3442a9666e9f721d:0x8aefbd57ef6d5d45
2000,POB GNN,4,3 年前,"還不錯

",2022-11-21,https://www.google.com.tw/maps/place/%E7%AF%89%E9%96%93%E5%B9%B8%E7%A6%8F%E9%8D%8B%E7%89%A9+%E5%8F%B0%E5%8C%97%E5%8D%97%E4%BA%AC%E4%B8%80%E5%BA%97/data=!4m7!3m6!1s0x3442a9666e9f721d:0x8aefbd57ef6d5d45!8m2!3d25.0518598!4d121.5273867!16s%2Fg%2F11b7cqtsy0!19sChIJHXKfbmapQjQRRV1t71e974o?authuser=0&hl=zh-TW&rclk=1,0x3442a9666e9f721d:0x8aefbd57ef6d5d45
2001,Damien Leung,3,3 年前,"(由 Google 提供翻譯) 我在放鬆的足部按摩後來到這裡，它仍然開放。這是上午 230 點！它開到凌晨 4
點的事實是一個非常大的好處。食物又好又新鮮，而且價格也不高。服務還可以，還包括所有你可以吃的飲料和冰淇淋。如果有機會肯定會再次回來。  
  
(原始評論)  
I came here after a relaxing foot massage, and it was still open. This was 230
am! The fact that it opens to 4am is a really big bonus. The food was nice and
fresh, and not overly priced. The service was OK, and it also included all you
can eat drinks and ice cream. Will definitely come back again if given the
chance.

",2022-11-21,https://www.google.com.tw/maps/place/%E7%AF%89%E9%96%93%E5%B9%B8%E7%A6%8F%E9%8D%8B%E7%89%A9+%E5%8F%B0%E5%8C%97%E5%8D%97%E4%BA%AC%E4%B8%80%E5%BA%97/data=!4m7!3m6!1s0x3442a9666e9f721d:0x8aefbd57ef6d5d45!8m2!3d25.0518598!4d121.5273867!16s%2Fg%2F11b7cqtsy0!19sChIJHXKfbmapQjQRRV1t71e974o?authuser=0&hl=zh-TW&rclk=1,0x3442a9666e9f721d:0x8aefbd57ef6d5d45
2002,張碩端,5,3 年前,,2022-11-21,https://www.google.com.tw/maps/place/%E7%AF%89%E9%96%93%E5%B9%B8%E7%A6%8F%E9%8D%8B%E7%89%A9+%E5%8F%B0%E5%8C%97%E5%8D%97%E4%BA%AC%E4%B8%80%E5%BA%97/data=!4m7!3m6!1s0x3442a9666e9f721d:0x8aefbd57ef6d5d45!8m2!3d25.0518598!4d121.5273867!16s%2Fg%2F11b7cqtsy0!19sChIJHXKfbmapQjQRRV1t71e974o?authuser=0&hl=zh-TW&rclk=1,0x3442a9666e9f721d:0x8aefbd57ef6d5d45
2003,Solène Yu-Chieh Hsu,5,3 年前,"推薦過好多朋友，也帶過很多朋友一起來這裡用餐。  
可以使用肉捲，讓每次吃火鍋吃肉都不夠的我們都很滿足

",2022-11-21,https://www.google.com.tw/maps/place/%E7%AF%89%E9%96%93%E5%B9%B8%E7%A6%8F%E9%8D%8B%E7%89%A9+%E5%8F%B0%E5%8C%97%E5%8D%97%E4%BA%AC%E4%B8%80%E5%BA%97/data=!4m7!3m6!1s0x3442a9666e9f721d:0x8aefbd57ef6d5d45!8m2!3d25.0518598!4d121.5273867!16s%2Fg%2F11b7cqtsy0!19sChIJHXKfbmapQjQRRV1t71e974o?authuser=0&hl=zh-TW&rclk=1,0x3442a9666e9f721d:0x8aefbd57ef6d5d45
2004,Yongyi Lin,5,3 年前,,2022-11-21,https://www.google.com.tw/maps/place/%E7%AF%89%E9%96%93%E5%B9%B8%E7%A6%8F%E9%8D%8B%E7%89%A9+%E5%8F%B0%E5%8C%97%E5%8D%97%E4%BA%AC%E4%B8%80%E5%BA%97/data=!4m7!3m6!1s0x3442a9666e9f721d:0x8aefbd57ef6d5d45!8m2!3d25.0518598!4d121.5273867!16s%2Fg%2F11b7cqtsy0!19sChIJHXKfbmapQjQRRV1t71e974o?authuser=0&hl=zh-TW&rclk=1,0x3442a9666e9f721d:0x8aefbd57ef6d5d45
2005,陳靜靜,3,3 年前,"入門時會覺得門口擠擠得，不太寬敞，可能因為地理位置租金貴，所以玄關處設置坪數比較窄。  
進入座位後，覺得用餐的桌子擦拭的不太乾淨，仍有些於的湯汁乾掉痕跡。  
食材的表現普通，不會特別新鮮，但也沒有很差，鯛魚片是冷凍的，雞腿肉處理尚可，湯底部分沒有另外加錢，點了最基本的昆布湯，表現平平，但菜盤中加工的火鍋料不多，有蠻多新鮮的原型食物，冰品表現尚可～

",2022-11-21,https://www.google.com.tw/maps/place/%E7%AF%89%E9%96%93%E5%B9%B8%E7%A6%8F%E9%8D%8B%E7%89%A9+%E5%8F%B0%E5%8C%97%E5%8D%97%E4%BA%AC%E4%B8%80%E5%BA%97/data=!4m7!3m6!1s0x3442a9666e9f721d:0x8aefbd57ef6d5d45!8m2!3d25.0518598!4d121.5273867!16s%2Fg%2F11b7cqtsy0!19sChIJHXKfbmapQjQRRV1t71e974o?authuser=0&hl=zh-TW&rclk=1,0x3442a9666e9f721d:0x8aefbd57ef6d5d45
2006,李世傑,5,3 年前,"好吃！食材新鮮

",2022-11-21,https://www.google.com.tw/maps/place/%E7%AF%89%E9%96%93%E5%B9%B8%E7%A6%8F%E9%8D%8B%E7%89%A9+%E5%8F%B0%E5%8C%97%E5%8D%97%E4%BA%AC%E4%B8%80%E5%BA%97/data=!4m7!3m6!1s0x3442a9666e9f721d:0x8aefbd57ef6d5d45!8m2!3d25.0518598!4d121.5273867!16s%2Fg%2F11b7cqtsy0!19sChIJHXKfbmapQjQRRV1t71e974o?authuser=0&hl=zh-TW&rclk=1,0x3442a9666e9f721d:0x8aefbd57ef6d5d45
2007,楊凌,5,3 年前,,2022-11-21,https://www.google.com.tw/maps/place/%E7%AF%89%E9%96%93%E5%B9%B8%E7%A6%8F%E9%8D%8B%E7%89%A9+%E5%8F%B0%E5%8C%97%E5%8D%97%E4%BA%AC%E4%B8%80%E5%BA%97/data=!4m7!3m6!1s0x3442a9666e9f721d:0x8aefbd57ef6d5d45!8m2!3d25.0518598!4d121.5273867!16s%2Fg%2F11b7cqtsy0!19sChIJHXKfbmapQjQRRV1t71e974o?authuser=0&hl=zh-TW&rclk=1,0x3442a9666e9f721d:0x8aefbd57ef6d5d45
2008,薛晨晨,4,3 年前,"食材新鮮

",2022-11-21,https://www.google.com.tw/maps/place/%E7%AF%89%E9%96%93%E5%B9%B8%E7%A6%8F%E9%8D%8B%E7%89%A9+%E5%8F%B0%E5%8C%97%E5%8D%97%E4%BA%AC%E4%B8%80%E5%BA%97/data=!4m7!3m6!1s0x3442a9666e9f721d:0x8aefbd57ef6d5d45!8m2!3d25.0518598!4d121.5273867!16s%2Fg%2F11b7cqtsy0!19sChIJHXKfbmapQjQRRV1t71e974o?authuser=0&hl=zh-TW&rclk=1,0x3442a9666e9f721d:0x8aefbd57ef6d5d45
2009,阿洛,4,3 年前,,2022-11-21,https://www.google.com.tw/maps/place/%E7%AF%89%E9%96%93%E5%B9%B8%E7%A6%8F%E9%8D%8B%E7%89%A9+%E5%8F%B0%E5%8C%97%E5%8D%97%E4%BA%AC%E4%B8%80%E5%BA%97/data=!4m7!3m6!1s0x3442a9666e9f721d:0x8aefbd57ef6d5d45!8m2!3d25.0518598!4d121.5273867!16s%2Fg%2F11b7cqtsy0!19sChIJHXKfbmapQjQRRV1t71e974o?authuser=0&hl=zh-TW&rclk=1,0x3442a9666e9f721d:0x8aefbd57ef6d5d45
2010,Rakey Lin,3,3 年前,"晚上人手明顯不夠，收服務費，但沒有被服務的感覺

",2022-11-21,https://www.google.com.tw/maps/place/%E7%AF%89%E9%96%93%E5%B9%B8%E7%A6%8F%E9%8D%8B%E7%89%A9+%E5%8F%B0%E5%8C%97%E5%8D%97%E4%BA%AC%E4%B8%80%E5%BA%97/data=!4m7!3m6!1s0x3442a9666e9f721d:0x8aefbd57ef6d5d45!8m2!3d25.0518598!4d121.5273867!16s%2Fg%2F11b7cqtsy0!19sChIJHXKfbmapQjQRRV1t71e974o?authuser=0&hl=zh-TW&rclk=1,0x3442a9666e9f721d:0x8aefbd57ef6d5d45
2011,Winston Cooke,5,3 年前,,2022-11-21,https://www.google.com.tw/maps/place/%E7%AF%89%E9%96%93%E5%B9%B8%E7%A6%8F%E9%8D%8B%E7%89%A9+%E5%8F%B0%E5%8C%97%E5%8D%97%E4%BA%AC%E4%B8%80%E5%BA%97/data=!4m7!3m6!1s0x3442a9666e9f721d:0x8aefbd57ef6d5d45!8m2!3d25.0518598!4d121.5273867!16s%2Fg%2F11b7cqtsy0!19sChIJHXKfbmapQjQRRV1t71e974o?authuser=0&hl=zh-TW&rclk=1,0x3442a9666e9f721d:0x8aefbd57ef6d5d45
2012,Austin Haha,3,3 年前,"一進門在門口覺得很熱，以為在裡面比較涼，殊不知似乎冷氣出了問題一直沒涼，然後大家吃到流汗  
服務人員態度是還不錯，都很有禮貌，只是有點手忙腳亂的感覺，在打電話到店時就有感覺，到現場依然是。  
倒了飲料竟然是常溫，非常失望，冷氣不冷飲料又不冰  
廁所地上都濕濕的，隨時都可能讓客戶滑倒，看起來是因為店裡太忙所以沒辦法顧到廁所  
總體：食物還不錯，但此店環境需要再加強  
  
再補充：那天吃完後與家人都拉肚子

",2022-11-21,https://www.google.com.tw/maps/place/%E7%AF%89%E9%96%93%E5%B9%B8%E7%A6%8F%E9%8D%8B%E7%89%A9+%E5%8F%B0%E5%8C%97%E5%8D%97%E4%BA%AC%E4%B8%80%E5%BA%97/data=!4m7!3m6!1s0x3442a9666e9f721d:0x8aefbd57ef6d5d45!8m2!3d25.0518598!4d121.5273867!16s%2Fg%2F11b7cqtsy0!19sChIJHXKfbmapQjQRRV1t71e974o?authuser=0&hl=zh-TW&rclk=1,0x3442a9666e9f721d:0x8aefbd57ef6d5d45
2013,李政儒,5,3 年前,,2022-11-21,https://www.google.com.tw/maps/place/%E7%AF%89%E9%96%93%E5%B9%B8%E7%A6%8F%E9%8D%8B%E7%89%A9+%E5%8F%B0%E5%8C%97%E5%8D%97%E4%BA%AC%E4%B8%80%E5%BA%97/data=!4m7!3m6!1s0x3442a9666e9f721d:0x8aefbd57ef6d5d45!8m2!3d25.0518598!4d121.5273867!16s%2Fg%2F11b7cqtsy0!19sChIJHXKfbmapQjQRRV1t71e974o?authuser=0&hl=zh-TW&rclk=1,0x3442a9666e9f721d:0x8aefbd57ef6d5d45
2014,周柏宇,1,3 年前,"東西都碎碎的 木耳好少 服務差 讓人覺得不舒服 不會想再去 因為內場有一個胖胖的男生一直罵髒話 一直聊天 真是噁心

",2022-11-21,https://www.google.com.tw/maps/place/%E7%AF%89%E9%96%93%E5%B9%B8%E7%A6%8F%E9%8D%8B%E7%89%A9+%E5%8F%B0%E5%8C%97%E5%8D%97%E4%BA%AC%E4%B8%80%E5%BA%97/data=!4m7!3m6!1s0x3442a9666e9f721d:0x8aefbd57ef6d5d45!8m2!3d25.0518598!4d121.5273867!16s%2Fg%2F11b7cqtsy0!19sChIJHXKfbmapQjQRRV1t71e974o?authuser=0&hl=zh-TW&rclk=1,0x3442a9666e9f721d:0x8aefbd57ef6d5d45
2015,sir dun,4,3 年前,,2022-11-21,https://www.google.com.tw/maps/place/%E7%AF%89%E9%96%93%E5%B9%B8%E7%A6%8F%E9%8D%8B%E7%89%A9+%E5%8F%B0%E5%8C%97%E5%8D%97%E4%BA%AC%E4%B8%80%E5%BA%97/data=!4m7!3m6!1s0x3442a9666e9f721d:0x8aefbd57ef6d5d45!8m2!3d25.0518598!4d121.5273867!16s%2Fg%2F11b7cqtsy0!19sChIJHXKfbmapQjQRRV1t71e974o?authuser=0&hl=zh-TW&rclk=1,0x3442a9666e9f721d:0x8aefbd57ef6d5d45
2016,Grace Yeh,5,3 年前,"肉質鮮美，裝潢、氣氛也好，價格偏高。但品質真的很棒。

",2022-11-21,https://www.google.com.tw/maps/place/%E7%AF%89%E9%96%93%E5%B9%B8%E7%A6%8F%E9%8D%8B%E7%89%A9+%E5%8F%B0%E5%8C%97%E5%8D%97%E4%BA%AC%E4%B8%80%E5%BA%97/data=!4m7!3m6!1s0x3442a9666e9f721d:0x8aefbd57ef6d5d45!8m2!3d25.0518598!4d121.5273867!16s%2Fg%2F11b7cqtsy0!19sChIJHXKfbmapQjQRRV1t71e974o?authuser=0&hl=zh-TW&rclk=1,0x3442a9666e9f721d:0x8aefbd57ef6d5d45
2017,CJ Liang,5,3 年前,"藥膳湯頭簡直完美

",2022-11-21,https://www.google.com.tw/maps/place/%E7%AF%89%E9%96%93%E5%B9%B8%E7%A6%8F%E9%8D%8B%E7%89%A9+%E5%8F%B0%E5%8C%97%E5%8D%97%E4%BA%AC%E4%B8%80%E5%BA%97/data=!4m7!3m6!1s0x3442a9666e9f721d:0x8aefbd57ef6d5d45!8m2!3d25.0518598!4d121.5273867!16s%2Fg%2F11b7cqtsy0!19sChIJHXKfbmapQjQRRV1t71e974o?authuser=0&hl=zh-TW&rclk=1,0x3442a9666e9f721d:0x8aefbd57ef6d5d45
2018,emilia hsiao,2,3 年前,,2022-11-21,https://www.google.com.tw/maps/place/%E7%AF%89%E9%96%93%E5%B9%B8%E7%A6%8F%E9%8D%8B%E7%89%A9+%E5%8F%B0%E5%8C%97%E5%8D%97%E4%BA%AC%E4%B8%80%E5%BA%97/data=!4m7!3m6!1s0x3442a9666e9f721d:0x8aefbd57ef6d5d45!8m2!3d25.0518598!4d121.5273867!16s%2Fg%2F11b7cqtsy0!19sChIJHXKfbmapQjQRRV1t71e974o?authuser=0&hl=zh-TW&rclk=1,0x3442a9666e9f721d:0x8aefbd57ef6d5d45
2019,elva chang,5,3 年前,,2022-11-21,https://www.google.com.tw/maps/place/%E7%AF%89%E9%96%93%E5%B9%B8%E7%A6%8F%E9%8D%8B%E7%89%A9+%E5%8F%B0%E5%8C%97%E5%8D%97%E4%BA%AC%E4%B8%80%E5%BA%97/data=!4m7!3m6!1s0x3442a9666e9f721d:0x8aefbd57ef6d5d45!8m2!3d25.0518598!4d121.5273867!16s%2Fg%2F11b7cqtsy0!19sChIJHXKfbmapQjQRRV1t71e974o?authuser=0&hl=zh-TW&rclk=1,0x3442a9666e9f721d:0x8aefbd57ef6d5d45
2020,韋瀚,1,3 年前,"很熱 跟店員反應也沒用

",2022-11-21,https://www.google.com.tw/maps/place/%E7%AF%89%E9%96%93%E5%B9%B8%E7%A6%8F%E9%8D%8B%E7%89%A9+%E5%8F%B0%E5%8C%97%E5%8D%97%E4%BA%AC%E4%B8%80%E5%BA%97/data=!4m7!3m6!1s0x3442a9666e9f721d:0x8aefbd57ef6d5d45!8m2!3d25.0518598!4d121.5273867!16s%2Fg%2F11b7cqtsy0!19sChIJHXKfbmapQjQRRV1t71e974o?authuser=0&hl=zh-TW&rclk=1,0x3442a9666e9f721d:0x8aefbd57ef6d5d45
2021,Po-Ching,5,3 年前,,2022-11-21,https://www.google.com.tw/maps/place/%E7%AF%89%E9%96%93%E5%B9%B8%E7%A6%8F%E9%8D%8B%E7%89%A9+%E5%8F%B0%E5%8C%97%E5%8D%97%E4%BA%AC%E4%B8%80%E5%BA%97/data=!4m7!3m6!1s0x3442a9666e9f721d:0x8aefbd57ef6d5d45!8m2!3d25.0518598!4d121.5273867!16s%2Fg%2F11b7cqtsy0!19sChIJHXKfbmapQjQRRV1t71e974o?authuser=0&hl=zh-TW&rclk=1,0x3442a9666e9f721d:0x8aefbd57ef6d5d45
2022,Sean Yang,5,3 年前,,2022-11-21,https://www.google.com.tw/maps/place/%E7%AF%89%E9%96%93%E5%B9%B8%E7%A6%8F%E9%8D%8B%E7%89%A9+%E5%8F%B0%E5%8C%97%E5%8D%97%E4%BA%AC%E4%B8%80%E5%BA%97/data=!4m7!3m6!1s0x3442a9666e9f721d:0x8aefbd57ef6d5d45!8m2!3d25.0518598!4d121.5273867!16s%2Fg%2F11b7cqtsy0!19sChIJHXKfbmapQjQRRV1t71e974o?authuser=0&hl=zh-TW&rclk=1,0x3442a9666e9f721d:0x8aefbd57ef6d5d45
2023,李先生,4,3 年前,,2022-11-21,https://www.google.com.tw/maps/place/%E7%AF%89%E9%96%93%E5%B9%B8%E7%A6%8F%E9%8D%8B%E7%89%A9+%E5%8F%B0%E5%8C%97%E5%8D%97%E4%BA%AC%E4%B8%80%E5%BA%97/data=!4m7!3m6!1s0x3442a9666e9f721d:0x8aefbd57ef6d5d45!8m2!3d25.0518598!4d121.5273867!16s%2Fg%2F11b7cqtsy0!19sChIJHXKfbmapQjQRRV1t71e974o?authuser=0&hl=zh-TW&rclk=1,0x3442a9666e9f721d:0x8aefbd57ef6d5d45
2024,蘇于凱,5,3 年前,"菜盤豐富新鮮。有便宜的肉品300到高級肉900都有。海鮮類也是新鮮吃完不會拉肚子的～  
飲料冰淇淋醬料用到飽。CP值高的精緻鍋物。  
基本上不用加點吃完菜盤和主菜就能很飽。  
最棒的是送單點卷，下次消費使用。送的單點卷有牛肉、豬肉、蛤蜊、牡蠣...等可加點，建議加點可以點像蛤蜊精巧不沾胃空間的，不然點肉可能會過飽。

",2022-11-21,https://www.google.com.tw/maps/place/%E7%AF%89%E9%96%93%E5%B9%B8%E7%A6%8F%E9%8D%8B%E7%89%A9+%E5%8F%B0%E5%8C%97%E5%8D%97%E4%BA%AC%E4%B8%80%E5%BA%97/data=!4m7!3m6!1s0x3442a9666e9f721d:0x8aefbd57ef6d5d45!8m2!3d25.0518598!4d121.5273867!16s%2Fg%2F11b7cqtsy0!19sChIJHXKfbmapQjQRRV1t71e974o?authuser=0&hl=zh-TW&rclk=1,0x3442a9666e9f721d:0x8aefbd57ef6d5d45
2025,fongfong Yan,4,3 年前,,2022-11-21,https://www.google.com.tw/maps/place/%E7%AF%89%E9%96%93%E5%B9%B8%E7%A6%8F%E9%8D%8B%E7%89%A9+%E5%8F%B0%E5%8C%97%E5%8D%97%E4%BA%AC%E4%B8%80%E5%BA%97/data=!4m7!3m6!1s0x3442a9666e9f721d:0x8aefbd57ef6d5d45!8m2!3d25.0518598!4d121.5273867!16s%2Fg%2F11b7cqtsy0!19sChIJHXKfbmapQjQRRV1t71e974o?authuser=0&hl=zh-TW&rclk=1,0x3442a9666e9f721d:0x8aefbd57ef6d5d45
2026,時田友子,4,3 年前,,2022-11-21,https://www.google.com.tw/maps/place/%E7%AF%89%E9%96%93%E5%B9%B8%E7%A6%8F%E9%8D%8B%E7%89%A9+%E5%8F%B0%E5%8C%97%E5%8D%97%E4%BA%AC%E4%B8%80%E5%BA%97/data=!4m7!3m6!1s0x3442a9666e9f721d:0x8aefbd57ef6d5d45!8m2!3d25.0518598!4d121.5273867!16s%2Fg%2F11b7cqtsy0!19sChIJHXKfbmapQjQRRV1t71e974o?authuser=0&hl=zh-TW&rclk=1,0x3442a9666e9f721d:0x8aefbd57ef6d5d45
2027,Usher Lin,5,3 年前,"今天只有滿意，推

",2022-11-21,https://www.google.com.tw/maps/place/%E7%AF%89%E9%96%93%E5%B9%B8%E7%A6%8F%E9%8D%8B%E7%89%A9+%E5%8F%B0%E5%8C%97%E5%8D%97%E4%BA%AC%E4%B8%80%E5%BA%97/data=!4m7!3m6!1s0x3442a9666e9f721d:0x8aefbd57ef6d5d45!8m2!3d25.0518598!4d121.5273867!16s%2Fg%2F11b7cqtsy0!19sChIJHXKfbmapQjQRRV1t71e974o?authuser=0&hl=zh-TW&rclk=1,0x3442a9666e9f721d:0x8aefbd57ef6d5d45
2028,邱淑婷,3,3 年前,"整體用餐環境二樓環境比一樓好。  
一樓只有一間廁所，門把壞掉，一陣子都沒休。  
築間如此中價位的火鍋店提供這樣品質的廁所，令人失望。

",2022-11-21,https://www.google.com.tw/maps/place/%E7%AF%89%E9%96%93%E5%B9%B8%E7%A6%8F%E9%8D%8B%E7%89%A9+%E5%8F%B0%E5%8C%97%E5%8D%97%E4%BA%AC%E4%B8%80%E5%BA%97/data=!4m7!3m6!1s0x3442a9666e9f721d:0x8aefbd57ef6d5d45!8m2!3d25.0518598!4d121.5273867!16s%2Fg%2F11b7cqtsy0!19sChIJHXKfbmapQjQRRV1t71e974o?authuser=0&hl=zh-TW&rclk=1,0x3442a9666e9f721d:0x8aefbd57ef6d5d45
2029,SHAN CHENG,5,3 年前,,2022-11-21,https://www.google.com.tw/maps/place/%E7%AF%89%E9%96%93%E5%B9%B8%E7%A6%8F%E9%8D%8B%E7%89%A9+%E5%8F%B0%E5%8C%97%E5%8D%97%E4%BA%AC%E4%B8%80%E5%BA%97/data=!4m7!3m6!1s0x3442a9666e9f721d:0x8aefbd57ef6d5d45!8m2!3d25.0518598!4d121.5273867!16s%2Fg%2F11b7cqtsy0!19sChIJHXKfbmapQjQRRV1t71e974o?authuser=0&hl=zh-TW&rclk=1,0x3442a9666e9f721d:0x8aefbd57ef6d5d45
2030,Liu阿維,4,3 年前,"鍋物很 ，人員服務親切哦

",2022-11-21,https://www.google.com.tw/maps/place/%E7%AF%89%E9%96%93%E5%B9%B8%E7%A6%8F%E9%8D%8B%E7%89%A9+%E5%8F%B0%E5%8C%97%E5%8D%97%E4%BA%AC%E4%B8%80%E5%BA%97/data=!4m7!3m6!1s0x3442a9666e9f721d:0x8aefbd57ef6d5d45!8m2!3d25.0518598!4d121.5273867!16s%2Fg%2F11b7cqtsy0!19sChIJHXKfbmapQjQRRV1t71e974o?authuser=0&hl=zh-TW&rclk=1,0x3442a9666e9f721d:0x8aefbd57ef6d5d45
2031,Lynn Chen,1,3 年前,"服務態度超差...訂位2位被帶位到四人桌 被服務生要求跟同行的人只能坐隔壁（不能對坐）詢問是否能換位到兩人桌 只說了：可是我們今天都訂位滿了耶...
服務態度不知道在跩什麼 不愉快的用餐經驗 完全不會想再去

",2022-11-21,https://www.google.com.tw/maps/place/%E7%AF%89%E9%96%93%E5%B9%B8%E7%A6%8F%E9%8D%8B%E7%89%A9+%E5%8F%B0%E5%8C%97%E5%8D%97%E4%BA%AC%E4%B8%80%E5%BA%97/data=!4m7!3m6!1s0x3442a9666e9f721d:0x8aefbd57ef6d5d45!8m2!3d25.0518598!4d121.5273867!16s%2Fg%2F11b7cqtsy0!19sChIJHXKfbmapQjQRRV1t71e974o?authuser=0&hl=zh-TW&rclk=1,0x3442a9666e9f721d:0x8aefbd57ef6d5d45
2032,Lisa Tang,4,3 年前,,2022-11-21,https://www.google.com.tw/maps/place/%E7%AF%89%E9%96%93%E5%B9%B8%E7%A6%8F%E9%8D%8B%E7%89%A9+%E5%8F%B0%E5%8C%97%E5%8D%97%E4%BA%AC%E4%B8%80%E5%BA%97/data=!4m7!3m6!1s0x3442a9666e9f721d:0x8aefbd57ef6d5d45!8m2!3d25.0518598!4d121.5273867!16s%2Fg%2F11b7cqtsy0!19sChIJHXKfbmapQjQRRV1t71e974o?authuser=0&hl=zh-TW&rclk=1,0x3442a9666e9f721d:0x8aefbd57ef6d5d45
2033,任小小,4,3 年前,,2022-11-21,https://www.google.com.tw/maps/place/%E7%AF%89%E9%96%93%E5%B9%B8%E7%A6%8F%E9%8D%8B%E7%89%A9+%E5%8F%B0%E5%8C%97%E5%8D%97%E4%BA%AC%E4%B8%80%E5%BA%97/data=!4m7!3m6!1s0x3442a9666e9f721d:0x8aefbd57ef6d5d45!8m2!3d25.0518598!4d121.5273867!16s%2Fg%2F11b7cqtsy0!19sChIJHXKfbmapQjQRRV1t71e974o?authuser=0&hl=zh-TW&rclk=1,0x3442a9666e9f721d:0x8aefbd57ef6d5d45
2034,陳姿姿,5,3 年前,"食材新鮮、湯頭甘甜好喝

",2022-11-21,https://www.google.com.tw/maps/place/%E7%AF%89%E9%96%93%E5%B9%B8%E7%A6%8F%E9%8D%8B%E7%89%A9+%E5%8F%B0%E5%8C%97%E5%8D%97%E4%BA%AC%E4%B8%80%E5%BA%97/data=!4m7!3m6!1s0x3442a9666e9f721d:0x8aefbd57ef6d5d45!8m2!3d25.0518598!4d121.5273867!16s%2Fg%2F11b7cqtsy0!19sChIJHXKfbmapQjQRRV1t71e974o?authuser=0&hl=zh-TW&rclk=1,0x3442a9666e9f721d:0x8aefbd57ef6d5d45
2035,Kuo-Wei Chang,5,3 年前,,2022-11-21,https://www.google.com.tw/maps/place/%E7%AF%89%E9%96%93%E5%B9%B8%E7%A6%8F%E9%8D%8B%E7%89%A9+%E5%8F%B0%E5%8C%97%E5%8D%97%E4%BA%AC%E4%B8%80%E5%BA%97/data=!4m7!3m6!1s0x3442a9666e9f721d:0x8aefbd57ef6d5d45!8m2!3d25.0518598!4d121.5273867!16s%2Fg%2F11b7cqtsy0!19sChIJHXKfbmapQjQRRV1t71e974o?authuser=0&hl=zh-TW&rclk=1,0x3442a9666e9f721d:0x8aefbd57ef6d5d45
2036,州,5,3 年前,,2022-11-21,https://www.google.com.tw/maps/place/%E7%AF%89%E9%96%93%E5%B9%B8%E7%A6%8F%E9%8D%8B%E7%89%A9+%E5%8F%B0%E5%8C%97%E5%8D%97%E4%BA%AC%E4%B8%80%E5%BA%97/data=!4m7!3m6!1s0x3442a9666e9f721d:0x8aefbd57ef6d5d45!8m2!3d25.0518598!4d121.5273867!16s%2Fg%2F11b7cqtsy0!19sChIJHXKfbmapQjQRRV1t71e974o?authuser=0&hl=zh-TW&rclk=1,0x3442a9666e9f721d:0x8aefbd57ef6d5d45
2037,Bily Lin,5,3 年前,"好吃

",2022-11-21,https://www.google.com.tw/maps/place/%E7%AF%89%E9%96%93%E5%B9%B8%E7%A6%8F%E9%8D%8B%E7%89%A9+%E5%8F%B0%E5%8C%97%E5%8D%97%E4%BA%AC%E4%B8%80%E5%BA%97/data=!4m7!3m6!1s0x3442a9666e9f721d:0x8aefbd57ef6d5d45!8m2!3d25.0518598!4d121.5273867!16s%2Fg%2F11b7cqtsy0!19sChIJHXKfbmapQjQRRV1t71e974o?authuser=0&hl=zh-TW&rclk=1,0x3442a9666e9f721d:0x8aefbd57ef6d5d45
2038,田北,5,3 年前,"很謝謝店員Joan超讚的服務～  
因為聚餐人數有11名 電話預訂還讓我加line先點餐  
入座後不用等待太久就能用餐  
非常親切～其他服務生也很優質  
南京店忠實粉絲～

",2022-11-21,https://www.google.com.tw/maps/place/%E7%AF%89%E9%96%93%E5%B9%B8%E7%A6%8F%E9%8D%8B%E7%89%A9+%E5%8F%B0%E5%8C%97%E5%8D%97%E4%BA%AC%E4%B8%80%E5%BA%97/data=!4m7!3m6!1s0x3442a9666e9f721d:0x8aefbd57ef6d5d45!8m2!3d25.0518598!4d121.5273867!16s%2Fg%2F11b7cqtsy0!19sChIJHXKfbmapQjQRRV1t71e974o?authuser=0&hl=zh-TW&rclk=1,0x3442a9666e9f721d:0x8aefbd57ef6d5d45
2039,陳陳,3,3 年前,"外場服務生動作有點慢...  
菜盤和肉已經煮好了 白飯還沒來...等超久

",2022-11-21,https://www.google.com.tw/maps/place/%E7%AF%89%E9%96%93%E5%B9%B8%E7%A6%8F%E9%8D%8B%E7%89%A9+%E5%8F%B0%E5%8C%97%E5%8D%97%E4%BA%AC%E4%B8%80%E5%BA%97/data=!4m7!3m6!1s0x3442a9666e9f721d:0x8aefbd57ef6d5d45!8m2!3d25.0518598!4d121.5273867!16s%2Fg%2F11b7cqtsy0!19sChIJHXKfbmapQjQRRV1t71e974o?authuser=0&hl=zh-TW&rclk=1,0x3442a9666e9f721d:0x8aefbd57ef6d5d45
2040,Shu Hao Yang,5,3 年前,"(由 Google 提供翻譯) 好吃！ ！ ！  
  
(原始評論)  
好吃！！！

",2022-11-21,https://www.google.com.tw/maps/place/%E7%AF%89%E9%96%93%E5%B9%B8%E7%A6%8F%E9%8D%8B%E7%89%A9+%E5%8F%B0%E5%8C%97%E5%8D%97%E4%BA%AC%E4%B8%80%E5%BA%97/data=!4m7!3m6!1s0x3442a9666e9f721d:0x8aefbd57ef6d5d45!8m2!3d25.0518598!4d121.5273867!16s%2Fg%2F11b7cqtsy0!19sChIJHXKfbmapQjQRRV1t71e974o?authuser=0&hl=zh-TW&rclk=1,0x3442a9666e9f721d:0x8aefbd57ef6d5d45
2041,黃聖雄,5,3 年前,,2022-11-21,https://www.google.com.tw/maps/place/%E7%AF%89%E9%96%93%E5%B9%B8%E7%A6%8F%E9%8D%8B%E7%89%A9+%E5%8F%B0%E5%8C%97%E5%8D%97%E4%BA%AC%E4%B8%80%E5%BA%97/data=!4m7!3m6!1s0x3442a9666e9f721d:0x8aefbd57ef6d5d45!8m2!3d25.0518598!4d121.5273867!16s%2Fg%2F11b7cqtsy0!19sChIJHXKfbmapQjQRRV1t71e974o?authuser=0&hl=zh-TW&rclk=1,0x3442a9666e9f721d:0x8aefbd57ef6d5d45
2042,Tina Wang,3,3 年前,"消費滿500元送肉品卷一張，沒有消費期限  
麻辣鍋底不錯，冰淇淋太軟了，很快就化了  
東西普普，醬料選擇沒有香菜。飲料只有檸檬紅茶還有奶茶的選擇

",2022-11-21,https://www.google.com.tw/maps/place/%E7%AF%89%E9%96%93%E5%B9%B8%E7%A6%8F%E9%8D%8B%E7%89%A9+%E5%8F%B0%E5%8C%97%E5%8D%97%E4%BA%AC%E4%B8%80%E5%BA%97/data=!4m7!3m6!1s0x3442a9666e9f721d:0x8aefbd57ef6d5d45!8m2!3d25.0518598!4d121.5273867!16s%2Fg%2F11b7cqtsy0!19sChIJHXKfbmapQjQRRV1t71e974o?authuser=0&hl=zh-TW&rclk=1,0x3442a9666e9f721d:0x8aefbd57ef6d5d45
2043,陳祥傑,5,3 年前,,2022-11-21,https://www.google.com.tw/maps/place/%E7%AF%89%E9%96%93%E5%B9%B8%E7%A6%8F%E9%8D%8B%E7%89%A9+%E5%8F%B0%E5%8C%97%E5%8D%97%E4%BA%AC%E4%B8%80%E5%BA%97/data=!4m7!3m6!1s0x3442a9666e9f721d:0x8aefbd57ef6d5d45!8m2!3d25.0518598!4d121.5273867!16s%2Fg%2F11b7cqtsy0!19sChIJHXKfbmapQjQRRV1t71e974o?authuser=0&hl=zh-TW&rclk=1,0x3442a9666e9f721d:0x8aefbd57ef6d5d45
2044,黃萬枝,4,3 年前,"服務很好

",2022-11-21,https://www.google.com.tw/maps/place/%E7%AF%89%E9%96%93%E5%B9%B8%E7%A6%8F%E9%8D%8B%E7%89%A9+%E5%8F%B0%E5%8C%97%E5%8D%97%E4%BA%AC%E4%B8%80%E5%BA%97/data=!4m7!3m6!1s0x3442a9666e9f721d:0x8aefbd57ef6d5d45!8m2!3d25.0518598!4d121.5273867!16s%2Fg%2F11b7cqtsy0!19sChIJHXKfbmapQjQRRV1t71e974o?authuser=0&hl=zh-TW&rclk=1,0x3442a9666e9f721d:0x8aefbd57ef6d5d45
2045,黃程翊,5,3 年前,"座位舒適，食物美味

",2022-11-21,https://www.google.com.tw/maps/place/%E7%AF%89%E9%96%93%E5%B9%B8%E7%A6%8F%E9%8D%8B%E7%89%A9+%E5%8F%B0%E5%8C%97%E5%8D%97%E4%BA%AC%E4%B8%80%E5%BA%97/data=!4m7!3m6!1s0x3442a9666e9f721d:0x8aefbd57ef6d5d45!8m2!3d25.0518598!4d121.5273867!16s%2Fg%2F11b7cqtsy0!19sChIJHXKfbmapQjQRRV1t71e974o?authuser=0&hl=zh-TW&rclk=1,0x3442a9666e9f721d:0x8aefbd57ef6d5d45
2046,mei chen wang,4,3 年前,"算中等價位的火鍋,食材用料算新鮮,牛肉部分也好吃  
牛肉部分推便宜又好吃的小肥牛鍋就很好吃了  
明治冰淇淋吃到爽  
消費滿500贈一張肉品兌換卷,無使用期限  
唯一美中不足的地方就是服務員收盤不積極,有加收一成服務費,收盤都要人家叫,看到桌面該清理時也不會主動來收盤,感覺像是故意裝作沒看到,其實感覺有點差,老實說~~~  
今天如果是很忙,又只有你一人我可以體諒,但當天並不忙,且宵夜場了也沒幾組人用餐  
一開始有主動收盤加湯,但就那麼一次,後面都要人家叫了,不然就是隨你心情吧,想收盤就收盤  
不過該服務生就收盤這點比較不積極而已,其他服務算不錯  
有贈兌換肉卷還是會再訪

",2022-11-21,https://www.google.com.tw/maps/place/%E7%AF%89%E9%96%93%E5%B9%B8%E7%A6%8F%E9%8D%8B%E7%89%A9+%E5%8F%B0%E5%8C%97%E5%8D%97%E4%BA%AC%E4%B8%80%E5%BA%97/data=!4m7!3m6!1s0x3442a9666e9f721d:0x8aefbd57ef6d5d45!8m2!3d25.0518598!4d121.5273867!16s%2Fg%2F11b7cqtsy0!19sChIJHXKfbmapQjQRRV1t71e974o?authuser=0&hl=zh-TW&rclk=1,0x3442a9666e9f721d:0x8aefbd57ef6d5d45
2047,陳聖翔,3,3 年前,,2022-11-21,https://www.google.com.tw/maps/place/%E7%AF%89%E9%96%93%E5%B9%B8%E7%A6%8F%E9%8D%8B%E7%89%A9+%E5%8F%B0%E5%8C%97%E5%8D%97%E4%BA%AC%E4%B8%80%E5%BA%97/data=!4m7!3m6!1s0x3442a9666e9f721d:0x8aefbd57ef6d5d45!8m2!3d25.0518598!4d121.5273867!16s%2Fg%2F11b7cqtsy0!19sChIJHXKfbmapQjQRRV1t71e974o?authuser=0&hl=zh-TW&rclk=1,0x3442a9666e9f721d:0x8aefbd57ef6d5d45
2048,YingHao Lee,1,3 年前,"很熱 員工訓練感覺非常不足 送錯桌 分不出龍王跟海鮮總匯的差別 同一桌但上菜的速度差很多

",2022-11-21,https://www.google.com.tw/maps/place/%E7%AF%89%E9%96%93%E5%B9%B8%E7%A6%8F%E9%8D%8B%E7%89%A9+%E5%8F%B0%E5%8C%97%E5%8D%97%E4%BA%AC%E4%B8%80%E5%BA%97/data=!4m7!3m6!1s0x3442a9666e9f721d:0x8aefbd57ef6d5d45!8m2!3d25.0518598!4d121.5273867!16s%2Fg%2F11b7cqtsy0!19sChIJHXKfbmapQjQRRV1t71e974o?authuser=0&hl=zh-TW&rclk=1,0x3442a9666e9f721d:0x8aefbd57ef6d5d45
2049,謝易城,2,3 年前,"海鮮品質普普，店裡過熱反應無效

",2022-11-21,https://www.google.com.tw/maps/place/%E7%AF%89%E9%96%93%E5%B9%B8%E7%A6%8F%E9%8D%8B%E7%89%A9+%E5%8F%B0%E5%8C%97%E5%8D%97%E4%BA%AC%E4%B8%80%E5%BA%97/data=!4m7!3m6!1s0x3442a9666e9f721d:0x8aefbd57ef6d5d45!8m2!3d25.0518598!4d121.5273867!16s%2Fg%2F11b7cqtsy0!19sChIJHXKfbmapQjQRRV1t71e974o?authuser=0&hl=zh-TW&rclk=1,0x3442a9666e9f721d:0x8aefbd57ef6d5d45
2050,小朱,5,3 年前,"好吃

",2022-11-21,https://www.google.com.tw/maps/place/%E7%AF%89%E9%96%93%E5%B9%B8%E7%A6%8F%E9%8D%8B%E7%89%A9+%E5%8F%B0%E5%8C%97%E5%8D%97%E4%BA%AC%E4%B8%80%E5%BA%97/data=!4m7!3m6!1s0x3442a9666e9f721d:0x8aefbd57ef6d5d45!8m2!3d25.0518598!4d121.5273867!16s%2Fg%2F11b7cqtsy0!19sChIJHXKfbmapQjQRRV1t71e974o?authuser=0&hl=zh-TW&rclk=1,0x3442a9666e9f721d:0x8aefbd57ef6d5d45
2051,華謙語,2,3 年前,,2022-11-21,https://www.google.com.tw/maps/place/%E7%AF%89%E9%96%93%E5%B9%B8%E7%A6%8F%E9%8D%8B%E7%89%A9+%E5%8F%B0%E5%8C%97%E5%8D%97%E4%BA%AC%E4%B8%80%E5%BA%97/data=!4m7!3m6!1s0x3442a9666e9f721d:0x8aefbd57ef6d5d45!8m2!3d25.0518598!4d121.5273867!16s%2Fg%2F11b7cqtsy0!19sChIJHXKfbmapQjQRRV1t71e974o?authuser=0&hl=zh-TW&rclk=1,0x3442a9666e9f721d:0x8aefbd57ef6d5d45
2052,Pine Chu,5,3 年前,"服務很好

",2022-11-21,https://www.google.com.tw/maps/place/%E7%AF%89%E9%96%93%E5%B9%B8%E7%A6%8F%E9%8D%8B%E7%89%A9+%E5%8F%B0%E5%8C%97%E5%8D%97%E4%BA%AC%E4%B8%80%E5%BA%97/data=!4m7!3m6!1s0x3442a9666e9f721d:0x8aefbd57ef6d5d45!8m2!3d25.0518598!4d121.5273867!16s%2Fg%2F11b7cqtsy0!19sChIJHXKfbmapQjQRRV1t71e974o?authuser=0&hl=zh-TW&rclk=1,0x3442a9666e9f721d:0x8aefbd57ef6d5d45
2053,王建為,4,3 年前,"料好！

",2022-11-21,https://www.google.com.tw/maps/place/%E7%AF%89%E9%96%93%E5%B9%B8%E7%A6%8F%E9%8D%8B%E7%89%A9+%E5%8F%B0%E5%8C%97%E5%8D%97%E4%BA%AC%E4%B8%80%E5%BA%97/data=!4m7!3m6!1s0x3442a9666e9f721d:0x8aefbd57ef6d5d45!8m2!3d25.0518598!4d121.5273867!16s%2Fg%2F11b7cqtsy0!19sChIJHXKfbmapQjQRRV1t71e974o?authuser=0&hl=zh-TW&rclk=1,0x3442a9666e9f721d:0x8aefbd57ef6d5d45
2054,Ting-Ting Cheng,2,3 年前,"東西好吃，但很不環保，飲料只有紙杯，吃冰淇淋的湯匙只有一次用塑膠，帶走的塑膠袋也給太多個，希望可以改善。

",2022-11-21,https://www.google.com.tw/maps/place/%E7%AF%89%E9%96%93%E5%B9%B8%E7%A6%8F%E9%8D%8B%E7%89%A9+%E5%8F%B0%E5%8C%97%E5%8D%97%E4%BA%AC%E4%B8%80%E5%BA%97/data=!4m7!3m6!1s0x3442a9666e9f721d:0x8aefbd57ef6d5d45!8m2!3d25.0518598!4d121.5273867!16s%2Fg%2F11b7cqtsy0!19sChIJHXKfbmapQjQRRV1t71e974o?authuser=0&hl=zh-TW&rclk=1,0x3442a9666e9f721d:0x8aefbd57ef6d5d45
2055,李圓嘉,5,3 年前,,2022-11-21,https://www.google.com.tw/maps/place/%E7%AF%89%E9%96%93%E5%B9%B8%E7%A6%8F%E9%8D%8B%E7%89%A9+%E5%8F%B0%E5%8C%97%E5%8D%97%E4%BA%AC%E4%B8%80%E5%BA%97/data=!4m7!3m6!1s0x3442a9666e9f721d:0x8aefbd57ef6d5d45!8m2!3d25.0518598!4d121.5273867!16s%2Fg%2F11b7cqtsy0!19sChIJHXKfbmapQjQRRV1t71e974o?authuser=0&hl=zh-TW&rclk=1,0x3442a9666e9f721d:0x8aefbd57ef6d5d45
2056,Winnie Shih,4,3 年前,,2022-11-21,https://www.google.com.tw/maps/place/%E7%AF%89%E9%96%93%E5%B9%B8%E7%A6%8F%E9%8D%8B%E7%89%A9+%E5%8F%B0%E5%8C%97%E5%8D%97%E4%BA%AC%E4%B8%80%E5%BA%97/data=!4m7!3m6!1s0x3442a9666e9f721d:0x8aefbd57ef6d5d45!8m2!3d25.0518598!4d121.5273867!16s%2Fg%2F11b7cqtsy0!19sChIJHXKfbmapQjQRRV1t71e974o?authuser=0&hl=zh-TW&rclk=1,0x3442a9666e9f721d:0x8aefbd57ef6d5d45
2057,周俐文,5,3 年前,"今天臨時訂位怕沒辦法吃 結果店員很努力的幫我們喬好位子很感動～而且店員也都很有耐心貼心的服務態度讓我們覺得很棒～餐點也都很好吃
就是對我來說石頭鍋有點油但湯頭很好喝～明治冰淇淋的軟硬度也很剛好不婚像有些店家太硬挖不動 整體用餐下來舒服好吃 但一個人吃下來大約也要4.500元
算是中高價位的火鍋店～非常推薦～

",2022-11-21,https://www.google.com.tw/maps/place/%E7%AF%89%E9%96%93%E5%B9%B8%E7%A6%8F%E9%8D%8B%E7%89%A9+%E5%8F%B0%E5%8C%97%E5%8D%97%E4%BA%AC%E4%B8%80%E5%BA%97/data=!4m7!3m6!1s0x3442a9666e9f721d:0x8aefbd57ef6d5d45!8m2!3d25.0518598!4d121.5273867!16s%2Fg%2F11b7cqtsy0!19sChIJHXKfbmapQjQRRV1t71e974o?authuser=0&hl=zh-TW&rclk=1,0x3442a9666e9f721d:0x8aefbd57ef6d5d45
2058,Chang Alice,5,3 年前,"好吃肉質好

",2022-11-21,https://www.google.com.tw/maps/place/%E7%AF%89%E9%96%93%E5%B9%B8%E7%A6%8F%E9%8D%8B%E7%89%A9+%E5%8F%B0%E5%8C%97%E5%8D%97%E4%BA%AC%E4%B8%80%E5%BA%97/data=!4m7!3m6!1s0x3442a9666e9f721d:0x8aefbd57ef6d5d45!8m2!3d25.0518598!4d121.5273867!16s%2Fg%2F11b7cqtsy0!19sChIJHXKfbmapQjQRRV1t71e974o?authuser=0&hl=zh-TW&rclk=1,0x3442a9666e9f721d:0x8aefbd57ef6d5d45
2059,7,5,3 年前,,2022-11-21,https://www.google.com.tw/maps/place/%E7%AF%89%E9%96%93%E5%B9%B8%E7%A6%8F%E9%8D%8B%E7%89%A9+%E5%8F%B0%E5%8C%97%E5%8D%97%E4%BA%AC%E4%B8%80%E5%BA%97/data=!4m7!3m6!1s0x3442a9666e9f721d:0x8aefbd57ef6d5d45!8m2!3d25.0518598!4d121.5273867!16s%2Fg%2F11b7cqtsy0!19sChIJHXKfbmapQjQRRV1t71e974o?authuser=0&hl=zh-TW&rclk=1,0x3442a9666e9f721d:0x8aefbd57ef6d5d45
2060,凱文,3,3 年前,"火鍋店算不錯

",2022-11-21,https://www.google.com.tw/maps/place/%E7%AF%89%E9%96%93%E5%B9%B8%E7%A6%8F%E9%8D%8B%E7%89%A9+%E5%8F%B0%E5%8C%97%E5%8D%97%E4%BA%AC%E4%B8%80%E5%BA%97/data=!4m7!3m6!1s0x3442a9666e9f721d:0x8aefbd57ef6d5d45!8m2!3d25.0518598!4d121.5273867!16s%2Fg%2F11b7cqtsy0!19sChIJHXKfbmapQjQRRV1t71e974o?authuser=0&hl=zh-TW&rclk=1,0x3442a9666e9f721d:0x8aefbd57ef6d5d45
2061,湯雅琪,5,3 年前,"點豚味湯底  
有點油 但是很好喝！建議一定要先喝清湯  
肉品點澳洲牛 口感&價位ok  
主餐整體份量偏多 但是飲料選擇比較少

",2022-11-21,https://www.google.com.tw/maps/place/%E7%AF%89%E9%96%93%E5%B9%B8%E7%A6%8F%E9%8D%8B%E7%89%A9+%E5%8F%B0%E5%8C%97%E5%8D%97%E4%BA%AC%E4%B8%80%E5%BA%97/data=!4m7!3m6!1s0x3442a9666e9f721d:0x8aefbd57ef6d5d45!8m2!3d25.0518598!4d121.5273867!16s%2Fg%2F11b7cqtsy0!19sChIJHXKfbmapQjQRRV1t71e974o?authuser=0&hl=zh-TW&rclk=1,0x3442a9666e9f721d:0x8aefbd57ef6d5d45
2062,猊Nic,5,3 年前,"真的有夠好吃、天使紅蝦超大隻的！

",2022-11-21,https://www.google.com.tw/maps/place/%E7%AF%89%E9%96%93%E5%B9%B8%E7%A6%8F%E9%8D%8B%E7%89%A9+%E5%8F%B0%E5%8C%97%E5%8D%97%E4%BA%AC%E4%B8%80%E5%BA%97/data=!4m7!3m6!1s0x3442a9666e9f721d:0x8aefbd57ef6d5d45!8m2!3d25.0518598!4d121.5273867!16s%2Fg%2F11b7cqtsy0!19sChIJHXKfbmapQjQRRV1t71e974o?authuser=0&hl=zh-TW&rclk=1,0x3442a9666e9f721d:0x8aefbd57ef6d5d45
2063,王曉姐,3,3 年前,,2022-11-21,https://www.google.com.tw/maps/place/%E7%AF%89%E9%96%93%E5%B9%B8%E7%A6%8F%E9%8D%8B%E7%89%A9+%E5%8F%B0%E5%8C%97%E5%8D%97%E4%BA%AC%E4%B8%80%E5%BA%97/data=!4m7!3m6!1s0x3442a9666e9f721d:0x8aefbd57ef6d5d45!8m2!3d25.0518598!4d121.5273867!16s%2Fg%2F11b7cqtsy0!19sChIJHXKfbmapQjQRRV1t71e974o?authuser=0&hl=zh-TW&rclk=1,0x3442a9666e9f721d:0x8aefbd57ef6d5d45
2064,鄭rolex,5,3 年前,"CP高.買單後送－張肉盤对換卷.真的不錯.  
不用去吃到飽餐廳也能吃粉飽.  
重點明治冰琪林吃到撐.

",2022-11-21,https://www.google.com.tw/maps/place/%E7%AF%89%E9%96%93%E5%B9%B8%E7%A6%8F%E9%8D%8B%E7%89%A9+%E5%8F%B0%E5%8C%97%E5%8D%97%E4%BA%AC%E4%B8%80%E5%BA%97/data=!4m7!3m6!1s0x3442a9666e9f721d:0x8aefbd57ef6d5d45!8m2!3d25.0518598!4d121.5273867!16s%2Fg%2F11b7cqtsy0!19sChIJHXKfbmapQjQRRV1t71e974o?authuser=0&hl=zh-TW&rclk=1,0x3442a9666e9f721d:0x8aefbd57ef6d5d45
2065,德瑞,3,3 年前,"普通

",2022-11-21,https://www.google.com.tw/maps/place/%E7%AF%89%E9%96%93%E5%B9%B8%E7%A6%8F%E9%8D%8B%E7%89%A9+%E5%8F%B0%E5%8C%97%E5%8D%97%E4%BA%AC%E4%B8%80%E5%BA%97/data=!4m7!3m6!1s0x3442a9666e9f721d:0x8aefbd57ef6d5d45!8m2!3d25.0518598!4d121.5273867!16s%2Fg%2F11b7cqtsy0!19sChIJHXKfbmapQjQRRV1t71e974o?authuser=0&hl=zh-TW&rclk=1,0x3442a9666e9f721d:0x8aefbd57ef6d5d45
2066,Anna Wu,4,3 年前,,2022-11-21,https://www.google.com.tw/maps/place/%E7%AF%89%E9%96%93%E5%B9%B8%E7%A6%8F%E9%8D%8B%E7%89%A9+%E5%8F%B0%E5%8C%97%E5%8D%97%E4%BA%AC%E4%B8%80%E5%BA%97/data=!4m7!3m6!1s0x3442a9666e9f721d:0x8aefbd57ef6d5d45!8m2!3d25.0518598!4d121.5273867!16s%2Fg%2F11b7cqtsy0!19sChIJHXKfbmapQjQRRV1t71e974o?authuser=0&hl=zh-TW&rclk=1,0x3442a9666e9f721d:0x8aefbd57ef6d5d45
2067,yulien liu,4,3 年前,,2022-11-21,https://www.google.com.tw/maps/place/%E7%AF%89%E9%96%93%E5%B9%B8%E7%A6%8F%E9%8D%8B%E7%89%A9+%E5%8F%B0%E5%8C%97%E5%8D%97%E4%BA%AC%E4%B8%80%E5%BA%97/data=!4m7!3m6!1s0x3442a9666e9f721d:0x8aefbd57ef6d5d45!8m2!3d25.0518598!4d121.5273867!16s%2Fg%2F11b7cqtsy0!19sChIJHXKfbmapQjQRRV1t71e974o?authuser=0&hl=zh-TW&rclk=1,0x3442a9666e9f721d:0x8aefbd57ef6d5d45
2068,sonia chen,1,3 年前,"3天前我在台中北屯旗艦店吃的霜降牛肉鍋，肉質非常棒，昨晚到南京店也吃霜降牛肉鍋，非常差，同樣是築間，怎麼差這麼多

",2022-11-21,https://www.google.com.tw/maps/place/%E7%AF%89%E9%96%93%E5%B9%B8%E7%A6%8F%E9%8D%8B%E7%89%A9+%E5%8F%B0%E5%8C%97%E5%8D%97%E4%BA%AC%E4%B8%80%E5%BA%97/data=!4m7!3m6!1s0x3442a9666e9f721d:0x8aefbd57ef6d5d45!8m2!3d25.0518598!4d121.5273867!16s%2Fg%2F11b7cqtsy0!19sChIJHXKfbmapQjQRRV1t71e974o?authuser=0&hl=zh-TW&rclk=1,0x3442a9666e9f721d:0x8aefbd57ef6d5d45
2069,Bruce Kuao,1,3 年前,,2022-11-21,https://www.google.com.tw/maps/place/%E7%AF%89%E9%96%93%E5%B9%B8%E7%A6%8F%E9%8D%8B%E7%89%A9+%E5%8F%B0%E5%8C%97%E5%8D%97%E4%BA%AC%E4%B8%80%E5%BA%97/data=!4m7!3m6!1s0x3442a9666e9f721d:0x8aefbd57ef6d5d45!8m2!3d25.0518598!4d121.5273867!16s%2Fg%2F11b7cqtsy0!19sChIJHXKfbmapQjQRRV1t71e974o?authuser=0&hl=zh-TW&rclk=1,0x3442a9666e9f721d:0x8aefbd57ef6d5d45
2070,賴靖森,5,3 年前,"大夜服務極優

",2022-11-21,https://www.google.com.tw/maps/place/%E7%AF%89%E9%96%93%E5%B9%B8%E7%A6%8F%E9%8D%8B%E7%89%A9+%E5%8F%B0%E5%8C%97%E5%8D%97%E4%BA%AC%E4%B8%80%E5%BA%97/data=!4m7!3m6!1s0x3442a9666e9f721d:0x8aefbd57ef6d5d45!8m2!3d25.0518598!4d121.5273867!16s%2Fg%2F11b7cqtsy0!19sChIJHXKfbmapQjQRRV1t71e974o?authuser=0&hl=zh-TW&rclk=1,0x3442a9666e9f721d:0x8aefbd57ef6d5d45
2071,游子賢（Kenny）,4,3 年前,"氣氛好，菜色新鮮，上菜速度很快

",2022-11-21,https://www.google.com.tw/maps/place/%E7%AF%89%E9%96%93%E5%B9%B8%E7%A6%8F%E9%8D%8B%E7%89%A9+%E5%8F%B0%E5%8C%97%E5%8D%97%E4%BA%AC%E4%B8%80%E5%BA%97/data=!4m7!3m6!1s0x3442a9666e9f721d:0x8aefbd57ef6d5d45!8m2!3d25.0518598!4d121.5273867!16s%2Fg%2F11b7cqtsy0!19sChIJHXKfbmapQjQRRV1t71e974o?authuser=0&hl=zh-TW&rclk=1,0x3442a9666e9f721d:0x8aefbd57ef6d5d45
2072,姜柏韜,5,3 年前,,2022-11-21,https://www.google.com.tw/maps/place/%E7%AF%89%E9%96%93%E5%B9%B8%E7%A6%8F%E9%8D%8B%E7%89%A9+%E5%8F%B0%E5%8C%97%E5%8D%97%E4%BA%AC%E4%B8%80%E5%BA%97/data=!4m7!3m6!1s0x3442a9666e9f721d:0x8aefbd57ef6d5d45!8m2!3d25.0518598!4d121.5273867!16s%2Fg%2F11b7cqtsy0!19sChIJHXKfbmapQjQRRV1t71e974o?authuser=0&hl=zh-TW&rclk=1,0x3442a9666e9f721d:0x8aefbd57ef6d5d45
2073,劉玉蓮,4,3 年前,,2022-11-21,https://www.google.com.tw/maps/place/%E7%AF%89%E9%96%93%E5%B9%B8%E7%A6%8F%E9%8D%8B%E7%89%A9+%E5%8F%B0%E5%8C%97%E5%8D%97%E4%BA%AC%E4%B8%80%E5%BA%97/data=!4m7!3m6!1s0x3442a9666e9f721d:0x8aefbd57ef6d5d45!8m2!3d25.0518598!4d121.5273867!16s%2Fg%2F11b7cqtsy0!19sChIJHXKfbmapQjQRRV1t71e974o?authuser=0&hl=zh-TW&rclk=1,0x3442a9666e9f721d:0x8aefbd57ef6d5d45
2074,林易德,2,3 年前,"冰都沒了還不補，人手似乎不太夠

",2022-11-21,https://www.google.com.tw/maps/place/%E7%AF%89%E9%96%93%E5%B9%B8%E7%A6%8F%E9%8D%8B%E7%89%A9+%E5%8F%B0%E5%8C%97%E5%8D%97%E4%BA%AC%E4%B8%80%E5%BA%97/data=!4m7!3m6!1s0x3442a9666e9f721d:0x8aefbd57ef6d5d45!8m2!3d25.0518598!4d121.5273867!16s%2Fg%2F11b7cqtsy0!19sChIJHXKfbmapQjQRRV1t71e974o?authuser=0&hl=zh-TW&rclk=1,0x3442a9666e9f721d:0x8aefbd57ef6d5d45
2075,LinXiu Huang,3,3 年前,,2022-11-21,https://www.google.com.tw/maps/place/%E7%AF%89%E9%96%93%E5%B9%B8%E7%A6%8F%E9%8D%8B%E7%89%A9+%E5%8F%B0%E5%8C%97%E5%8D%97%E4%BA%AC%E4%B8%80%E5%BA%97/data=!4m7!3m6!1s0x3442a9666e9f721d:0x8aefbd57ef6d5d45!8m2!3d25.0518598!4d121.5273867!16s%2Fg%2F11b7cqtsy0!19sChIJHXKfbmapQjQRRV1t71e974o?authuser=0&hl=zh-TW&rclk=1,0x3442a9666e9f721d:0x8aefbd57ef6d5d45
2076,Carmillu Wang,3,3 年前,"用餐空間稍微擁擠~~

",2022-11-21,https://www.google.com.tw/maps/place/%E7%AF%89%E9%96%93%E5%B9%B8%E7%A6%8F%E9%8D%8B%E7%89%A9+%E5%8F%B0%E5%8C%97%E5%8D%97%E4%BA%AC%E4%B8%80%E5%BA%97/data=!4m7!3m6!1s0x3442a9666e9f721d:0x8aefbd57ef6d5d45!8m2!3d25.0518598!4d121.5273867!16s%2Fg%2F11b7cqtsy0!19sChIJHXKfbmapQjQRRV1t71e974o?authuser=0&hl=zh-TW&rclk=1,0x3442a9666e9f721d:0x8aefbd57ef6d5d45
2077,Peter Sun,4,3 年前,,2022-11-21,https://www.google.com.tw/maps/place/%E7%AF%89%E9%96%93%E5%B9%B8%E7%A6%8F%E9%8D%8B%E7%89%A9+%E5%8F%B0%E5%8C%97%E5%8D%97%E4%BA%AC%E4%B8%80%E5%BA%97/data=!4m7!3m6!1s0x3442a9666e9f721d:0x8aefbd57ef6d5d45!8m2!3d25.0518598!4d121.5273867!16s%2Fg%2F11b7cqtsy0!19sChIJHXKfbmapQjQRRV1t71e974o?authuser=0&hl=zh-TW&rclk=1,0x3442a9666e9f721d:0x8aefbd57ef6d5d45
2078,Sam Liu,4,3 年前,,2022-11-21,https://www.google.com.tw/maps/place/%E7%AF%89%E9%96%93%E5%B9%B8%E7%A6%8F%E9%8D%8B%E7%89%A9+%E5%8F%B0%E5%8C%97%E5%8D%97%E4%BA%AC%E4%B8%80%E5%BA%97/data=!4m7!3m6!1s0x3442a9666e9f721d:0x8aefbd57ef6d5d45!8m2!3d25.0518598!4d121.5273867!16s%2Fg%2F11b7cqtsy0!19sChIJHXKfbmapQjQRRV1t71e974o?authuser=0&hl=zh-TW&rclk=1,0x3442a9666e9f721d:0x8aefbd57ef6d5d45
2079,陳憬霖,4,3 年前,"湯頭很多種可任選，海鮮也很新鮮好吃，冰淇淋也很好吃很推喔

",2022-11-21,https://www.google.com.tw/maps/place/%E7%AF%89%E9%96%93%E5%B9%B8%E7%A6%8F%E9%8D%8B%E7%89%A9+%E5%8F%B0%E5%8C%97%E5%8D%97%E4%BA%AC%E4%B8%80%E5%BA%97/data=!4m7!3m6!1s0x3442a9666e9f721d:0x8aefbd57ef6d5d45!8m2!3d25.0518598!4d121.5273867!16s%2Fg%2F11b7cqtsy0!19sChIJHXKfbmapQjQRRV1t71e974o?authuser=0&hl=zh-TW&rclk=1,0x3442a9666e9f721d:0x8aefbd57ef6d5d45
2080,林淑敏,4,3 年前,,2022-11-21,https://www.google.com.tw/maps/place/%E7%AF%89%E9%96%93%E5%B9%B8%E7%A6%8F%E9%8D%8B%E7%89%A9+%E5%8F%B0%E5%8C%97%E5%8D%97%E4%BA%AC%E4%B8%80%E5%BA%97/data=!4m7!3m6!1s0x3442a9666e9f721d:0x8aefbd57ef6d5d45!8m2!3d25.0518598!4d121.5273867!16s%2Fg%2F11b7cqtsy0!19sChIJHXKfbmapQjQRRV1t71e974o?authuser=0&hl=zh-TW&rclk=1,0x3442a9666e9f721d:0x8aefbd57ef6d5d45
2081,Mei Chiao Lai,4,3 年前,"餐點好吃，只是價位偏高！

",2022-11-21,https://www.google.com.tw/maps/place/%E7%AF%89%E9%96%93%E5%B9%B8%E7%A6%8F%E9%8D%8B%E7%89%A9+%E5%8F%B0%E5%8C%97%E5%8D%97%E4%BA%AC%E4%B8%80%E5%BA%97/data=!4m7!3m6!1s0x3442a9666e9f721d:0x8aefbd57ef6d5d45!8m2!3d25.0518598!4d121.5273867!16s%2Fg%2F11b7cqtsy0!19sChIJHXKfbmapQjQRRV1t71e974o?authuser=0&hl=zh-TW&rclk=1,0x3442a9666e9f721d:0x8aefbd57ef6d5d45
2082,侯竣仁,3,3 年前,"菜色豐富  
可是醬料碟該洗乾淨一點

",2022-11-21,https://www.google.com.tw/maps/place/%E7%AF%89%E9%96%93%E5%B9%B8%E7%A6%8F%E9%8D%8B%E7%89%A9+%E5%8F%B0%E5%8C%97%E5%8D%97%E4%BA%AC%E4%B8%80%E5%BA%97/data=!4m7!3m6!1s0x3442a9666e9f721d:0x8aefbd57ef6d5d45!8m2!3d25.0518598!4d121.5273867!16s%2Fg%2F11b7cqtsy0!19sChIJHXKfbmapQjQRRV1t71e974o?authuser=0&hl=zh-TW&rclk=1,0x3442a9666e9f721d:0x8aefbd57ef6d5d45
2083,Bear Danny,4,3 年前,"我跟3位朋友5/26晚上八點多去用餐 可能因為一樓座位滿了吧 我們被安排在2樓用餐 剛開始看菜單選湯頭都還沒什麼問題 可能也是人力吃緊 所以沒什麼介紹菜單
點餐服務生臉色不是很好 讓我有點壓力 我們都是吃五六佰元的單點鍋 霜降牛肉 伊比利豬肉整體餐點跟湯頭的部份還蠻不錯吃 不過真的沒有什麼桌邊服務 收盤沒有
沒有巡湯服務 要自己去像服務人員要求 服務員才會過來加湯 但他沒發現整桌的餐點都放滿了 他在肉盤上方幫我們加湯 湯汁都溢出來滴到肉盤上的肉了
而且不是一點點而已喔 我當下就提醒該服務人員 他竟然當作沒聽到 我就走去櫃檯請問當班值班主管在嗎 他問我有什麼事嗎？我把事情的經過跟他說
他說不然他換一盤新的肉給我們 問說可以嗎？我們說不用了 反正都是要煮來吃 我想雖然感覺不是很好 但店家已經釋出善意了 我們就算了
但我在意的事是發生事情當下該名服務生 連過來說聲不好意思都沒有 還要主管私下送肉盤來安撫客人
我們真的會那麼貪小便宜為了你那送的一盤肉盤當奧客嗎？我們4個人也吃了兩千八百多元 餐點還算不錯 但服務品質真的有待加強 還有兩個小小建議
1.醬料區那邊看得到一點你們內場工作環境 整潔度可能有點不是很適合給客人看到 隱密性可以再提升一些 2.貴店也算是有名氣的名店
但連自己專屬的打包外提袋都沒有 還用菜市場買菜那種沒質感的塑膠袋裝打包餐點 可惜了打廣告的機會

",2022-11-21,https://www.google.com.tw/maps/place/%E7%AF%89%E9%96%93%E5%B9%B8%E7%A6%8F%E9%8D%8B%E7%89%A9+%E5%8F%B0%E5%8C%97%E5%8D%97%E4%BA%AC%E4%B8%80%E5%BA%97/data=!4m7!3m6!1s0x3442a9666e9f721d:0x8aefbd57ef6d5d45!8m2!3d25.0518598!4d121.5273867!16s%2Fg%2F11b7cqtsy0!19sChIJHXKfbmapQjQRRV1t71e974o?authuser=0&hl=zh-TW&rclk=1,0x3442a9666e9f721d:0x8aefbd57ef6d5d45
2084,Wenyu,5,3 年前,,2022-11-21,https://www.google.com.tw/maps/place/%E7%AF%89%E9%96%93%E5%B9%B8%E7%A6%8F%E9%8D%8B%E7%89%A9+%E5%8F%B0%E5%8C%97%E5%8D%97%E4%BA%AC%E4%B8%80%E5%BA%97/data=!4m7!3m6!1s0x3442a9666e9f721d:0x8aefbd57ef6d5d45!8m2!3d25.0518598!4d121.5273867!16s%2Fg%2F11b7cqtsy0!19sChIJHXKfbmapQjQRRV1t71e974o?authuser=0&hl=zh-TW&rclk=1,0x3442a9666e9f721d:0x8aefbd57ef6d5d45
2085,林誼柔,1,3 年前,"服務真差，沒什麼服務還收服務費，坐了很久餐才上來，中間也都沒有人來巡，要加湯還要自己出去叫才來，湯頭也很鹹，真的不愉快的用餐

",2022-11-21,https://www.google.com.tw/maps/place/%E7%AF%89%E9%96%93%E5%B9%B8%E7%A6%8F%E9%8D%8B%E7%89%A9+%E5%8F%B0%E5%8C%97%E5%8D%97%E4%BA%AC%E4%B8%80%E5%BA%97/data=!4m7!3m6!1s0x3442a9666e9f721d:0x8aefbd57ef6d5d45!8m2!3d25.0518598!4d121.5273867!16s%2Fg%2F11b7cqtsy0!19sChIJHXKfbmapQjQRRV1t71e974o?authuser=0&hl=zh-TW&rclk=1,0x3442a9666e9f721d:0x8aefbd57ef6d5d45
2086,江國煌,4,3 年前,,2022-11-21,https://www.google.com.tw/maps/place/%E7%AF%89%E9%96%93%E5%B9%B8%E7%A6%8F%E9%8D%8B%E7%89%A9+%E5%8F%B0%E5%8C%97%E5%8D%97%E4%BA%AC%E4%B8%80%E5%BA%97/data=!4m7!3m6!1s0x3442a9666e9f721d:0x8aefbd57ef6d5d45!8m2!3d25.0518598!4d121.5273867!16s%2Fg%2F11b7cqtsy0!19sChIJHXKfbmapQjQRRV1t71e974o?authuser=0&hl=zh-TW&rclk=1,0x3442a9666e9f721d:0x8aefbd57ef6d5d45
2087,Apple Ho,5,3 年前,"地點方便。東西滿好吃的

",2022-11-21,https://www.google.com.tw/maps/place/%E7%AF%89%E9%96%93%E5%B9%B8%E7%A6%8F%E9%8D%8B%E7%89%A9+%E5%8F%B0%E5%8C%97%E5%8D%97%E4%BA%AC%E4%B8%80%E5%BA%97/data=!4m7!3m6!1s0x3442a9666e9f721d:0x8aefbd57ef6d5d45!8m2!3d25.0518598!4d121.5273867!16s%2Fg%2F11b7cqtsy0!19sChIJHXKfbmapQjQRRV1t71e974o?authuser=0&hl=zh-TW&rclk=1,0x3442a9666e9f721d:0x8aefbd57ef6d5d45
2088,no da,5,3 年前,,2022-11-21,https://www.google.com.tw/maps/place/%E7%AF%89%E9%96%93%E5%B9%B8%E7%A6%8F%E9%8D%8B%E7%89%A9+%E5%8F%B0%E5%8C%97%E5%8D%97%E4%BA%AC%E4%B8%80%E5%BA%97/data=!4m7!3m6!1s0x3442a9666e9f721d:0x8aefbd57ef6d5d45!8m2!3d25.0518598!4d121.5273867!16s%2Fg%2F11b7cqtsy0!19sChIJHXKfbmapQjQRRV1t71e974o?authuser=0&hl=zh-TW&rclk=1,0x3442a9666e9f721d:0x8aefbd57ef6d5d45
2089,潔瑀,5,3 年前,"很好吃 三百左右 超很飽 用料不錯 我吃羊肉的

",2022-11-21,https://www.google.com.tw/maps/place/%E7%AF%89%E9%96%93%E5%B9%B8%E7%A6%8F%E9%8D%8B%E7%89%A9+%E5%8F%B0%E5%8C%97%E5%8D%97%E4%BA%AC%E4%B8%80%E5%BA%97/data=!4m7!3m6!1s0x3442a9666e9f721d:0x8aefbd57ef6d5d45!8m2!3d25.0518598!4d121.5273867!16s%2Fg%2F11b7cqtsy0!19sChIJHXKfbmapQjQRRV1t71e974o?authuser=0&hl=zh-TW&rclk=1,0x3442a9666e9f721d:0x8aefbd57ef6d5d45
2090,yumi mei,4,3 年前,,2022-11-21,https://www.google.com.tw/maps/place/%E7%AF%89%E9%96%93%E5%B9%B8%E7%A6%8F%E9%8D%8B%E7%89%A9+%E5%8F%B0%E5%8C%97%E5%8D%97%E4%BA%AC%E4%B8%80%E5%BA%97/data=!4m7!3m6!1s0x3442a9666e9f721d:0x8aefbd57ef6d5d45!8m2!3d25.0518598!4d121.5273867!16s%2Fg%2F11b7cqtsy0!19sChIJHXKfbmapQjQRRV1t71e974o?authuser=0&hl=zh-TW&rclk=1,0x3442a9666e9f721d:0x8aefbd57ef6d5d45
2091,Ting Jian,3,3 年前,,2022-11-21,https://www.google.com.tw/maps/place/%E7%AF%89%E9%96%93%E5%B9%B8%E7%A6%8F%E9%8D%8B%E7%89%A9+%E5%8F%B0%E5%8C%97%E5%8D%97%E4%BA%AC%E4%B8%80%E5%BA%97/data=!4m7!3m6!1s0x3442a9666e9f721d:0x8aefbd57ef6d5d45!8m2!3d25.0518598!4d121.5273867!16s%2Fg%2F11b7cqtsy0!19sChIJHXKfbmapQjQRRV1t71e974o?authuser=0&hl=zh-TW&rclk=1,0x3442a9666e9f721d:0x8aefbd57ef6d5d45
2092,花苡媗,5,3 年前,"CP 值高, 海鮮新鮮, 服務員親切

",2022-11-21,https://www.google.com.tw/maps/place/%E7%AF%89%E9%96%93%E5%B9%B8%E7%A6%8F%E9%8D%8B%E7%89%A9+%E5%8F%B0%E5%8C%97%E5%8D%97%E4%BA%AC%E4%B8%80%E5%BA%97/data=!4m7!3m6!1s0x3442a9666e9f721d:0x8aefbd57ef6d5d45!8m2!3d25.0518598!4d121.5273867!16s%2Fg%2F11b7cqtsy0!19sChIJHXKfbmapQjQRRV1t71e974o?authuser=0&hl=zh-TW&rclk=1,0x3442a9666e9f721d:0x8aefbd57ef6d5d45
2093,阮邦魁,1,3 年前,"入座時等待服務生整理很久，送餐時餐點漏送，但用餐時間卻從入店開始算。明明沒人在等，客人還在用餐，90分鐘一到（連入座等待時間也算在內）就馬上敢人走。

",2022-11-21,https://www.google.com.tw/maps/place/%E7%AF%89%E9%96%93%E5%B9%B8%E7%A6%8F%E9%8D%8B%E7%89%A9+%E5%8F%B0%E5%8C%97%E5%8D%97%E4%BA%AC%E4%B8%80%E5%BA%97/data=!4m7!3m6!1s0x3442a9666e9f721d:0x8aefbd57ef6d5d45!8m2!3d25.0518598!4d121.5273867!16s%2Fg%2F11b7cqtsy0!19sChIJHXKfbmapQjQRRV1t71e974o?authuser=0&hl=zh-TW&rclk=1,0x3442a9666e9f721d:0x8aefbd57ef6d5d45
2094,張智富,4,3 年前,,2022-11-21,https://www.google.com.tw/maps/place/%E7%AF%89%E9%96%93%E5%B9%B8%E7%A6%8F%E9%8D%8B%E7%89%A9+%E5%8F%B0%E5%8C%97%E5%8D%97%E4%BA%AC%E4%B8%80%E5%BA%97/data=!4m7!3m6!1s0x3442a9666e9f721d:0x8aefbd57ef6d5d45!8m2!3d25.0518598!4d121.5273867!16s%2Fg%2F11b7cqtsy0!19sChIJHXKfbmapQjQRRV1t71e974o?authuser=0&hl=zh-TW&rclk=1,0x3442a9666e9f721d:0x8aefbd57ef6d5d45
2095,Ruei,5,3 年前,"好吃

",2022-11-21,https://www.google.com.tw/maps/place/%E7%AF%89%E9%96%93%E5%B9%B8%E7%A6%8F%E9%8D%8B%E7%89%A9+%E5%8F%B0%E5%8C%97%E5%8D%97%E4%BA%AC%E4%B8%80%E5%BA%97/data=!4m7!3m6!1s0x3442a9666e9f721d:0x8aefbd57ef6d5d45!8m2!3d25.0518598!4d121.5273867!16s%2Fg%2F11b7cqtsy0!19sChIJHXKfbmapQjQRRV1t71e974o?authuser=0&hl=zh-TW&rclk=1,0x3442a9666e9f721d:0x8aefbd57ef6d5d45
2096,Vera Tse.,4,3 年前,"飲料選擇可以多一點

",2022-11-21,https://www.google.com.tw/maps/place/%E7%AF%89%E9%96%93%E5%B9%B8%E7%A6%8F%E9%8D%8B%E7%89%A9+%E5%8F%B0%E5%8C%97%E5%8D%97%E4%BA%AC%E4%B8%80%E5%BA%97/data=!4m7!3m6!1s0x3442a9666e9f721d:0x8aefbd57ef6d5d45!8m2!3d25.0518598!4d121.5273867!16s%2Fg%2F11b7cqtsy0!19sChIJHXKfbmapQjQRRV1t71e974o?authuser=0&hl=zh-TW&rclk=1,0x3442a9666e9f721d:0x8aefbd57ef6d5d45
2097,P L,5,3 年前,"好吃 有一個店員很幽默 聊得我還以為她跟我朋友認識 結果她跟我們每個人都不認識

",2022-11-21,https://www.google.com.tw/maps/place/%E7%AF%89%E9%96%93%E5%B9%B8%E7%A6%8F%E9%8D%8B%E7%89%A9+%E5%8F%B0%E5%8C%97%E5%8D%97%E4%BA%AC%E4%B8%80%E5%BA%97/data=!4m7!3m6!1s0x3442a9666e9f721d:0x8aefbd57ef6d5d45!8m2!3d25.0518598!4d121.5273867!16s%2Fg%2F11b7cqtsy0!19sChIJHXKfbmapQjQRRV1t71e974o?authuser=0&hl=zh-TW&rclk=1,0x3442a9666e9f721d:0x8aefbd57ef6d5d45
2098,Allison Young,4,3 年前,,2022-11-21,https://www.google.com.tw/maps/place/%E7%AF%89%E9%96%93%E5%B9%B8%E7%A6%8F%E9%8D%8B%E7%89%A9+%E5%8F%B0%E5%8C%97%E5%8D%97%E4%BA%AC%E4%B8%80%E5%BA%97/data=!4m7!3m6!1s0x3442a9666e9f721d:0x8aefbd57ef6d5d45!8m2!3d25.0518598!4d121.5273867!16s%2Fg%2F11b7cqtsy0!19sChIJHXKfbmapQjQRRV1t71e974o?authuser=0&hl=zh-TW&rclk=1,0x3442a9666e9f721d:0x8aefbd57ef6d5d45
2099,minji ko,5,3 年前,"(由 Google 提供翻譯) 價格合理，美味  
  
(原始評論)  
가격도 적당하고 맛있어요

",2022-11-21,https://www.google.com.tw/maps/place/%E7%AF%89%E9%96%93%E5%B9%B8%E7%A6%8F%E9%8D%8B%E7%89%A9+%E5%8F%B0%E5%8C%97%E5%8D%97%E4%BA%AC%E4%B8%80%E5%BA%97/data=!4m7!3m6!1s0x3442a9666e9f721d:0x8aefbd57ef6d5d45!8m2!3d25.0518598!4d121.5273867!16s%2Fg%2F11b7cqtsy0!19sChIJHXKfbmapQjQRRV1t71e974o?authuser=0&hl=zh-TW&rclk=1,0x3442a9666e9f721d:0x8aefbd57ef6d5d45
2100,程婷,5,3 年前,"還不錯的火鍋

",2022-11-21,https://www.google.com.tw/maps/place/%E7%AF%89%E9%96%93%E5%B9%B8%E7%A6%8F%E9%8D%8B%E7%89%A9+%E5%8F%B0%E5%8C%97%E5%8D%97%E4%BA%AC%E4%B8%80%E5%BA%97/data=!4m7!3m6!1s0x3442a9666e9f721d:0x8aefbd57ef6d5d45!8m2!3d25.0518598!4d121.5273867!16s%2Fg%2F11b7cqtsy0!19sChIJHXKfbmapQjQRRV1t71e974o?authuser=0&hl=zh-TW&rclk=1,0x3442a9666e9f721d:0x8aefbd57ef6d5d45
2101,Shing Ching Yu,5,3 年前,"平價好吃的海鮮鍋物，喜歡

",2022-11-21,https://www.google.com.tw/maps/place/%E7%AF%89%E9%96%93%E5%B9%B8%E7%A6%8F%E9%8D%8B%E7%89%A9+%E5%8F%B0%E5%8C%97%E5%8D%97%E4%BA%AC%E4%B8%80%E5%BA%97/data=!4m7!3m6!1s0x3442a9666e9f721d:0x8aefbd57ef6d5d45!8m2!3d25.0518598!4d121.5273867!16s%2Fg%2F11b7cqtsy0!19sChIJHXKfbmapQjQRRV1t71e974o?authuser=0&hl=zh-TW&rclk=1,0x3442a9666e9f721d:0x8aefbd57ef6d5d45
2102,摩托貓,5,3 年前,,2022-11-21,https://www.google.com.tw/maps/place/%E7%AF%89%E9%96%93%E5%B9%B8%E7%A6%8F%E9%8D%8B%E7%89%A9+%E5%8F%B0%E5%8C%97%E5%8D%97%E4%BA%AC%E4%B8%80%E5%BA%97/data=!4m7!3m6!1s0x3442a9666e9f721d:0x8aefbd57ef6d5d45!8m2!3d25.0518598!4d121.5273867!16s%2Fg%2F11b7cqtsy0!19sChIJHXKfbmapQjQRRV1t71e974o?authuser=0&hl=zh-TW&rclk=1,0x3442a9666e9f721d:0x8aefbd57ef6d5d45
2103,李光庭,4,3 年前,,2022-11-21,https://www.google.com.tw/maps/place/%E7%AF%89%E9%96%93%E5%B9%B8%E7%A6%8F%E9%8D%8B%E7%89%A9+%E5%8F%B0%E5%8C%97%E5%8D%97%E4%BA%AC%E4%B8%80%E5%BA%97/data=!4m7!3m6!1s0x3442a9666e9f721d:0x8aefbd57ef6d5d45!8m2!3d25.0518598!4d121.5273867!16s%2Fg%2F11b7cqtsy0!19sChIJHXKfbmapQjQRRV1t71e974o?authuser=0&hl=zh-TW&rclk=1,0x3442a9666e9f721d:0x8aefbd57ef6d5d45
2104,Sophie W,5,3 年前,,2022-11-21,https://www.google.com.tw/maps/place/%E7%AF%89%E9%96%93%E5%B9%B8%E7%A6%8F%E9%8D%8B%E7%89%A9+%E5%8F%B0%E5%8C%97%E5%8D%97%E4%BA%AC%E4%B8%80%E5%BA%97/data=!4m7!3m6!1s0x3442a9666e9f721d:0x8aefbd57ef6d5d45!8m2!3d25.0518598!4d121.5273867!16s%2Fg%2F11b7cqtsy0!19sChIJHXKfbmapQjQRRV1t71e974o?authuser=0&hl=zh-TW&rclk=1,0x3442a9666e9f721d:0x8aefbd57ef6d5d45
2105,otae,3,3 年前,"食材普通，服務生好像很忙，加個湯等很久，但態度親切。冰淇淋好吃

",2022-11-21,https://www.google.com.tw/maps/place/%E7%AF%89%E9%96%93%E5%B9%B8%E7%A6%8F%E9%8D%8B%E7%89%A9+%E5%8F%B0%E5%8C%97%E5%8D%97%E4%BA%AC%E4%B8%80%E5%BA%97/data=!4m7!3m6!1s0x3442a9666e9f721d:0x8aefbd57ef6d5d45!8m2!3d25.0518598!4d121.5273867!16s%2Fg%2F11b7cqtsy0!19sChIJHXKfbmapQjQRRV1t71e974o?authuser=0&hl=zh-TW&rclk=1,0x3442a9666e9f721d:0x8aefbd57ef6d5d45
2106,陳蒔美_MIKI CHEN,5,3 年前,"食材好，服務佳

",2022-11-21,https://www.google.com.tw/maps/place/%E7%AF%89%E9%96%93%E5%B9%B8%E7%A6%8F%E9%8D%8B%E7%89%A9+%E5%8F%B0%E5%8C%97%E5%8D%97%E4%BA%AC%E4%B8%80%E5%BA%97/data=!4m7!3m6!1s0x3442a9666e9f721d:0x8aefbd57ef6d5d45!8m2!3d25.0518598!4d121.5273867!16s%2Fg%2F11b7cqtsy0!19sChIJHXKfbmapQjQRRV1t71e974o?authuser=0&hl=zh-TW&rclk=1,0x3442a9666e9f721d:0x8aefbd57ef6d5d45
2107,康康康康康康（康康康）,3,3 年前,"一切完美

",2022-11-21,https://www.google.com.tw/maps/place/%E7%AF%89%E9%96%93%E5%B9%B8%E7%A6%8F%E9%8D%8B%E7%89%A9+%E5%8F%B0%E5%8C%97%E5%8D%97%E4%BA%AC%E4%B8%80%E5%BA%97/data=!4m7!3m6!1s0x3442a9666e9f721d:0x8aefbd57ef6d5d45!8m2!3d25.0518598!4d121.5273867!16s%2Fg%2F11b7cqtsy0!19sChIJHXKfbmapQjQRRV1t71e974o?authuser=0&hl=zh-TW&rclk=1,0x3442a9666e9f721d:0x8aefbd57ef6d5d45
2108,Tsung Yen Lee,4,3 年前,"覺得還不錯吃，價位普通可接受，朋友點龍王鍋看起來超猛，明治冰淇淋有八種口味很棒><

",2022-11-21,https://www.google.com.tw/maps/place/%E7%AF%89%E9%96%93%E5%B9%B8%E7%A6%8F%E9%8D%8B%E7%89%A9+%E5%8F%B0%E5%8C%97%E5%8D%97%E4%BA%AC%E4%B8%80%E5%BA%97/data=!4m7!3m6!1s0x3442a9666e9f721d:0x8aefbd57ef6d5d45!8m2!3d25.0518598!4d121.5273867!16s%2Fg%2F11b7cqtsy0!19sChIJHXKfbmapQjQRRV1t71e974o?authuser=0&hl=zh-TW&rclk=1,0x3442a9666e9f721d:0x8aefbd57ef6d5d45
2109,Allie Wu,5,3 年前,"豬肉好吃，空間舒服，冰淇淋口味多

",2022-11-21,https://www.google.com.tw/maps/place/%E7%AF%89%E9%96%93%E5%B9%B8%E7%A6%8F%E9%8D%8B%E7%89%A9+%E5%8F%B0%E5%8C%97%E5%8D%97%E4%BA%AC%E4%B8%80%E5%BA%97/data=!4m7!3m6!1s0x3442a9666e9f721d:0x8aefbd57ef6d5d45!8m2!3d25.0518598!4d121.5273867!16s%2Fg%2F11b7cqtsy0!19sChIJHXKfbmapQjQRRV1t71e974o?authuser=0&hl=zh-TW&rclk=1,0x3442a9666e9f721d:0x8aefbd57ef6d5d45
2110,Anita Lai,5,3 年前,"太愛吃鍋了。好吃的鍋怎能放過呢！

",2022-11-21,https://www.google.com.tw/maps/place/%E7%AF%89%E9%96%93%E5%B9%B8%E7%A6%8F%E9%8D%8B%E7%89%A9+%E5%8F%B0%E5%8C%97%E5%8D%97%E4%BA%AC%E4%B8%80%E5%BA%97/data=!4m7!3m6!1s0x3442a9666e9f721d:0x8aefbd57ef6d5d45!8m2!3d25.0518598!4d121.5273867!16s%2Fg%2F11b7cqtsy0!19sChIJHXKfbmapQjQRRV1t71e974o?authuser=0&hl=zh-TW&rclk=1,0x3442a9666e9f721d:0x8aefbd57ef6d5d45
2111,鄭宇昕,4,3 年前,"店裡氛圍不錯，食材感覺也新鮮，價格略高

",2022-11-21,https://www.google.com.tw/maps/place/%E7%AF%89%E9%96%93%E5%B9%B8%E7%A6%8F%E9%8D%8B%E7%89%A9+%E5%8F%B0%E5%8C%97%E5%8D%97%E4%BA%AC%E4%B8%80%E5%BA%97/data=!4m7!3m6!1s0x3442a9666e9f721d:0x8aefbd57ef6d5d45!8m2!3d25.0518598!4d121.5273867!16s%2Fg%2F11b7cqtsy0!19sChIJHXKfbmapQjQRRV1t71e974o?authuser=0&hl=zh-TW&rclk=1,0x3442a9666e9f721d:0x8aefbd57ef6d5d45
2112,林瑞芬,4,3 年前,"冰淇淋好好吃

",2022-11-21,https://www.google.com.tw/maps/place/%E7%AF%89%E9%96%93%E5%B9%B8%E7%A6%8F%E9%8D%8B%E7%89%A9+%E5%8F%B0%E5%8C%97%E5%8D%97%E4%BA%AC%E4%B8%80%E5%BA%97/data=!4m7!3m6!1s0x3442a9666e9f721d:0x8aefbd57ef6d5d45!8m2!3d25.0518598!4d121.5273867!16s%2Fg%2F11b7cqtsy0!19sChIJHXKfbmapQjQRRV1t71e974o?authuser=0&hl=zh-TW&rclk=1,0x3442a9666e9f721d:0x8aefbd57ef6d5d45
2113,JC,4,3 年前,"CP直挺高的 服務人員也願意幫我們把火鍋料換成青菜! 肉質普通 有點肥

",2022-11-21,https://www.google.com.tw/maps/place/%E7%AF%89%E9%96%93%E5%B9%B8%E7%A6%8F%E9%8D%8B%E7%89%A9+%E5%8F%B0%E5%8C%97%E5%8D%97%E4%BA%AC%E4%B8%80%E5%BA%97/data=!4m7!3m6!1s0x3442a9666e9f721d:0x8aefbd57ef6d5d45!8m2!3d25.0518598!4d121.5273867!16s%2Fg%2F11b7cqtsy0!19sChIJHXKfbmapQjQRRV1t71e974o?authuser=0&hl=zh-TW&rclk=1,0x3442a9666e9f721d:0x8aefbd57ef6d5d45
2114,Liansan珊珊,5,3 年前,,2022-11-21,https://www.google.com.tw/maps/place/%E7%AF%89%E9%96%93%E5%B9%B8%E7%A6%8F%E9%8D%8B%E7%89%A9+%E5%8F%B0%E5%8C%97%E5%8D%97%E4%BA%AC%E4%B8%80%E5%BA%97/data=!4m7!3m6!1s0x3442a9666e9f721d:0x8aefbd57ef6d5d45!8m2!3d25.0518598!4d121.5273867!16s%2Fg%2F11b7cqtsy0!19sChIJHXKfbmapQjQRRV1t71e974o?authuser=0&hl=zh-TW&rclk=1,0x3442a9666e9f721d:0x8aefbd57ef6d5d45
2115,宋雙燄,3,3 年前,"鍋物還行，缺點是醬料區很多小飛蠅，感覺有點差

",2022-11-21,https://www.google.com.tw/maps/place/%E7%AF%89%E9%96%93%E5%B9%B8%E7%A6%8F%E9%8D%8B%E7%89%A9+%E5%8F%B0%E5%8C%97%E5%8D%97%E4%BA%AC%E4%B8%80%E5%BA%97/data=!4m7!3m6!1s0x3442a9666e9f721d:0x8aefbd57ef6d5d45!8m2!3d25.0518598!4d121.5273867!16s%2Fg%2F11b7cqtsy0!19sChIJHXKfbmapQjQRRV1t71e974o?authuser=0&hl=zh-TW&rclk=1,0x3442a9666e9f721d:0x8aefbd57ef6d5d45
2116,Seirinn La,3,3 年前,"第ㄧ次來用餐，菜盤普通，吃到飽的明治冰淇淋不知是不是冰凍溫度不夠，軟到吃了ㄧ球就不想吃，爐子也是有問題湯滾不起來

",2022-11-21,https://www.google.com.tw/maps/place/%E7%AF%89%E9%96%93%E5%B9%B8%E7%A6%8F%E9%8D%8B%E7%89%A9+%E5%8F%B0%E5%8C%97%E5%8D%97%E4%BA%AC%E4%B8%80%E5%BA%97/data=!4m7!3m6!1s0x3442a9666e9f721d:0x8aefbd57ef6d5d45!8m2!3d25.0518598!4d121.5273867!16s%2Fg%2F11b7cqtsy0!19sChIJHXKfbmapQjQRRV1t71e974o?authuser=0&hl=zh-TW&rclk=1,0x3442a9666e9f721d:0x8aefbd57ef6d5d45
2117,LAU MATHEW,5,3 年前,"店員應變能力超好，海鮮新鮮，

",2022-11-21,https://www.google.com.tw/maps/place/%E7%AF%89%E9%96%93%E5%B9%B8%E7%A6%8F%E9%8D%8B%E7%89%A9+%E5%8F%B0%E5%8C%97%E5%8D%97%E4%BA%AC%E4%B8%80%E5%BA%97/data=!4m7!3m6!1s0x3442a9666e9f721d:0x8aefbd57ef6d5d45!8m2!3d25.0518598!4d121.5273867!16s%2Fg%2F11b7cqtsy0!19sChIJHXKfbmapQjQRRV1t71e974o?authuser=0&hl=zh-TW&rclk=1,0x3442a9666e9f721d:0x8aefbd57ef6d5d45
2118,ching wu,3,3 年前,"還可以，就是冷氣不夠涼…………

",2022-11-21,https://www.google.com.tw/maps/place/%E7%AF%89%E9%96%93%E5%B9%B8%E7%A6%8F%E9%8D%8B%E7%89%A9+%E5%8F%B0%E5%8C%97%E5%8D%97%E4%BA%AC%E4%B8%80%E5%BA%97/data=!4m7!3m6!1s0x3442a9666e9f721d:0x8aefbd57ef6d5d45!8m2!3d25.0518598!4d121.5273867!16s%2Fg%2F11b7cqtsy0!19sChIJHXKfbmapQjQRRV1t71e974o?authuser=0&hl=zh-TW&rclk=1,0x3442a9666e9f721d:0x8aefbd57ef6d5d45
2119,黃冠智,4,3 年前,,2022-11-21,https://www.google.com.tw/maps/place/%E7%AF%89%E9%96%93%E5%B9%B8%E7%A6%8F%E9%8D%8B%E7%89%A9+%E5%8F%B0%E5%8C%97%E5%8D%97%E4%BA%AC%E4%B8%80%E5%BA%97/data=!4m7!3m6!1s0x3442a9666e9f721d:0x8aefbd57ef6d5d45!8m2!3d25.0518598!4d121.5273867!16s%2Fg%2F11b7cqtsy0!19sChIJHXKfbmapQjQRRV1t71e974o?authuser=0&hl=zh-TW&rclk=1,0x3442a9666e9f721d:0x8aefbd57ef6d5d45
2120,cho roger,4,3 年前,,2022-11-21,https://www.google.com.tw/maps/place/%E7%AF%89%E9%96%93%E5%B9%B8%E7%A6%8F%E9%8D%8B%E7%89%A9+%E5%8F%B0%E5%8C%97%E5%8D%97%E4%BA%AC%E4%B8%80%E5%BA%97/data=!4m7!3m6!1s0x3442a9666e9f721d:0x8aefbd57ef6d5d45!8m2!3d25.0518598!4d121.5273867!16s%2Fg%2F11b7cqtsy0!19sChIJHXKfbmapQjQRRV1t71e974o?authuser=0&hl=zh-TW&rclk=1,0x3442a9666e9f721d:0x8aefbd57ef6d5d45
2121,藍眼睛,5,3 年前,"價錢取決於主餐(肉或海鮮  
不論菜盤或肉盤份量都很夠  
麻辣湯頭要另外加錢  
湯頭比起很多連鎖麻辣火鍋店都還要好

",2022-11-21,https://www.google.com.tw/maps/place/%E7%AF%89%E9%96%93%E5%B9%B8%E7%A6%8F%E9%8D%8B%E7%89%A9+%E5%8F%B0%E5%8C%97%E5%8D%97%E4%BA%AC%E4%B8%80%E5%BA%97/data=!4m7!3m6!1s0x3442a9666e9f721d:0x8aefbd57ef6d5d45!8m2!3d25.0518598!4d121.5273867!16s%2Fg%2F11b7cqtsy0!19sChIJHXKfbmapQjQRRV1t71e974o?authuser=0&hl=zh-TW&rclk=1,0x3442a9666e9f721d:0x8aefbd57ef6d5d45
2122,Emily Cheng,4,3 年前,"牛奶鍋好好吃～～～個人覺得比加分的濃郁！用兌換券換的肉盤跟鮮蚵份量都滿多的 南京店的服務員比忠孝店的親切很多 加湯也加的很勤 ！

",2022-11-21,https://www.google.com.tw/maps/place/%E7%AF%89%E9%96%93%E5%B9%B8%E7%A6%8F%E9%8D%8B%E7%89%A9+%E5%8F%B0%E5%8C%97%E5%8D%97%E4%BA%AC%E4%B8%80%E5%BA%97/data=!4m7!3m6!1s0x3442a9666e9f721d:0x8aefbd57ef6d5d45!8m2!3d25.0518598!4d121.5273867!16s%2Fg%2F11b7cqtsy0!19sChIJHXKfbmapQjQRRV1t71e974o?authuser=0&hl=zh-TW&rclk=1,0x3442a9666e9f721d:0x8aefbd57ef6d5d45
2123,Hsitai Wang,3,3 年前,,2022-11-21,https://www.google.com.tw/maps/place/%E7%AF%89%E9%96%93%E5%B9%B8%E7%A6%8F%E9%8D%8B%E7%89%A9+%E5%8F%B0%E5%8C%97%E5%8D%97%E4%BA%AC%E4%B8%80%E5%BA%97/data=!4m7!3m6!1s0x3442a9666e9f721d:0x8aefbd57ef6d5d45!8m2!3d25.0518598!4d121.5273867!16s%2Fg%2F11b7cqtsy0!19sChIJHXKfbmapQjQRRV1t71e974o?authuser=0&hl=zh-TW&rclk=1,0x3442a9666e9f721d:0x8aefbd57ef6d5d45
2124,Jess,4,3 年前,"最常光顧的一家火鍋店，每次消費必點的小肥牛是我的心頭好，截至目前為止，用餐時間人潮多，最好事先訂位，如果不想要等，建議盡量避開用餐時間來吃，醬料區多樣化，明治冰淇淋口味很多，菜盤份量也不少，中等價位絕對可以讓你吃飽喝足。用餐完買單時還會送你一張贈送券，贈送券贈送的肉品份量一點都不小氣，果然是誠意十足的店家，是會讓人一直想要來吃的火鍋店。

",2022-11-21,https://www.google.com.tw/maps/place/%E7%AF%89%E9%96%93%E5%B9%B8%E7%A6%8F%E9%8D%8B%E7%89%A9+%E5%8F%B0%E5%8C%97%E5%8D%97%E4%BA%AC%E4%B8%80%E5%BA%97/data=!4m7!3m6!1s0x3442a9666e9f721d:0x8aefbd57ef6d5d45!8m2!3d25.0518598!4d121.5273867!16s%2Fg%2F11b7cqtsy0!19sChIJHXKfbmapQjQRRV1t71e974o?authuser=0&hl=zh-TW&rclk=1,0x3442a9666e9f721d:0x8aefbd57ef6d5d45
2125,朱公成,5,3 年前,"餐點美味 ，服務好。

",2022-11-21,https://www.google.com.tw/maps/place/%E7%AF%89%E9%96%93%E5%B9%B8%E7%A6%8F%E9%8D%8B%E7%89%A9+%E5%8F%B0%E5%8C%97%E5%8D%97%E4%BA%AC%E4%B8%80%E5%BA%97/data=!4m7!3m6!1s0x3442a9666e9f721d:0x8aefbd57ef6d5d45!8m2!3d25.0518598!4d121.5273867!16s%2Fg%2F11b7cqtsy0!19sChIJHXKfbmapQjQRRV1t71e974o?authuser=0&hl=zh-TW&rclk=1,0x3442a9666e9f721d:0x8aefbd57ef6d5d45
2126,Yu Han,4,3 年前,,2022-11-21,https://www.google.com.tw/maps/place/%E7%AF%89%E9%96%93%E5%B9%B8%E7%A6%8F%E9%8D%8B%E7%89%A9+%E5%8F%B0%E5%8C%97%E5%8D%97%E4%BA%AC%E4%B8%80%E5%BA%97/data=!4m7!3m6!1s0x3442a9666e9f721d:0x8aefbd57ef6d5d45!8m2!3d25.0518598!4d121.5273867!16s%2Fg%2F11b7cqtsy0!19sChIJHXKfbmapQjQRRV1t71e974o?authuser=0&hl=zh-TW&rclk=1,0x3442a9666e9f721d:0x8aefbd57ef6d5d45
2127,王麗玲,3,3 年前,,2022-11-21,https://www.google.com.tw/maps/place/%E7%AF%89%E9%96%93%E5%B9%B8%E7%A6%8F%E9%8D%8B%E7%89%A9+%E5%8F%B0%E5%8C%97%E5%8D%97%E4%BA%AC%E4%B8%80%E5%BA%97/data=!4m7!3m6!1s0x3442a9666e9f721d:0x8aefbd57ef6d5d45!8m2!3d25.0518598!4d121.5273867!16s%2Fg%2F11b7cqtsy0!19sChIJHXKfbmapQjQRRV1t71e974o?authuser=0&hl=zh-TW&rclk=1,0x3442a9666e9f721d:0x8aefbd57ef6d5d45
2128,Dennis Hsu,4,3 年前,,2022-11-21,https://www.google.com.tw/maps/place/%E7%AF%89%E9%96%93%E5%B9%B8%E7%A6%8F%E9%8D%8B%E7%89%A9+%E5%8F%B0%E5%8C%97%E5%8D%97%E4%BA%AC%E4%B8%80%E5%BA%97/data=!4m7!3m6!1s0x3442a9666e9f721d:0x8aefbd57ef6d5d45!8m2!3d25.0518598!4d121.5273867!16s%2Fg%2F11b7cqtsy0!19sChIJHXKfbmapQjQRRV1t71e974o?authuser=0&hl=zh-TW&rclk=1,0x3442a9666e9f721d:0x8aefbd57ef6d5d45
2129,22王信夫,4,3 年前,"好吃，服務可以

",2022-11-21,https://www.google.com.tw/maps/place/%E7%AF%89%E9%96%93%E5%B9%B8%E7%A6%8F%E9%8D%8B%E7%89%A9+%E5%8F%B0%E5%8C%97%E5%8D%97%E4%BA%AC%E4%B8%80%E5%BA%97/data=!4m7!3m6!1s0x3442a9666e9f721d:0x8aefbd57ef6d5d45!8m2!3d25.0518598!4d121.5273867!16s%2Fg%2F11b7cqtsy0!19sChIJHXKfbmapQjQRRV1t71e974o?authuser=0&hl=zh-TW&rclk=1,0x3442a9666e9f721d:0x8aefbd57ef6d5d45
2130,翁世真,4,3 年前,,2022-11-21,https://www.google.com.tw/maps/place/%E7%AF%89%E9%96%93%E5%B9%B8%E7%A6%8F%E9%8D%8B%E7%89%A9+%E5%8F%B0%E5%8C%97%E5%8D%97%E4%BA%AC%E4%B8%80%E5%BA%97/data=!4m7!3m6!1s0x3442a9666e9f721d:0x8aefbd57ef6d5d45!8m2!3d25.0518598!4d121.5273867!16s%2Fg%2F11b7cqtsy0!19sChIJHXKfbmapQjQRRV1t71e974o?authuser=0&hl=zh-TW&rclk=1,0x3442a9666e9f721d:0x8aefbd57ef6d5d45
2131,Hao-Hsuan Wu (chrisusax),5,3 年前,,2022-11-21,https://www.google.com.tw/maps/place/%E7%AF%89%E9%96%93%E5%B9%B8%E7%A6%8F%E9%8D%8B%E7%89%A9+%E5%8F%B0%E5%8C%97%E5%8D%97%E4%BA%AC%E4%B8%80%E5%BA%97/data=!4m7!3m6!1s0x3442a9666e9f721d:0x8aefbd57ef6d5d45!8m2!3d25.0518598!4d121.5273867!16s%2Fg%2F11b7cqtsy0!19sChIJHXKfbmapQjQRRV1t71e974o?authuser=0&hl=zh-TW&rclk=1,0x3442a9666e9f721d:0x8aefbd57ef6d5d45
2132,趙敏君,5,3 年前,"餐點好吃，環境舒適 讚！

",2022-11-21,https://www.google.com.tw/maps/place/%E7%AF%89%E9%96%93%E5%B9%B8%E7%A6%8F%E9%8D%8B%E7%89%A9+%E5%8F%B0%E5%8C%97%E5%8D%97%E4%BA%AC%E4%B8%80%E5%BA%97/data=!4m7!3m6!1s0x3442a9666e9f721d:0x8aefbd57ef6d5d45!8m2!3d25.0518598!4d121.5273867!16s%2Fg%2F11b7cqtsy0!19sChIJHXKfbmapQjQRRV1t71e974o?authuser=0&hl=zh-TW&rclk=1,0x3442a9666e9f721d:0x8aefbd57ef6d5d45
2133,葉人槐,4,3 年前,,2022-11-21,https://www.google.com.tw/maps/place/%E7%AF%89%E9%96%93%E5%B9%B8%E7%A6%8F%E9%8D%8B%E7%89%A9+%E5%8F%B0%E5%8C%97%E5%8D%97%E4%BA%AC%E4%B8%80%E5%BA%97/data=!4m7!3m6!1s0x3442a9666e9f721d:0x8aefbd57ef6d5d45!8m2!3d25.0518598!4d121.5273867!16s%2Fg%2F11b7cqtsy0!19sChIJHXKfbmapQjQRRV1t71e974o?authuser=0&hl=zh-TW&rclk=1,0x3442a9666e9f721d:0x8aefbd57ef6d5d45
2134,黃彥鈞,4,3 年前,"用餐環境很棒 服務周到 食物cp值高

",2022-11-21,https://www.google.com.tw/maps/place/%E7%AF%89%E9%96%93%E5%B9%B8%E7%A6%8F%E9%8D%8B%E7%89%A9+%E5%8F%B0%E5%8C%97%E5%8D%97%E4%BA%AC%E4%B8%80%E5%BA%97/data=!4m7!3m6!1s0x3442a9666e9f721d:0x8aefbd57ef6d5d45!8m2!3d25.0518598!4d121.5273867!16s%2Fg%2F11b7cqtsy0!19sChIJHXKfbmapQjQRRV1t71e974o?authuser=0&hl=zh-TW&rclk=1,0x3442a9666e9f721d:0x8aefbd57ef6d5d45
2135,Shih,3,3 年前,"覺得火鍋普普 而且價格偏高·····  
但醬料跟冰淇淋不錯

",2022-11-21,https://www.google.com.tw/maps/place/%E7%AF%89%E9%96%93%E5%B9%B8%E7%A6%8F%E9%8D%8B%E7%89%A9+%E5%8F%B0%E5%8C%97%E5%8D%97%E4%BA%AC%E4%B8%80%E5%BA%97/data=!4m7!3m6!1s0x3442a9666e9f721d:0x8aefbd57ef6d5d45!8m2!3d25.0518598!4d121.5273867!16s%2Fg%2F11b7cqtsy0!19sChIJHXKfbmapQjQRRV1t71e974o?authuser=0&hl=zh-TW&rclk=1,0x3442a9666e9f721d:0x8aefbd57ef6d5d45
2136,Wei,5,3 年前,,2022-11-21,https://www.google.com.tw/maps/place/%E7%AF%89%E9%96%93%E5%B9%B8%E7%A6%8F%E9%8D%8B%E7%89%A9+%E5%8F%B0%E5%8C%97%E5%8D%97%E4%BA%AC%E4%B8%80%E5%BA%97/data=!4m7!3m6!1s0x3442a9666e9f721d:0x8aefbd57ef6d5d45!8m2!3d25.0518598!4d121.5273867!16s%2Fg%2F11b7cqtsy0!19sChIJHXKfbmapQjQRRV1t71e974o?authuser=0&hl=zh-TW&rclk=1,0x3442a9666e9f721d:0x8aefbd57ef6d5d45
2137,吳純美,4,3 年前,"料好材料多

",2022-11-21,https://www.google.com.tw/maps/place/%E7%AF%89%E9%96%93%E5%B9%B8%E7%A6%8F%E9%8D%8B%E7%89%A9+%E5%8F%B0%E5%8C%97%E5%8D%97%E4%BA%AC%E4%B8%80%E5%BA%97/data=!4m7!3m6!1s0x3442a9666e9f721d:0x8aefbd57ef6d5d45!8m2!3d25.0518598!4d121.5273867!16s%2Fg%2F11b7cqtsy0!19sChIJHXKfbmapQjQRRV1t71e974o?authuser=0&hl=zh-TW&rclk=1,0x3442a9666e9f721d:0x8aefbd57ef6d5d45
2138,BANDO belt pimp冨田 広三,5,3 年前,,2022-11-21,https://www.google.com.tw/maps/place/%E7%AF%89%E9%96%93%E5%B9%B8%E7%A6%8F%E9%8D%8B%E7%89%A9+%E5%8F%B0%E5%8C%97%E5%8D%97%E4%BA%AC%E4%B8%80%E5%BA%97/data=!4m7!3m6!1s0x3442a9666e9f721d:0x8aefbd57ef6d5d45!8m2!3d25.0518598!4d121.5273867!16s%2Fg%2F11b7cqtsy0!19sChIJHXKfbmapQjQRRV1t71e974o?authuser=0&hl=zh-TW&rclk=1,0x3442a9666e9f721d:0x8aefbd57ef6d5d45
2139,Victoria,4,3 年前,,2022-11-21,https://www.google.com.tw/maps/place/%E7%AF%89%E9%96%93%E5%B9%B8%E7%A6%8F%E9%8D%8B%E7%89%A9+%E5%8F%B0%E5%8C%97%E5%8D%97%E4%BA%AC%E4%B8%80%E5%BA%97/data=!4m7!3m6!1s0x3442a9666e9f721d:0x8aefbd57ef6d5d45!8m2!3d25.0518598!4d121.5273867!16s%2Fg%2F11b7cqtsy0!19sChIJHXKfbmapQjQRRV1t71e974o?authuser=0&hl=zh-TW&rclk=1,0x3442a9666e9f721d:0x8aefbd57ef6d5d45
2140,劉阿森,5,3 年前,"很好

",2022-11-21,https://www.google.com.tw/maps/place/%E7%AF%89%E9%96%93%E5%B9%B8%E7%A6%8F%E9%8D%8B%E7%89%A9+%E5%8F%B0%E5%8C%97%E5%8D%97%E4%BA%AC%E4%B8%80%E5%BA%97/data=!4m7!3m6!1s0x3442a9666e9f721d:0x8aefbd57ef6d5d45!8m2!3d25.0518598!4d121.5273867!16s%2Fg%2F11b7cqtsy0!19sChIJHXKfbmapQjQRRV1t71e974o?authuser=0&hl=zh-TW&rclk=1,0x3442a9666e9f721d:0x8aefbd57ef6d5d45
2141,Daryl Cheng,3,3 年前,"裝潢不錯，但價格都偏高，東西量普通，沒有驚艷的點，有點可惜，飲料吧選擇只有兩種稍微少了一些⋯冰淇淋還不錯吃⋯

",2022-11-21,https://www.google.com.tw/maps/place/%E7%AF%89%E9%96%93%E5%B9%B8%E7%A6%8F%E9%8D%8B%E7%89%A9+%E5%8F%B0%E5%8C%97%E5%8D%97%E4%BA%AC%E4%B8%80%E5%BA%97/data=!4m7!3m6!1s0x3442a9666e9f721d:0x8aefbd57ef6d5d45!8m2!3d25.0518598!4d121.5273867!16s%2Fg%2F11b7cqtsy0!19sChIJHXKfbmapQjQRRV1t71e974o?authuser=0&hl=zh-TW&rclk=1,0x3442a9666e9f721d:0x8aefbd57ef6d5d45
2142,25672222,3,3 年前,"一般般。

",2022-11-21,https://www.google.com.tw/maps/place/%E7%AF%89%E9%96%93%E5%B9%B8%E7%A6%8F%E9%8D%8B%E7%89%A9+%E5%8F%B0%E5%8C%97%E5%8D%97%E4%BA%AC%E4%B8%80%E5%BA%97/data=!4m7!3m6!1s0x3442a9666e9f721d:0x8aefbd57ef6d5d45!8m2!3d25.0518598!4d121.5273867!16s%2Fg%2F11b7cqtsy0!19sChIJHXKfbmapQjQRRV1t71e974o?authuser=0&hl=zh-TW&rclk=1,0x3442a9666e9f721d:0x8aefbd57ef6d5d45
2143,Cindy Weng,4,3 年前,"份量滿夠的，不錯cp值高

",2022-11-21,https://www.google.com.tw/maps/place/%E7%AF%89%E9%96%93%E5%B9%B8%E7%A6%8F%E9%8D%8B%E7%89%A9+%E5%8F%B0%E5%8C%97%E5%8D%97%E4%BA%AC%E4%B8%80%E5%BA%97/data=!4m7!3m6!1s0x3442a9666e9f721d:0x8aefbd57ef6d5d45!8m2!3d25.0518598!4d121.5273867!16s%2Fg%2F11b7cqtsy0!19sChIJHXKfbmapQjQRRV1t71e974o?authuser=0&hl=zh-TW&rclk=1,0x3442a9666e9f721d:0x8aefbd57ef6d5d45
2144,xixi zeng,4,3 年前,"還可以

",2022-11-21,https://www.google.com.tw/maps/place/%E7%AF%89%E9%96%93%E5%B9%B8%E7%A6%8F%E9%8D%8B%E7%89%A9+%E5%8F%B0%E5%8C%97%E5%8D%97%E4%BA%AC%E4%B8%80%E5%BA%97/data=!4m7!3m6!1s0x3442a9666e9f721d:0x8aefbd57ef6d5d45!8m2!3d25.0518598!4d121.5273867!16s%2Fg%2F11b7cqtsy0!19sChIJHXKfbmapQjQRRV1t71e974o?authuser=0&hl=zh-TW&rclk=1,0x3442a9666e9f721d:0x8aefbd57ef6d5d45
2145,我是歡樂世界麥哥,4,3 年前,"不錯……

",2022-11-21,https://www.google.com.tw/maps/place/%E7%AF%89%E9%96%93%E5%B9%B8%E7%A6%8F%E9%8D%8B%E7%89%A9+%E5%8F%B0%E5%8C%97%E5%8D%97%E4%BA%AC%E4%B8%80%E5%BA%97/data=!4m7!3m6!1s0x3442a9666e9f721d:0x8aefbd57ef6d5d45!8m2!3d25.0518598!4d121.5273867!16s%2Fg%2F11b7cqtsy0!19sChIJHXKfbmapQjQRRV1t71e974o?authuser=0&hl=zh-TW&rclk=1,0x3442a9666e9f721d:0x8aefbd57ef6d5d45
2146,陳啓榮,5,3 年前,"便宜又大碗

",2022-11-21,https://www.google.com.tw/maps/place/%E7%AF%89%E9%96%93%E5%B9%B8%E7%A6%8F%E9%8D%8B%E7%89%A9+%E5%8F%B0%E5%8C%97%E5%8D%97%E4%BA%AC%E4%B8%80%E5%BA%97/data=!4m7!3m6!1s0x3442a9666e9f721d:0x8aefbd57ef6d5d45!8m2!3d25.0518598!4d121.5273867!16s%2Fg%2F11b7cqtsy0!19sChIJHXKfbmapQjQRRV1t71e974o?authuser=0&hl=zh-TW&rclk=1,0x3442a9666e9f721d:0x8aefbd57ef6d5d45
2147,Eva Lai,4,3 年前,"價格300-600不等，300的雞腿排鍋CP值不錯，主餐除了一隻雞腿排還有鯛魚片

",2022-11-21,https://www.google.com.tw/maps/place/%E7%AF%89%E9%96%93%E5%B9%B8%E7%A6%8F%E9%8D%8B%E7%89%A9+%E5%8F%B0%E5%8C%97%E5%8D%97%E4%BA%AC%E4%B8%80%E5%BA%97/data=!4m7!3m6!1s0x3442a9666e9f721d:0x8aefbd57ef6d5d45!8m2!3d25.0518598!4d121.5273867!16s%2Fg%2F11b7cqtsy0!19sChIJHXKfbmapQjQRRV1t71e974o?authuser=0&hl=zh-TW&rclk=1,0x3442a9666e9f721d:0x8aefbd57ef6d5d45
2148,動感超人,1,3 年前,"第一次來不吃菜盤可以更換成小盤的肉  
開心來第二次卻不行

",2022-11-21,https://www.google.com.tw/maps/place/%E7%AF%89%E9%96%93%E5%B9%B8%E7%A6%8F%E9%8D%8B%E7%89%A9+%E5%8F%B0%E5%8C%97%E5%8D%97%E4%BA%AC%E4%B8%80%E5%BA%97/data=!4m7!3m6!1s0x3442a9666e9f721d:0x8aefbd57ef6d5d45!8m2!3d25.0518598!4d121.5273867!16s%2Fg%2F11b7cqtsy0!19sChIJHXKfbmapQjQRRV1t71e974o?authuser=0&hl=zh-TW&rclk=1,0x3442a9666e9f721d:0x8aefbd57ef6d5d45
2149,Xuan Chaing,5,3 年前,,2022-11-21,https://www.google.com.tw/maps/place/%E7%AF%89%E9%96%93%E5%B9%B8%E7%A6%8F%E9%8D%8B%E7%89%A9+%E5%8F%B0%E5%8C%97%E5%8D%97%E4%BA%AC%E4%B8%80%E5%BA%97/data=!4m7!3m6!1s0x3442a9666e9f721d:0x8aefbd57ef6d5d45!8m2!3d25.0518598!4d121.5273867!16s%2Fg%2F11b7cqtsy0!19sChIJHXKfbmapQjQRRV1t71e974o?authuser=0&hl=zh-TW&rclk=1,0x3442a9666e9f721d:0x8aefbd57ef6d5d45
2150,Denny Chiang,4,3 年前,"環境好 適合天冷下班後跟朋友小聚 要提前訂位 價格不算便宜

",2022-11-21,https://www.google.com.tw/maps/place/%E7%AF%89%E9%96%93%E5%B9%B8%E7%A6%8F%E9%8D%8B%E7%89%A9+%E5%8F%B0%E5%8C%97%E5%8D%97%E4%BA%AC%E4%B8%80%E5%BA%97/data=!4m7!3m6!1s0x3442a9666e9f721d:0x8aefbd57ef6d5d45!8m2!3d25.0518598!4d121.5273867!16s%2Fg%2F11b7cqtsy0!19sChIJHXKfbmapQjQRRV1t71e974o?authuser=0&hl=zh-TW&rclk=1,0x3442a9666e9f721d:0x8aefbd57ef6d5d45
2151,Chang William,4,3 年前,,2022-11-21,https://www.google.com.tw/maps/place/%E7%AF%89%E9%96%93%E5%B9%B8%E7%A6%8F%E9%8D%8B%E7%89%A9+%E5%8F%B0%E5%8C%97%E5%8D%97%E4%BA%AC%E4%B8%80%E5%BA%97/data=!4m7!3m6!1s0x3442a9666e9f721d:0x8aefbd57ef6d5d45!8m2!3d25.0518598!4d121.5273867!16s%2Fg%2F11b7cqtsy0!19sChIJHXKfbmapQjQRRV1t71e974o?authuser=0&hl=zh-TW&rclk=1,0x3442a9666e9f721d:0x8aefbd57ef6d5d45
2152,米奇麻麻,4,3 年前,,2022-11-21,https://www.google.com.tw/maps/place/%E7%AF%89%E9%96%93%E5%B9%B8%E7%A6%8F%E9%8D%8B%E7%89%A9+%E5%8F%B0%E5%8C%97%E5%8D%97%E4%BA%AC%E4%B8%80%E5%BA%97/data=!4m7!3m6!1s0x3442a9666e9f721d:0x8aefbd57ef6d5d45!8m2!3d25.0518598!4d121.5273867!16s%2Fg%2F11b7cqtsy0!19sChIJHXKfbmapQjQRRV1t71e974o?authuser=0&hl=zh-TW&rclk=1,0x3442a9666e9f721d:0x8aefbd57ef6d5d45
2153,陳佳佑,4,3 年前,,2022-11-21,https://www.google.com.tw/maps/place/%E7%AF%89%E9%96%93%E5%B9%B8%E7%A6%8F%E9%8D%8B%E7%89%A9+%E5%8F%B0%E5%8C%97%E5%8D%97%E4%BA%AC%E4%B8%80%E5%BA%97/data=!4m7!3m6!1s0x3442a9666e9f721d:0x8aefbd57ef6d5d45!8m2!3d25.0518598!4d121.5273867!16s%2Fg%2F11b7cqtsy0!19sChIJHXKfbmapQjQRRV1t71e974o?authuser=0&hl=zh-TW&rclk=1,0x3442a9666e9f721d:0x8aefbd57ef6d5d45
2154,晶晶,5,3 年前,"晚上用餐時外場只有兩個人，現場客人也不少所以入座前有等了一下子，雖然湯不小心灑到外套，但店員們的處理態度非常好！一開始遞了濕紙巾後來也送了一盤肉品當招待，辛苦店員們了！謝謝

",2022-11-21,https://www.google.com.tw/maps/place/%E7%AF%89%E9%96%93%E5%B9%B8%E7%A6%8F%E9%8D%8B%E7%89%A9+%E5%8F%B0%E5%8C%97%E5%8D%97%E4%BA%AC%E4%B8%80%E5%BA%97/data=!4m7!3m6!1s0x3442a9666e9f721d:0x8aefbd57ef6d5d45!8m2!3d25.0518598!4d121.5273867!16s%2Fg%2F11b7cqtsy0!19sChIJHXKfbmapQjQRRV1t71e974o?authuser=0&hl=zh-TW&rclk=1,0x3442a9666e9f721d:0x8aefbd57ef6d5d45
2155,Raku Lin,4,3 年前,"肉好吃，海鮮也新鮮

",2022-11-21,https://www.google.com.tw/maps/place/%E7%AF%89%E9%96%93%E5%B9%B8%E7%A6%8F%E9%8D%8B%E7%89%A9+%E5%8F%B0%E5%8C%97%E5%8D%97%E4%BA%AC%E4%B8%80%E5%BA%97/data=!4m7!3m6!1s0x3442a9666e9f721d:0x8aefbd57ef6d5d45!8m2!3d25.0518598!4d121.5273867!16s%2Fg%2F11b7cqtsy0!19sChIJHXKfbmapQjQRRV1t71e974o?authuser=0&hl=zh-TW&rclk=1,0x3442a9666e9f721d:0x8aefbd57ef6d5d45
2156,葉佳嘉,4,3 年前,,2022-11-21,https://www.google.com.tw/maps/place/%E7%AF%89%E9%96%93%E5%B9%B8%E7%A6%8F%E9%8D%8B%E7%89%A9+%E5%8F%B0%E5%8C%97%E5%8D%97%E4%BA%AC%E4%B8%80%E5%BA%97/data=!4m7!3m6!1s0x3442a9666e9f721d:0x8aefbd57ef6d5d45!8m2!3d25.0518598!4d121.5273867!16s%2Fg%2F11b7cqtsy0!19sChIJHXKfbmapQjQRRV1t71e974o?authuser=0&hl=zh-TW&rclk=1,0x3442a9666e9f721d:0x8aefbd57ef6d5d45
2157,徐嘉昇,4,3 年前,"百吃不厭

",2022-11-21,https://www.google.com.tw/maps/place/%E7%AF%89%E9%96%93%E5%B9%B8%E7%A6%8F%E9%8D%8B%E7%89%A9+%E5%8F%B0%E5%8C%97%E5%8D%97%E4%BA%AC%E4%B8%80%E5%BA%97/data=!4m7!3m6!1s0x3442a9666e9f721d:0x8aefbd57ef6d5d45!8m2!3d25.0518598!4d121.5273867!16s%2Fg%2F11b7cqtsy0!19sChIJHXKfbmapQjQRRV1t71e974o?authuser=0&hl=zh-TW&rclk=1,0x3442a9666e9f721d:0x8aefbd57ef6d5d45
2158,N.,4,3 年前,"有meji冰淇淋

",2022-11-21,https://www.google.com.tw/maps/place/%E7%AF%89%E9%96%93%E5%B9%B8%E7%A6%8F%E9%8D%8B%E7%89%A9+%E5%8F%B0%E5%8C%97%E5%8D%97%E4%BA%AC%E4%B8%80%E5%BA%97/data=!4m7!3m6!1s0x3442a9666e9f721d:0x8aefbd57ef6d5d45!8m2!3d25.0518598!4d121.5273867!16s%2Fg%2F11b7cqtsy0!19sChIJHXKfbmapQjQRRV1t71e974o?authuser=0&hl=zh-TW&rclk=1,0x3442a9666e9f721d:0x8aefbd57ef6d5d45
2159,SX L,2,3 年前,,2022-11-21,https://www.google.com.tw/maps/place/%E7%AF%89%E9%96%93%E5%B9%B8%E7%A6%8F%E9%8D%8B%E7%89%A9+%E5%8F%B0%E5%8C%97%E5%8D%97%E4%BA%AC%E4%B8%80%E5%BA%97/data=!4m7!3m6!1s0x3442a9666e9f721d:0x8aefbd57ef6d5d45!8m2!3d25.0518598!4d121.5273867!16s%2Fg%2F11b7cqtsy0!19sChIJHXKfbmapQjQRRV1t71e974o?authuser=0&hl=zh-TW&rclk=1,0x3442a9666e9f721d:0x8aefbd57ef6d5d45
2160,蔡昀佑,4,3 年前,,2022-11-21,https://www.google.com.tw/maps/place/%E7%AF%89%E9%96%93%E5%B9%B8%E7%A6%8F%E9%8D%8B%E7%89%A9+%E5%8F%B0%E5%8C%97%E5%8D%97%E4%BA%AC%E4%B8%80%E5%BA%97/data=!4m7!3m6!1s0x3442a9666e9f721d:0x8aefbd57ef6d5d45!8m2!3d25.0518598!4d121.5273867!16s%2Fg%2F11b7cqtsy0!19sChIJHXKfbmapQjQRRV1t71e974o?authuser=0&hl=zh-TW&rclk=1,0x3442a9666e9f721d:0x8aefbd57ef6d5d45
2161,Reality Chang,5,3 年前,"湯底佳 肉質好 還有明治冰淇淋

",2022-11-21,https://www.google.com.tw/maps/place/%E7%AF%89%E9%96%93%E5%B9%B8%E7%A6%8F%E9%8D%8B%E7%89%A9+%E5%8F%B0%E5%8C%97%E5%8D%97%E4%BA%AC%E4%B8%80%E5%BA%97/data=!4m7!3m6!1s0x3442a9666e9f721d:0x8aefbd57ef6d5d45!8m2!3d25.0518598!4d121.5273867!16s%2Fg%2F11b7cqtsy0!19sChIJHXKfbmapQjQRRV1t71e974o?authuser=0&hl=zh-TW&rclk=1,0x3442a9666e9f721d:0x8aefbd57ef6d5d45
2162,Nathalie Hsu,2,3 年前,,2022-11-21,https://www.google.com.tw/maps/place/%E7%AF%89%E9%96%93%E5%B9%B8%E7%A6%8F%E9%8D%8B%E7%89%A9+%E5%8F%B0%E5%8C%97%E5%8D%97%E4%BA%AC%E4%B8%80%E5%BA%97/data=!4m7!3m6!1s0x3442a9666e9f721d:0x8aefbd57ef6d5d45!8m2!3d25.0518598!4d121.5273867!16s%2Fg%2F11b7cqtsy0!19sChIJHXKfbmapQjQRRV1t71e974o?authuser=0&hl=zh-TW&rclk=1,0x3442a9666e9f721d:0x8aefbd57ef6d5d45
2163,TY T,5,3 年前,,2022-11-21,https://www.google.com.tw/maps/place/%E7%AF%89%E9%96%93%E5%B9%B8%E7%A6%8F%E9%8D%8B%E7%89%A9+%E5%8F%B0%E5%8C%97%E5%8D%97%E4%BA%AC%E4%B8%80%E5%BA%97/data=!4m7!3m6!1s0x3442a9666e9f721d:0x8aefbd57ef6d5d45!8m2!3d25.0518598!4d121.5273867!16s%2Fg%2F11b7cqtsy0!19sChIJHXKfbmapQjQRRV1t71e974o?authuser=0&hl=zh-TW&rclk=1,0x3442a9666e9f721d:0x8aefbd57ef6d5d45
2164,陳巧婷,5,3 年前,"服務好cp值高，湯頭不錯，海鮮新鮮

",2022-11-21,https://www.google.com.tw/maps/place/%E7%AF%89%E9%96%93%E5%B9%B8%E7%A6%8F%E9%8D%8B%E7%89%A9+%E5%8F%B0%E5%8C%97%E5%8D%97%E4%BA%AC%E4%B8%80%E5%BA%97/data=!4m7!3m6!1s0x3442a9666e9f721d:0x8aefbd57ef6d5d45!8m2!3d25.0518598!4d121.5273867!16s%2Fg%2F11b7cqtsy0!19sChIJHXKfbmapQjQRRV1t71e974o?authuser=0&hl=zh-TW&rclk=1,0x3442a9666e9f721d:0x8aefbd57ef6d5d45
2165,振偉吳,4,3 年前,,2022-11-21,https://www.google.com.tw/maps/place/%E7%AF%89%E9%96%93%E5%B9%B8%E7%A6%8F%E9%8D%8B%E7%89%A9+%E5%8F%B0%E5%8C%97%E5%8D%97%E4%BA%AC%E4%B8%80%E5%BA%97/data=!4m7!3m6!1s0x3442a9666e9f721d:0x8aefbd57ef6d5d45!8m2!3d25.0518598!4d121.5273867!16s%2Fg%2F11b7cqtsy0!19sChIJHXKfbmapQjQRRV1t71e974o?authuser=0&hl=zh-TW&rclk=1,0x3442a9666e9f721d:0x8aefbd57ef6d5d45
2166,王鬱艼,5,3 年前,"(由 Google 提供翻譯) 提供新鮮的食材。很大一部分。  
  
(原始評論)  
provides the fresh ingredients. large portions.

",2022-11-21,https://www.google.com.tw/maps/place/%E7%AF%89%E9%96%93%E5%B9%B8%E7%A6%8F%E9%8D%8B%E7%89%A9+%E5%8F%B0%E5%8C%97%E5%8D%97%E4%BA%AC%E4%B8%80%E5%BA%97/data=!4m7!3m6!1s0x3442a9666e9f721d:0x8aefbd57ef6d5d45!8m2!3d25.0518598!4d121.5273867!16s%2Fg%2F11b7cqtsy0!19sChIJHXKfbmapQjQRRV1t71e974o?authuser=0&hl=zh-TW&rclk=1,0x3442a9666e9f721d:0x8aefbd57ef6d5d45
2167,ei M,3,3 年前,"消費不便宜，整體還好

",2022-11-21,https://www.google.com.tw/maps/place/%E7%AF%89%E9%96%93%E5%B9%B8%E7%A6%8F%E9%8D%8B%E7%89%A9+%E5%8F%B0%E5%8C%97%E5%8D%97%E4%BA%AC%E4%B8%80%E5%BA%97/data=!4m7!3m6!1s0x3442a9666e9f721d:0x8aefbd57ef6d5d45!8m2!3d25.0518598!4d121.5273867!16s%2Fg%2F11b7cqtsy0!19sChIJHXKfbmapQjQRRV1t71e974o?authuser=0&hl=zh-TW&rclk=1,0x3442a9666e9f721d:0x8aefbd57ef6d5d45
2168,Wendy Pai,4,3 年前,,2022-11-21,https://www.google.com.tw/maps/place/%E7%AF%89%E9%96%93%E5%B9%B8%E7%A6%8F%E9%8D%8B%E7%89%A9+%E5%8F%B0%E5%8C%97%E5%8D%97%E4%BA%AC%E4%B8%80%E5%BA%97/data=!4m7!3m6!1s0x3442a9666e9f721d:0x8aefbd57ef6d5d45!8m2!3d25.0518598!4d121.5273867!16s%2Fg%2F11b7cqtsy0!19sChIJHXKfbmapQjQRRV1t71e974o?authuser=0&hl=zh-TW&rclk=1,0x3442a9666e9f721d:0x8aefbd57ef6d5d45
2169,Maruko チン.C,4,3 年前,"推 牛B沾醬

",2022-11-21,https://www.google.com.tw/maps/place/%E7%AF%89%E9%96%93%E5%B9%B8%E7%A6%8F%E9%8D%8B%E7%89%A9+%E5%8F%B0%E5%8C%97%E5%8D%97%E4%BA%AC%E4%B8%80%E5%BA%97/data=!4m7!3m6!1s0x3442a9666e9f721d:0x8aefbd57ef6d5d45!8m2!3d25.0518598!4d121.5273867!16s%2Fg%2F11b7cqtsy0!19sChIJHXKfbmapQjQRRV1t71e974o?authuser=0&hl=zh-TW&rclk=1,0x3442a9666e9f721d:0x8aefbd57ef6d5d45
2170,GangChu Lin,4,3 年前,"滿好吃的鍋物料理

",2022-11-21,https://www.google.com.tw/maps/place/%E7%AF%89%E9%96%93%E5%B9%B8%E7%A6%8F%E9%8D%8B%E7%89%A9+%E5%8F%B0%E5%8C%97%E5%8D%97%E4%BA%AC%E4%B8%80%E5%BA%97/data=!4m7!3m6!1s0x3442a9666e9f721d:0x8aefbd57ef6d5d45!8m2!3d25.0518598!4d121.5273867!16s%2Fg%2F11b7cqtsy0!19sChIJHXKfbmapQjQRRV1t71e974o?authuser=0&hl=zh-TW&rclk=1,0x3442a9666e9f721d:0x8aefbd57ef6d5d45
2171,Claire Chi,5,3 年前,,2022-11-21,https://www.google.com.tw/maps/place/%E7%AF%89%E9%96%93%E5%B9%B8%E7%A6%8F%E9%8D%8B%E7%89%A9+%E5%8F%B0%E5%8C%97%E5%8D%97%E4%BA%AC%E4%B8%80%E5%BA%97/data=!4m7!3m6!1s0x3442a9666e9f721d:0x8aefbd57ef6d5d45!8m2!3d25.0518598!4d121.5273867!16s%2Fg%2F11b7cqtsy0!19sChIJHXKfbmapQjQRRV1t71e974o?authuser=0&hl=zh-TW&rclk=1,0x3442a9666e9f721d:0x8aefbd57ef6d5d45
2172,維剛（維剛）,5,3 年前,"冰淇淋口味多又好吃，滿額會送抵用券∼∼

",2022-11-21,https://www.google.com.tw/maps/place/%E7%AF%89%E9%96%93%E5%B9%B8%E7%A6%8F%E9%8D%8B%E7%89%A9+%E5%8F%B0%E5%8C%97%E5%8D%97%E4%BA%AC%E4%B8%80%E5%BA%97/data=!4m7!3m6!1s0x3442a9666e9f721d:0x8aefbd57ef6d5d45!8m2!3d25.0518598!4d121.5273867!16s%2Fg%2F11b7cqtsy0!19sChIJHXKfbmapQjQRRV1t71e974o?authuser=0&hl=zh-TW&rclk=1,0x3442a9666e9f721d:0x8aefbd57ef6d5d45
2173,許信玫,5,3 年前,"好吃啊啊啊啊

",2022-11-21,https://www.google.com.tw/maps/place/%E7%AF%89%E9%96%93%E5%B9%B8%E7%A6%8F%E9%8D%8B%E7%89%A9+%E5%8F%B0%E5%8C%97%E5%8D%97%E4%BA%AC%E4%B8%80%E5%BA%97/data=!4m7!3m6!1s0x3442a9666e9f721d:0x8aefbd57ef6d5d45!8m2!3d25.0518598!4d121.5273867!16s%2Fg%2F11b7cqtsy0!19sChIJHXKfbmapQjQRRV1t71e974o?authuser=0&hl=zh-TW&rclk=1,0x3442a9666e9f721d:0x8aefbd57ef6d5d45
2174,Masashi Kawahara,2,3 年前,"(由 Google 提供翻譯) 這是台灣的調料  
  
(原始評論)  
台湾の味付けなのでしょう

",2022-11-21,https://www.google.com.tw/maps/place/%E7%AF%89%E9%96%93%E5%B9%B8%E7%A6%8F%E9%8D%8B%E7%89%A9+%E5%8F%B0%E5%8C%97%E5%8D%97%E4%BA%AC%E4%B8%80%E5%BA%97/data=!4m7!3m6!1s0x3442a9666e9f721d:0x8aefbd57ef6d5d45!8m2!3d25.0518598!4d121.5273867!16s%2Fg%2F11b7cqtsy0!19sChIJHXKfbmapQjQRRV1t71e974o?authuser=0&hl=zh-TW&rclk=1,0x3442a9666e9f721d:0x8aefbd57ef6d5d45
2175,顏Helen,4,3 年前,,2022-11-21,https://www.google.com.tw/maps/place/%E7%AF%89%E9%96%93%E5%B9%B8%E7%A6%8F%E9%8D%8B%E7%89%A9+%E5%8F%B0%E5%8C%97%E5%8D%97%E4%BA%AC%E4%B8%80%E5%BA%97/data=!4m7!3m6!1s0x3442a9666e9f721d:0x8aefbd57ef6d5d45!8m2!3d25.0518598!4d121.5273867!16s%2Fg%2F11b7cqtsy0!19sChIJHXKfbmapQjQRRV1t71e974o?authuser=0&hl=zh-TW&rclk=1,0x3442a9666e9f721d:0x8aefbd57ef6d5d45
2176,Alan Yen,5,3 年前,,2022-11-21,https://www.google.com.tw/maps/place/%E7%AF%89%E9%96%93%E5%B9%B8%E7%A6%8F%E9%8D%8B%E7%89%A9+%E5%8F%B0%E5%8C%97%E5%8D%97%E4%BA%AC%E4%B8%80%E5%BA%97/data=!4m7!3m6!1s0x3442a9666e9f721d:0x8aefbd57ef6d5d45!8m2!3d25.0518598!4d121.5273867!16s%2Fg%2F11b7cqtsy0!19sChIJHXKfbmapQjQRRV1t71e974o?authuser=0&hl=zh-TW&rclk=1,0x3442a9666e9f721d:0x8aefbd57ef6d5d45
2177,WANGきみ,5,3 年前,"好吃，很貼心服務又好，想吃火鍋會想到這家！

",2022-11-21,https://www.google.com.tw/maps/place/%E7%AF%89%E9%96%93%E5%B9%B8%E7%A6%8F%E9%8D%8B%E7%89%A9+%E5%8F%B0%E5%8C%97%E5%8D%97%E4%BA%AC%E4%B8%80%E5%BA%97/data=!4m7!3m6!1s0x3442a9666e9f721d:0x8aefbd57ef6d5d45!8m2!3d25.0518598!4d121.5273867!16s%2Fg%2F11b7cqtsy0!19sChIJHXKfbmapQjQRRV1t71e974o?authuser=0&hl=zh-TW&rclk=1,0x3442a9666e9f721d:0x8aefbd57ef6d5d45
2178,蘇蘇,5,3 年前,,2022-11-21,https://www.google.com.tw/maps/place/%E7%AF%89%E9%96%93%E5%B9%B8%E7%A6%8F%E9%8D%8B%E7%89%A9+%E5%8F%B0%E5%8C%97%E5%8D%97%E4%BA%AC%E4%B8%80%E5%BA%97/data=!4m7!3m6!1s0x3442a9666e9f721d:0x8aefbd57ef6d5d45!8m2!3d25.0518598!4d121.5273867!16s%2Fg%2F11b7cqtsy0!19sChIJHXKfbmapQjQRRV1t71e974o?authuser=0&hl=zh-TW&rclk=1,0x3442a9666e9f721d:0x8aefbd57ef6d5d45
2179,趙多多,5,3 年前,,2022-11-21,https://www.google.com.tw/maps/place/%E7%AF%89%E9%96%93%E5%B9%B8%E7%A6%8F%E9%8D%8B%E7%89%A9+%E5%8F%B0%E5%8C%97%E5%8D%97%E4%BA%AC%E4%B8%80%E5%BA%97/data=!4m7!3m6!1s0x3442a9666e9f721d:0x8aefbd57ef6d5d45!8m2!3d25.0518598!4d121.5273867!16s%2Fg%2F11b7cqtsy0!19sChIJHXKfbmapQjQRRV1t71e974o?authuser=0&hl=zh-TW&rclk=1,0x3442a9666e9f721d:0x8aefbd57ef6d5d45
2180,Chu,5,3 年前,,2022-11-21,https://www.google.com.tw/maps/place/%E7%AF%89%E9%96%93%E5%B9%B8%E7%A6%8F%E9%8D%8B%E7%89%A9+%E5%8F%B0%E5%8C%97%E5%8D%97%E4%BA%AC%E4%B8%80%E5%BA%97/data=!4m7!3m6!1s0x3442a9666e9f721d:0x8aefbd57ef6d5d45!8m2!3d25.0518598!4d121.5273867!16s%2Fg%2F11b7cqtsy0!19sChIJHXKfbmapQjQRRV1t71e974o?authuser=0&hl=zh-TW&rclk=1,0x3442a9666e9f721d:0x8aefbd57ef6d5d45
2181,davnree5194,5,3 年前,,2022-11-21,https://www.google.com.tw/maps/place/%E7%AF%89%E9%96%93%E5%B9%B8%E7%A6%8F%E9%8D%8B%E7%89%A9+%E5%8F%B0%E5%8C%97%E5%8D%97%E4%BA%AC%E4%B8%80%E5%BA%97/data=!4m7!3m6!1s0x3442a9666e9f721d:0x8aefbd57ef6d5d45!8m2!3d25.0518598!4d121.5273867!16s%2Fg%2F11b7cqtsy0!19sChIJHXKfbmapQjQRRV1t71e974o?authuser=0&hl=zh-TW&rclk=1,0x3442a9666e9f721d:0x8aefbd57ef6d5d45
2182,瑆悅李,3,3 年前,,2022-11-21,https://www.google.com.tw/maps/place/%E7%AF%89%E9%96%93%E5%B9%B8%E7%A6%8F%E9%8D%8B%E7%89%A9+%E5%8F%B0%E5%8C%97%E5%8D%97%E4%BA%AC%E4%B8%80%E5%BA%97/data=!4m7!3m6!1s0x3442a9666e9f721d:0x8aefbd57ef6d5d45!8m2!3d25.0518598!4d121.5273867!16s%2Fg%2F11b7cqtsy0!19sChIJHXKfbmapQjQRRV1t71e974o?authuser=0&hl=zh-TW&rclk=1,0x3442a9666e9f721d:0x8aefbd57ef6d5d45
2183,Connor,4,3 年前,,2022-11-21,https://www.google.com.tw/maps/place/%E7%AF%89%E9%96%93%E5%B9%B8%E7%A6%8F%E9%8D%8B%E7%89%A9+%E5%8F%B0%E5%8C%97%E5%8D%97%E4%BA%AC%E4%B8%80%E5%BA%97/data=!4m7!3m6!1s0x3442a9666e9f721d:0x8aefbd57ef6d5d45!8m2!3d25.0518598!4d121.5273867!16s%2Fg%2F11b7cqtsy0!19sChIJHXKfbmapQjQRRV1t71e974o?authuser=0&hl=zh-TW&rclk=1,0x3442a9666e9f721d:0x8aefbd57ef6d5d45
2184,minikey,4,3 年前,"菜盤豐富，套餐份量足，牛肉的品質也不錯。雖然不是很精緻，但是以價位而言算是CP值高。  
  
包廂空間頗大，適合三五好友聚會。不過用餐時間生意很好，所以會很準時甚至提前趕人，即便你還沒吃完也一樣（不過不用擔心，是語氣和善的反覆提醒喔，顧客也要體諒一下店家有翻桌率的需要。）如果是吃東西比較慢的朋友，可能要盡量避開用餐時間前來。

",2022-11-21,https://www.google.com.tw/maps/place/%E7%AF%89%E9%96%93%E5%B9%B8%E7%A6%8F%E9%8D%8B%E7%89%A9+%E5%8F%B0%E5%8C%97%E5%8D%97%E4%BA%AC%E4%B8%80%E5%BA%97/data=!4m7!3m6!1s0x3442a9666e9f721d:0x8aefbd57ef6d5d45!8m2!3d25.0518598!4d121.5273867!16s%2Fg%2F11b7cqtsy0!19sChIJHXKfbmapQjQRRV1t71e974o?authuser=0&hl=zh-TW&rclk=1,0x3442a9666e9f721d:0x8aefbd57ef6d5d45
2185,Kiya Chang,4,3 年前,,2022-11-21,https://www.google.com.tw/maps/place/%E7%AF%89%E9%96%93%E5%B9%B8%E7%A6%8F%E9%8D%8B%E7%89%A9+%E5%8F%B0%E5%8C%97%E5%8D%97%E4%BA%AC%E4%B8%80%E5%BA%97/data=!4m7!3m6!1s0x3442a9666e9f721d:0x8aefbd57ef6d5d45!8m2!3d25.0518598!4d121.5273867!16s%2Fg%2F11b7cqtsy0!19sChIJHXKfbmapQjQRRV1t71e974o?authuser=0&hl=zh-TW&rclk=1,0x3442a9666e9f721d:0x8aefbd57ef6d5d45
2186,葉佳芸,4,3 年前,"服務生好貼心，餐點多選擇也很合口味

",2022-11-21,https://www.google.com.tw/maps/place/%E7%AF%89%E9%96%93%E5%B9%B8%E7%A6%8F%E9%8D%8B%E7%89%A9+%E5%8F%B0%E5%8C%97%E5%8D%97%E4%BA%AC%E4%B8%80%E5%BA%97/data=!4m7!3m6!1s0x3442a9666e9f721d:0x8aefbd57ef6d5d45!8m2!3d25.0518598!4d121.5273867!16s%2Fg%2F11b7cqtsy0!19sChIJHXKfbmapQjQRRV1t71e974o?authuser=0&hl=zh-TW&rclk=1,0x3442a9666e9f721d:0x8aefbd57ef6d5d45
2187,Jenny Jiang,3,3 年前,"不錯吃 但服務對策可能要稍加修正 在尚未點餐的情況下 明明有已經收拾和正在收拾的雙人桌 卻硬要兩組兩位的客人共坐四人桌 詢問是否可以換至雙人桌
還被服務人員告知 去問櫃檯 位置都他排好的  
最後雖共坐四人桌 並依照他們一開始所說的對坐 坐畢後卻被詢問可不可以改成坐同一邊 這些也就算了 湯底和肉都各送錯一種 略嫌不周  
不過主動詢問是否需要加湯這部分做的相當不錯 在煮食方面相當順利

",2022-11-21,https://www.google.com.tw/maps/place/%E7%AF%89%E9%96%93%E5%B9%B8%E7%A6%8F%E9%8D%8B%E7%89%A9+%E5%8F%B0%E5%8C%97%E5%8D%97%E4%BA%AC%E4%B8%80%E5%BA%97/data=!4m7!3m6!1s0x3442a9666e9f721d:0x8aefbd57ef6d5d45!8m2!3d25.0518598!4d121.5273867!16s%2Fg%2F11b7cqtsy0!19sChIJHXKfbmapQjQRRV1t71e974o?authuser=0&hl=zh-TW&rclk=1,0x3442a9666e9f721d:0x8aefbd57ef6d5d45
2188,Chengkai Lo,2,3 年前,"不推薦

",2022-11-21,https://www.google.com.tw/maps/place/%E7%AF%89%E9%96%93%E5%B9%B8%E7%A6%8F%E9%8D%8B%E7%89%A9+%E5%8F%B0%E5%8C%97%E5%8D%97%E4%BA%AC%E4%B8%80%E5%BA%97/data=!4m7!3m6!1s0x3442a9666e9f721d:0x8aefbd57ef6d5d45!8m2!3d25.0518598!4d121.5273867!16s%2Fg%2F11b7cqtsy0!19sChIJHXKfbmapQjQRRV1t71e974o?authuser=0&hl=zh-TW&rclk=1,0x3442a9666e9f721d:0x8aefbd57ef6d5d45
2189,葉小弘,5,3 年前,,2022-11-21,https://www.google.com.tw/maps/place/%E7%AF%89%E9%96%93%E5%B9%B8%E7%A6%8F%E9%8D%8B%E7%89%A9+%E5%8F%B0%E5%8C%97%E5%8D%97%E4%BA%AC%E4%B8%80%E5%BA%97/data=!4m7!3m6!1s0x3442a9666e9f721d:0x8aefbd57ef6d5d45!8m2!3d25.0518598!4d121.5273867!16s%2Fg%2F11b7cqtsy0!19sChIJHXKfbmapQjQRRV1t71e974o?authuser=0&hl=zh-TW&rclk=1,0x3442a9666e9f721d:0x8aefbd57ef6d5d45
2190,保羅硬漢,4,3 年前,"不錯的火鍋店

",2022-11-21,https://www.google.com.tw/maps/place/%E7%AF%89%E9%96%93%E5%B9%B8%E7%A6%8F%E9%8D%8B%E7%89%A9+%E5%8F%B0%E5%8C%97%E5%8D%97%E4%BA%AC%E4%B8%80%E5%BA%97/data=!4m7!3m6!1s0x3442a9666e9f721d:0x8aefbd57ef6d5d45!8m2!3d25.0518598!4d121.5273867!16s%2Fg%2F11b7cqtsy0!19sChIJHXKfbmapQjQRRV1t71e974o?authuser=0&hl=zh-TW&rclk=1,0x3442a9666e9f721d:0x8aefbd57ef6d5d45
2191,Mars Chuang,5,3 年前,,2022-11-21,https://www.google.com.tw/maps/place/%E7%AF%89%E9%96%93%E5%B9%B8%E7%A6%8F%E9%8D%8B%E7%89%A9+%E5%8F%B0%E5%8C%97%E5%8D%97%E4%BA%AC%E4%B8%80%E5%BA%97/data=!4m7!3m6!1s0x3442a9666e9f721d:0x8aefbd57ef6d5d45!8m2!3d25.0518598!4d121.5273867!16s%2Fg%2F11b7cqtsy0!19sChIJHXKfbmapQjQRRV1t71e974o?authuser=0&hl=zh-TW&rclk=1,0x3442a9666e9f721d:0x8aefbd57ef6d5d45
2192,Howard Wang,4,3 年前,,2022-11-21,https://www.google.com.tw/maps/place/%E7%AF%89%E9%96%93%E5%B9%B8%E7%A6%8F%E9%8D%8B%E7%89%A9+%E5%8F%B0%E5%8C%97%E5%8D%97%E4%BA%AC%E4%B8%80%E5%BA%97/data=!4m7!3m6!1s0x3442a9666e9f721d:0x8aefbd57ef6d5d45!8m2!3d25.0518598!4d121.5273867!16s%2Fg%2F11b7cqtsy0!19sChIJHXKfbmapQjQRRV1t71e974o?authuser=0&hl=zh-TW&rclk=1,0x3442a9666e9f721d:0x8aefbd57ef6d5d45
2193,yude liuo,4,3 年前,,2022-11-21,https://www.google.com.tw/maps/place/%E7%AF%89%E9%96%93%E5%B9%B8%E7%A6%8F%E9%8D%8B%E7%89%A9+%E5%8F%B0%E5%8C%97%E5%8D%97%E4%BA%AC%E4%B8%80%E5%BA%97/data=!4m7!3m6!1s0x3442a9666e9f721d:0x8aefbd57ef6d5d45!8m2!3d25.0518598!4d121.5273867!16s%2Fg%2F11b7cqtsy0!19sChIJHXKfbmapQjQRRV1t71e974o?authuser=0&hl=zh-TW&rclk=1,0x3442a9666e9f721d:0x8aefbd57ef6d5d45
2194,張揚,3,3 年前,,2022-11-21,https://www.google.com.tw/maps/place/%E7%AF%89%E9%96%93%E5%B9%B8%E7%A6%8F%E9%8D%8B%E7%89%A9+%E5%8F%B0%E5%8C%97%E5%8D%97%E4%BA%AC%E4%B8%80%E5%BA%97/data=!4m7!3m6!1s0x3442a9666e9f721d:0x8aefbd57ef6d5d45!8m2!3d25.0518598!4d121.5273867!16s%2Fg%2F11b7cqtsy0!19sChIJHXKfbmapQjQRRV1t71e974o?authuser=0&hl=zh-TW&rclk=1,0x3442a9666e9f721d:0x8aefbd57ef6d5d45
2195,Giselle,4,3 年前,,2022-11-21,https://www.google.com.tw/maps/place/%E7%AF%89%E9%96%93%E5%B9%B8%E7%A6%8F%E9%8D%8B%E7%89%A9+%E5%8F%B0%E5%8C%97%E5%8D%97%E4%BA%AC%E4%B8%80%E5%BA%97/data=!4m7!3m6!1s0x3442a9666e9f721d:0x8aefbd57ef6d5d45!8m2!3d25.0518598!4d121.5273867!16s%2Fg%2F11b7cqtsy0!19sChIJHXKfbmapQjQRRV1t71e974o?authuser=0&hl=zh-TW&rclk=1,0x3442a9666e9f721d:0x8aefbd57ef6d5d45
2196,張育珊,5,3 年前,,2022-11-21,https://www.google.com.tw/maps/place/%E7%AF%89%E9%96%93%E5%B9%B8%E7%A6%8F%E9%8D%8B%E7%89%A9+%E5%8F%B0%E5%8C%97%E5%8D%97%E4%BA%AC%E4%B8%80%E5%BA%97/data=!4m7!3m6!1s0x3442a9666e9f721d:0x8aefbd57ef6d5d45!8m2!3d25.0518598!4d121.5273867!16s%2Fg%2F11b7cqtsy0!19sChIJHXKfbmapQjQRRV1t71e974o?authuser=0&hl=zh-TW&rclk=1,0x3442a9666e9f721d:0x8aefbd57ef6d5d45
2197,Yi Online Shop,5,3 年前,"(由 Google 提供翻譯) 太好了+++。  
  
(原始評論)  
So good +++.

",2022-11-21,https://www.google.com.tw/maps/place/%E7%AF%89%E9%96%93%E5%B9%B8%E7%A6%8F%E9%8D%8B%E7%89%A9+%E5%8F%B0%E5%8C%97%E5%8D%97%E4%BA%AC%E4%B8%80%E5%BA%97/data=!4m7!3m6!1s0x3442a9666e9f721d:0x8aefbd57ef6d5d45!8m2!3d25.0518598!4d121.5273867!16s%2Fg%2F11b7cqtsy0!19sChIJHXKfbmapQjQRRV1t71e974o?authuser=0&hl=zh-TW&rclk=1,0x3442a9666e9f721d:0x8aefbd57ef6d5d45
2198,李季樺,5,3 年前,,2022-11-21,https://www.google.com.tw/maps/place/%E7%AF%89%E9%96%93%E5%B9%B8%E7%A6%8F%E9%8D%8B%E7%89%A9+%E5%8F%B0%E5%8C%97%E5%8D%97%E4%BA%AC%E4%B8%80%E5%BA%97/data=!4m7!3m6!1s0x3442a9666e9f721d:0x8aefbd57ef6d5d45!8m2!3d25.0518598!4d121.5273867!16s%2Fg%2F11b7cqtsy0!19sChIJHXKfbmapQjQRRV1t71e974o?authuser=0&hl=zh-TW&rclk=1,0x3442a9666e9f721d:0x8aefbd57ef6d5d45
2199,小蚊蚊仔,5,3 年前,,2022-11-21,https://www.google.com.tw/maps/place/%E7%AF%89%E9%96%93%E5%B9%B8%E7%A6%8F%E9%8D%8B%E7%89%A9+%E5%8F%B0%E5%8C%97%E5%8D%97%E4%BA%AC%E4%B8%80%E5%BA%97/data=!4m7!3m6!1s0x3442a9666e9f721d:0x8aefbd57ef6d5d45!8m2!3d25.0518598!4d121.5273867!16s%2Fg%2F11b7cqtsy0!19sChIJHXKfbmapQjQRRV1t71e974o?authuser=0&hl=zh-TW&rclk=1,0x3442a9666e9f721d:0x8aefbd57ef6d5d45
2200,Yu Lee,5,3 年前,"超好吃~統一的料盤都很好吃！大推牛奶鍋！少數牛奶鍋味道很入味的！大龍蝦超好吃的~非常新鮮~最後明治的冰淇淋也很好吃！

",2022-11-21,https://www.google.com.tw/maps/place/%E7%AF%89%E9%96%93%E5%B9%B8%E7%A6%8F%E9%8D%8B%E7%89%A9+%E5%8F%B0%E5%8C%97%E5%8D%97%E4%BA%AC%E4%B8%80%E5%BA%97/data=!4m7!3m6!1s0x3442a9666e9f721d:0x8aefbd57ef6d5d45!8m2!3d25.0518598!4d121.5273867!16s%2Fg%2F11b7cqtsy0!19sChIJHXKfbmapQjQRRV1t71e974o?authuser=0&hl=zh-TW&rclk=1,0x3442a9666e9f721d:0x8aefbd57ef6d5d45
2201,派大杰,5,3 年前,"超好吃，服務又讚

",2022-11-21,https://www.google.com.tw/maps/place/%E7%AF%89%E9%96%93%E5%B9%B8%E7%A6%8F%E9%8D%8B%E7%89%A9+%E5%8F%B0%E5%8C%97%E5%8D%97%E4%BA%AC%E4%B8%80%E5%BA%97/data=!4m7!3m6!1s0x3442a9666e9f721d:0x8aefbd57ef6d5d45!8m2!3d25.0518598!4d121.5273867!16s%2Fg%2F11b7cqtsy0!19sChIJHXKfbmapQjQRRV1t71e974o?authuser=0&hl=zh-TW&rclk=1,0x3442a9666e9f721d:0x8aefbd57ef6d5d45
2202,王傳嘉,5,3 年前,,2022-11-21,https://www.google.com.tw/maps/place/%E7%AF%89%E9%96%93%E5%B9%B8%E7%A6%8F%E9%8D%8B%E7%89%A9+%E5%8F%B0%E5%8C%97%E5%8D%97%E4%BA%AC%E4%B8%80%E5%BA%97/data=!4m7!3m6!1s0x3442a9666e9f721d:0x8aefbd57ef6d5d45!8m2!3d25.0518598!4d121.5273867!16s%2Fg%2F11b7cqtsy0!19sChIJHXKfbmapQjQRRV1t71e974o?authuser=0&hl=zh-TW&rclk=1,0x3442a9666e9f721d:0x8aefbd57ef6d5d45
2203,賴俊男,5,3 年前,"多次在築間用餐，食材新鮮，價格公道。

",2022-11-21,https://www.google.com.tw/maps/place/%E7%AF%89%E9%96%93%E5%B9%B8%E7%A6%8F%E9%8D%8B%E7%89%A9+%E5%8F%B0%E5%8C%97%E5%8D%97%E4%BA%AC%E4%B8%80%E5%BA%97/data=!4m7!3m6!1s0x3442a9666e9f721d:0x8aefbd57ef6d5d45!8m2!3d25.0518598!4d121.5273867!16s%2Fg%2F11b7cqtsy0!19sChIJHXKfbmapQjQRRV1t71e974o?authuser=0&hl=zh-TW&rclk=1,0x3442a9666e9f721d:0x8aefbd57ef6d5d45
2204,ChunYen Chen,5,3 年前,"東西好吃划算 場地佳 適合朋友聚會！好喜歡！已經來了5次了吧  
尤塔才 推薦！

",2022-11-21,https://www.google.com.tw/maps/place/%E7%AF%89%E9%96%93%E5%B9%B8%E7%A6%8F%E9%8D%8B%E7%89%A9+%E5%8F%B0%E5%8C%97%E5%8D%97%E4%BA%AC%E4%B8%80%E5%BA%97/data=!4m7!3m6!1s0x3442a9666e9f721d:0x8aefbd57ef6d5d45!8m2!3d25.0518598!4d121.5273867!16s%2Fg%2F11b7cqtsy0!19sChIJHXKfbmapQjQRRV1t71e974o?authuser=0&hl=zh-TW&rclk=1,0x3442a9666e9f721d:0x8aefbd57ef6d5d45
2205,昕兒,5,3 年前,,2022-11-21,https://www.google.com.tw/maps/place/%E7%AF%89%E9%96%93%E5%B9%B8%E7%A6%8F%E9%8D%8B%E7%89%A9+%E5%8F%B0%E5%8C%97%E5%8D%97%E4%BA%AC%E4%B8%80%E5%BA%97/data=!4m7!3m6!1s0x3442a9666e9f721d:0x8aefbd57ef6d5d45!8m2!3d25.0518598!4d121.5273867!16s%2Fg%2F11b7cqtsy0!19sChIJHXKfbmapQjQRRV1t71e974o?authuser=0&hl=zh-TW&rclk=1,0x3442a9666e9f721d:0x8aefbd57ef6d5d45
2206,Shirley Ke,1,3 年前,"入座時等待服務生整理很久，送餐時餐點漏送，但用餐時間卻從入店開始算。明明沒人在等，客人還在用餐，90分鐘一到（連入座等待時間也算在內）就馬上敢人走。

",2022-11-21,https://www.google.com.tw/maps/place/%E7%AF%89%E9%96%93%E5%B9%B8%E7%A6%8F%E9%8D%8B%E7%89%A9+%E5%8F%B0%E5%8C%97%E5%8D%97%E4%BA%AC%E4%B8%80%E5%BA%97/data=!4m7!3m6!1s0x3442a9666e9f721d:0x8aefbd57ef6d5d45!8m2!3d25.0518598!4d121.5273867!16s%2Fg%2F11b7cqtsy0!19sChIJHXKfbmapQjQRRV1t71e974o?authuser=0&hl=zh-TW&rclk=1,0x3442a9666e9f721d:0x8aefbd57ef6d5d45
2207,曹貫中,5,3 年前,"服務態度好，料豐盛大方，氣氛環境舒服，飲料雖然選擇不多但至少品質不賴，湯頭也不錯，以這價位來說划算。

",2022-11-21,https://www.google.com.tw/maps/place/%E7%AF%89%E9%96%93%E5%B9%B8%E7%A6%8F%E9%8D%8B%E7%89%A9+%E5%8F%B0%E5%8C%97%E5%8D%97%E4%BA%AC%E4%B8%80%E5%BA%97/data=!4m7!3m6!1s0x3442a9666e9f721d:0x8aefbd57ef6d5d45!8m2!3d25.0518598!4d121.5273867!16s%2Fg%2F11b7cqtsy0!19sChIJHXKfbmapQjQRRV1t71e974o?authuser=0&hl=zh-TW&rclk=1,0x3442a9666e9f721d:0x8aefbd57ef6d5d45
2208,sasa Lee,5,3 年前,"我點的石頭鍋湯底，還不錯喝，整體來說我還滿喜歡的，菜盤份量夠，肉也是，我點的羊肉超好吃（朋友點的豬、牛都好吃）。因為朋友有免費卷4張可以用（一張卷送一份主餐），所以我們點了3種海鮮，外加一份牛肉的樣子，一歺吃下來真的很撐，吃的很高興。它們還是飲料區，飲料只有2種，我拿了奶茶，它算好喝的了。還有冰淇淋可以吃，好像大概8種口味可以拿，還OK。醬料區的地方有點暗，動線不好。店家不大，小小的，我們去的在2F，1F與2F的入口不一樣。不可思議的地方是，它們營業時間到凌晨4點，太強了吧。

",2022-11-21,https://www.google.com.tw/maps/place/%E7%AF%89%E9%96%93%E5%B9%B8%E7%A6%8F%E9%8D%8B%E7%89%A9+%E5%8F%B0%E5%8C%97%E5%8D%97%E4%BA%AC%E4%B8%80%E5%BA%97/data=!4m7!3m6!1s0x3442a9666e9f721d:0x8aefbd57ef6d5d45!8m2!3d25.0518598!4d121.5273867!16s%2Fg%2F11b7cqtsy0!19sChIJHXKfbmapQjQRRV1t71e974o?authuser=0&hl=zh-TW&rclk=1,0x3442a9666e9f721d:0x8aefbd57ef6d5d45
2209,李小姵,5,3 年前,,2022-11-21,https://www.google.com.tw/maps/place/%E7%AF%89%E9%96%93%E5%B9%B8%E7%A6%8F%E9%8D%8B%E7%89%A9+%E5%8F%B0%E5%8C%97%E5%8D%97%E4%BA%AC%E4%B8%80%E5%BA%97/data=!4m7!3m6!1s0x3442a9666e9f721d:0x8aefbd57ef6d5d45!8m2!3d25.0518598!4d121.5273867!16s%2Fg%2F11b7cqtsy0!19sChIJHXKfbmapQjQRRV1t71e974o?authuser=0&hl=zh-TW&rclk=1,0x3442a9666e9f721d:0x8aefbd57ef6d5d45
2210,Rick Wang,3,3 年前,"座位規劃有點奇怪，食材算新鮮的

",2022-11-21,https://www.google.com.tw/maps/place/%E7%AF%89%E9%96%93%E5%B9%B8%E7%A6%8F%E9%8D%8B%E7%89%A9+%E5%8F%B0%E5%8C%97%E5%8D%97%E4%BA%AC%E4%B8%80%E5%BA%97/data=!4m7!3m6!1s0x3442a9666e9f721d:0x8aefbd57ef6d5d45!8m2!3d25.0518598!4d121.5273867!16s%2Fg%2F11b7cqtsy0!19sChIJHXKfbmapQjQRRV1t71e974o?authuser=0&hl=zh-TW&rclk=1,0x3442a9666e9f721d:0x8aefbd57ef6d5d45
2211,鐘小美,1,3 年前,"服務態度極差

",2022-11-21,https://www.google.com.tw/maps/place/%E7%AF%89%E9%96%93%E5%B9%B8%E7%A6%8F%E9%8D%8B%E7%89%A9+%E5%8F%B0%E5%8C%97%E5%8D%97%E4%BA%AC%E4%B8%80%E5%BA%97/data=!4m7!3m6!1s0x3442a9666e9f721d:0x8aefbd57ef6d5d45!8m2!3d25.0518598!4d121.5273867!16s%2Fg%2F11b7cqtsy0!19sChIJHXKfbmapQjQRRV1t71e974o?authuser=0&hl=zh-TW&rclk=1,0x3442a9666e9f721d:0x8aefbd57ef6d5d45
2212,IG: r.k_food,1,3 年前,,2022-11-21,https://www.google.com.tw/maps/place/%E7%AF%89%E9%96%93%E5%B9%B8%E7%A6%8F%E9%8D%8B%E7%89%A9+%E5%8F%B0%E5%8C%97%E5%8D%97%E4%BA%AC%E4%B8%80%E5%BA%97/data=!4m7!3m6!1s0x3442a9666e9f721d:0x8aefbd57ef6d5d45!8m2!3d25.0518598!4d121.5273867!16s%2Fg%2F11b7cqtsy0!19sChIJHXKfbmapQjQRRV1t71e974o?authuser=0&hl=zh-TW&rclk=1,0x3442a9666e9f721d:0x8aefbd57ef6d5d45
2213,JiaPeng Hsu,5,3 年前,"不貴，食材很足夠，大推牛奶湯底

",2022-11-21,https://www.google.com.tw/maps/place/%E7%AF%89%E9%96%93%E5%B9%B8%E7%A6%8F%E9%8D%8B%E7%89%A9+%E5%8F%B0%E5%8C%97%E5%8D%97%E4%BA%AC%E4%B8%80%E5%BA%97/data=!4m7!3m6!1s0x3442a9666e9f721d:0x8aefbd57ef6d5d45!8m2!3d25.0518598!4d121.5273867!16s%2Fg%2F11b7cqtsy0!19sChIJHXKfbmapQjQRRV1t71e974o?authuser=0&hl=zh-TW&rclk=1,0x3442a9666e9f721d:0x8aefbd57ef6d5d45
2214,Lunnn_wang,5,3 年前,"乾淨整潔，氣氛佳，食物也有該有的水準

",2022-11-21,https://www.google.com.tw/maps/place/%E7%AF%89%E9%96%93%E5%B9%B8%E7%A6%8F%E9%8D%8B%E7%89%A9+%E5%8F%B0%E5%8C%97%E5%8D%97%E4%BA%AC%E4%B8%80%E5%BA%97/data=!4m7!3m6!1s0x3442a9666e9f721d:0x8aefbd57ef6d5d45!8m2!3d25.0518598!4d121.5273867!16s%2Fg%2F11b7cqtsy0!19sChIJHXKfbmapQjQRRV1t71e974o?authuser=0&hl=zh-TW&rclk=1,0x3442a9666e9f721d:0x8aefbd57ef6d5d45
2215,Adeline Kao,3,3 年前,,2022-11-21,https://www.google.com.tw/maps/place/%E7%AF%89%E9%96%93%E5%B9%B8%E7%A6%8F%E9%8D%8B%E7%89%A9+%E5%8F%B0%E5%8C%97%E5%8D%97%E4%BA%AC%E4%B8%80%E5%BA%97/data=!4m7!3m6!1s0x3442a9666e9f721d:0x8aefbd57ef6d5d45!8m2!3d25.0518598!4d121.5273867!16s%2Fg%2F11b7cqtsy0!19sChIJHXKfbmapQjQRRV1t71e974o?authuser=0&hl=zh-TW&rclk=1,0x3442a9666e9f721d:0x8aefbd57ef6d5d45
2216,玉承杰,4,3 年前,"海鮮肉品優CP值高

",2022-11-21,https://www.google.com.tw/maps/place/%E7%AF%89%E9%96%93%E5%B9%B8%E7%A6%8F%E9%8D%8B%E7%89%A9+%E5%8F%B0%E5%8C%97%E5%8D%97%E4%BA%AC%E4%B8%80%E5%BA%97/data=!4m7!3m6!1s0x3442a9666e9f721d:0x8aefbd57ef6d5d45!8m2!3d25.0518598!4d121.5273867!16s%2Fg%2F11b7cqtsy0!19sChIJHXKfbmapQjQRRV1t71e974o?authuser=0&hl=zh-TW&rclk=1,0x3442a9666e9f721d:0x8aefbd57ef6d5d45
2217,陳昱安,3,3 年前,,2022-11-21,https://www.google.com.tw/maps/place/%E7%AF%89%E9%96%93%E5%B9%B8%E7%A6%8F%E9%8D%8B%E7%89%A9+%E5%8F%B0%E5%8C%97%E5%8D%97%E4%BA%AC%E4%B8%80%E5%BA%97/data=!4m7!3m6!1s0x3442a9666e9f721d:0x8aefbd57ef6d5d45!8m2!3d25.0518598!4d121.5273867!16s%2Fg%2F11b7cqtsy0!19sChIJHXKfbmapQjQRRV1t71e974o?authuser=0&hl=zh-TW&rclk=1,0x3442a9666e9f721d:0x8aefbd57ef6d5d45
2218,翔翔張,2,3 年前,,2022-11-21,https://www.google.com.tw/maps/place/%E7%AF%89%E9%96%93%E5%B9%B8%E7%A6%8F%E9%8D%8B%E7%89%A9+%E5%8F%B0%E5%8C%97%E5%8D%97%E4%BA%AC%E4%B8%80%E5%BA%97/data=!4m7!3m6!1s0x3442a9666e9f721d:0x8aefbd57ef6d5d45!8m2!3d25.0518598!4d121.5273867!16s%2Fg%2F11b7cqtsy0!19sChIJHXKfbmapQjQRRV1t71e974o?authuser=0&hl=zh-TW&rclk=1,0x3442a9666e9f721d:0x8aefbd57ef6d5d45
2219,TC Yang,4,3 年前,"個人小火鍋  
價錢取決於主餐(肉或海鮮  
不論菜盤或肉盤份量都很夠  
麻辣湯頭要另外加錢  
湯頭比起很多連鎖麻辣火鍋店都還要好  
也有提供飲品、冰淇淋及醬料區  
會再訪的小火鍋店

",2022-11-21,https://www.google.com.tw/maps/place/%E7%AF%89%E9%96%93%E5%B9%B8%E7%A6%8F%E9%8D%8B%E7%89%A9+%E5%8F%B0%E5%8C%97%E5%8D%97%E4%BA%AC%E4%B8%80%E5%BA%97/data=!4m7!3m6!1s0x3442a9666e9f721d:0x8aefbd57ef6d5d45!8m2!3d25.0518598!4d121.5273867!16s%2Fg%2F11b7cqtsy0!19sChIJHXKfbmapQjQRRV1t71e974o?authuser=0&hl=zh-TW&rclk=1,0x3442a9666e9f721d:0x8aefbd57ef6d5d45
2220,Woo Hoo,4,3 年前,"服務很好，但桌距蠻近的，飲料跟冰淇淋也比忠孝二店少。不過整體還是不會影響來吃的慾望。  
另外兩次在二樓用餐，有包廂的位子。適合多人一起，不過裡面的小孩會一直尖叫，這種煮熱食的店實在不適合，二樓位子也是離很近。服務也還是不錯，整理桌面滿勤勞的！二樓入口要從後面大樓入口進去，要注意一下。雞肉的選項很常賣完要看運氣才吃的到，不然雙拼很推薦！

",2022-11-21,https://www.google.com.tw/maps/place/%E7%AF%89%E9%96%93%E5%B9%B8%E7%A6%8F%E9%8D%8B%E7%89%A9+%E5%8F%B0%E5%8C%97%E5%8D%97%E4%BA%AC%E4%B8%80%E5%BA%97/data=!4m7!3m6!1s0x3442a9666e9f721d:0x8aefbd57ef6d5d45!8m2!3d25.0518598!4d121.5273867!16s%2Fg%2F11b7cqtsy0!19sChIJHXKfbmapQjQRRV1t71e974o?authuser=0&hl=zh-TW&rclk=1,0x3442a9666e9f721d:0x8aefbd57ef6d5d45
2221,陳照峰,4,3 年前,"整體感覺不錯，食材新鮮湯頭甘醇，服務人員態度也佳，只是部分座位空間感稍微狹小了點

",2022-11-21,https://www.google.com.tw/maps/place/%E7%AF%89%E9%96%93%E5%B9%B8%E7%A6%8F%E9%8D%8B%E7%89%A9+%E5%8F%B0%E5%8C%97%E5%8D%97%E4%BA%AC%E4%B8%80%E5%BA%97/data=!4m7!3m6!1s0x3442a9666e9f721d:0x8aefbd57ef6d5d45!8m2!3d25.0518598!4d121.5273867!16s%2Fg%2F11b7cqtsy0!19sChIJHXKfbmapQjQRRV1t71e974o?authuser=0&hl=zh-TW&rclk=1,0x3442a9666e9f721d:0x8aefbd57ef6d5d45
2222,Tony YANG,3,3 年前,"食材算是不錯，新鮮也味美。但是現場環境通道擁擠廁所只有一間男女共用令人尷尬。用餐時間僅有90分也是讓人扼腕。

",2022-11-21,https://www.google.com.tw/maps/place/%E7%AF%89%E9%96%93%E5%B9%B8%E7%A6%8F%E9%8D%8B%E7%89%A9+%E5%8F%B0%E5%8C%97%E5%8D%97%E4%BA%AC%E4%B8%80%E5%BA%97/data=!4m7!3m6!1s0x3442a9666e9f721d:0x8aefbd57ef6d5d45!8m2!3d25.0518598!4d121.5273867!16s%2Fg%2F11b7cqtsy0!19sChIJHXKfbmapQjQRRV1t71e974o?authuser=0&hl=zh-TW&rclk=1,0x3442a9666e9f721d:0x8aefbd57ef6d5d45
2223,Yu-Hsin Chien,4,3 年前,,2022-11-21,https://www.google.com.tw/maps/place/%E7%AF%89%E9%96%93%E5%B9%B8%E7%A6%8F%E9%8D%8B%E7%89%A9+%E5%8F%B0%E5%8C%97%E5%8D%97%E4%BA%AC%E4%B8%80%E5%BA%97/data=!4m7!3m6!1s0x3442a9666e9f721d:0x8aefbd57ef6d5d45!8m2!3d25.0518598!4d121.5273867!16s%2Fg%2F11b7cqtsy0!19sChIJHXKfbmapQjQRRV1t71e974o?authuser=0&hl=zh-TW&rclk=1,0x3442a9666e9f721d:0x8aefbd57ef6d5d45
2224,吳明昌,4,3 年前,"東西好吃，菜盤及肉品品質穩定，雖然冰淇淋及飲料較忠孝二店少，但南京店服務人員親切，也會主動巡邏加湯，下次還會選擇到此分店用餐。

",2022-11-21,https://www.google.com.tw/maps/place/%E7%AF%89%E9%96%93%E5%B9%B8%E7%A6%8F%E9%8D%8B%E7%89%A9+%E5%8F%B0%E5%8C%97%E5%8D%97%E4%BA%AC%E4%B8%80%E5%BA%97/data=!4m7!3m6!1s0x3442a9666e9f721d:0x8aefbd57ef6d5d45!8m2!3d25.0518598!4d121.5273867!16s%2Fg%2F11b7cqtsy0!19sChIJHXKfbmapQjQRRV1t71e974o?authuser=0&hl=zh-TW&rclk=1,0x3442a9666e9f721d:0x8aefbd57ef6d5d45
2225,Kaz Ono,4,3 年前,"(由 Google 提供翻譯) 每人無限量享用火鍋形式的飲料和甜點（冰淇淋）。火鍋湯的選擇很多，成本高。  
  
(原始評論)  
1人1鍋形式、飲物やデザート（アイスクリーム）は食べ放題です。鍋のスープの選択肢も多く、コスパ高いです。

",2022-11-21,https://www.google.com.tw/maps/place/%E7%AF%89%E9%96%93%E5%B9%B8%E7%A6%8F%E9%8D%8B%E7%89%A9+%E5%8F%B0%E5%8C%97%E5%8D%97%E4%BA%AC%E4%B8%80%E5%BA%97/data=!4m7!3m6!1s0x3442a9666e9f721d:0x8aefbd57ef6d5d45!8m2!3d25.0518598!4d121.5273867!16s%2Fg%2F11b7cqtsy0!19sChIJHXKfbmapQjQRRV1t71e974o?authuser=0&hl=zh-TW&rclk=1,0x3442a9666e9f721d:0x8aefbd57ef6d5d45
2226,鐘旆宸,1,3 年前,"服務態度很差，電話訂位說需要兒童椅三張，到現場一張兒童椅也沒有，跟服務人員表示需要兒童椅，服務人員竟臭臉回答：那我還要去分店借！  
上菜速度慢，一直說海鮮要晚點才能送，菜盤跟肉都快吃完了，加點的魚片還沒上！

",2022-11-21,https://www.google.com.tw/maps/place/%E7%AF%89%E9%96%93%E5%B9%B8%E7%A6%8F%E9%8D%8B%E7%89%A9+%E5%8F%B0%E5%8C%97%E5%8D%97%E4%BA%AC%E4%B8%80%E5%BA%97/data=!4m7!3m6!1s0x3442a9666e9f721d:0x8aefbd57ef6d5d45!8m2!3d25.0518598!4d121.5273867!16s%2Fg%2F11b7cqtsy0!19sChIJHXKfbmapQjQRRV1t71e974o?authuser=0&hl=zh-TW&rclk=1,0x3442a9666e9f721d:0x8aefbd57ef6d5d45
2227,HSIENWEI YANG,5,3 年前,,2022-11-21,https://www.google.com.tw/maps/place/%E7%AF%89%E9%96%93%E5%B9%B8%E7%A6%8F%E9%8D%8B%E7%89%A9+%E5%8F%B0%E5%8C%97%E5%8D%97%E4%BA%AC%E4%B8%80%E5%BA%97/data=!4m7!3m6!1s0x3442a9666e9f721d:0x8aefbd57ef6d5d45!8m2!3d25.0518598!4d121.5273867!16s%2Fg%2F11b7cqtsy0!19sChIJHXKfbmapQjQRRV1t71e974o?authuser=0&hl=zh-TW&rclk=1,0x3442a9666e9f721d:0x8aefbd57ef6d5d45
2228,Evelyn C.,4,3 年前,"CP值還不錯的店 食材新鮮 服務人手稍微不足

",2022-11-21,https://www.google.com.tw/maps/place/%E7%AF%89%E9%96%93%E5%B9%B8%E7%A6%8F%E9%8D%8B%E7%89%A9+%E5%8F%B0%E5%8C%97%E5%8D%97%E4%BA%AC%E4%B8%80%E5%BA%97/data=!4m7!3m6!1s0x3442a9666e9f721d:0x8aefbd57ef6d5d45!8m2!3d25.0518598!4d121.5273867!16s%2Fg%2F11b7cqtsy0!19sChIJHXKfbmapQjQRRV1t71e974o?authuser=0&hl=zh-TW&rclk=1,0x3442a9666e9f721d:0x8aefbd57ef6d5d45
2229,Bernie Tan,4,3 年前,,2022-11-21,https://www.google.com.tw/maps/place/%E7%AF%89%E9%96%93%E5%B9%B8%E7%A6%8F%E9%8D%8B%E7%89%A9+%E5%8F%B0%E5%8C%97%E5%8D%97%E4%BA%AC%E4%B8%80%E5%BA%97/data=!4m7!3m6!1s0x3442a9666e9f721d:0x8aefbd57ef6d5d45!8m2!3d25.0518598!4d121.5273867!16s%2Fg%2F11b7cqtsy0!19sChIJHXKfbmapQjQRRV1t71e974o?authuser=0&hl=zh-TW&rclk=1,0x3442a9666e9f721d:0x8aefbd57ef6d5d45
2230,Ting Yi Lin,5,3 年前,"東西好吃

",2022-11-21,https://www.google.com.tw/maps/place/%E7%AF%89%E9%96%93%E5%B9%B8%E7%A6%8F%E9%8D%8B%E7%89%A9+%E5%8F%B0%E5%8C%97%E5%8D%97%E4%BA%AC%E4%B8%80%E5%BA%97/data=!4m7!3m6!1s0x3442a9666e9f721d:0x8aefbd57ef6d5d45!8m2!3d25.0518598!4d121.5273867!16s%2Fg%2F11b7cqtsy0!19sChIJHXKfbmapQjQRRV1t71e974o?authuser=0&hl=zh-TW&rclk=1,0x3442a9666e9f721d:0x8aefbd57ef6d5d45
2231,楊發發,5,3 年前,,2022-11-21,https://www.google.com.tw/maps/place/%E7%AF%89%E9%96%93%E5%B9%B8%E7%A6%8F%E9%8D%8B%E7%89%A9+%E5%8F%B0%E5%8C%97%E5%8D%97%E4%BA%AC%E4%B8%80%E5%BA%97/data=!4m7!3m6!1s0x3442a9666e9f721d:0x8aefbd57ef6d5d45!8m2!3d25.0518598!4d121.5273867!16s%2Fg%2F11b7cqtsy0!19sChIJHXKfbmapQjQRRV1t71e974o?authuser=0&hl=zh-TW&rclk=1,0x3442a9666e9f721d:0x8aefbd57ef6d5d45
2232,Nancy,5,3 年前,"好吃，聚會的很合適。

",2022-11-21,https://www.google.com.tw/maps/place/%E7%AF%89%E9%96%93%E5%B9%B8%E7%A6%8F%E9%8D%8B%E7%89%A9+%E5%8F%B0%E5%8C%97%E5%8D%97%E4%BA%AC%E4%B8%80%E5%BA%97/data=!4m7!3m6!1s0x3442a9666e9f721d:0x8aefbd57ef6d5d45!8m2!3d25.0518598!4d121.5273867!16s%2Fg%2F11b7cqtsy0!19sChIJHXKfbmapQjQRRV1t71e974o?authuser=0&hl=zh-TW&rclk=1,0x3442a9666e9f721d:0x8aefbd57ef6d5d45
2233,Hiroki Goto,4,3 年前,,2022-11-21,https://www.google.com.tw/maps/place/%E7%AF%89%E9%96%93%E5%B9%B8%E7%A6%8F%E9%8D%8B%E7%89%A9+%E5%8F%B0%E5%8C%97%E5%8D%97%E4%BA%AC%E4%B8%80%E5%BA%97/data=!4m7!3m6!1s0x3442a9666e9f721d:0x8aefbd57ef6d5d45!8m2!3d25.0518598!4d121.5273867!16s%2Fg%2F11b7cqtsy0!19sChIJHXKfbmapQjQRRV1t71e974o?authuser=0&hl=zh-TW&rclk=1,0x3442a9666e9f721d:0x8aefbd57ef6d5d45
2234,林旻彥,5,3 年前,"用餐時間有點短，但食物整體是好吃的

",2022-11-21,https://www.google.com.tw/maps/place/%E7%AF%89%E9%96%93%E5%B9%B8%E7%A6%8F%E9%8D%8B%E7%89%A9+%E5%8F%B0%E5%8C%97%E5%8D%97%E4%BA%AC%E4%B8%80%E5%BA%97/data=!4m7!3m6!1s0x3442a9666e9f721d:0x8aefbd57ef6d5d45!8m2!3d25.0518598!4d121.5273867!16s%2Fg%2F11b7cqtsy0!19sChIJHXKfbmapQjQRRV1t71e974o?authuser=0&hl=zh-TW&rclk=1,0x3442a9666e9f721d:0x8aefbd57ef6d5d45
2235,Alex YEH,4,3 年前,,2022-11-21,https://www.google.com.tw/maps/place/%E7%AF%89%E9%96%93%E5%B9%B8%E7%A6%8F%E9%8D%8B%E7%89%A9+%E5%8F%B0%E5%8C%97%E5%8D%97%E4%BA%AC%E4%B8%80%E5%BA%97/data=!4m7!3m6!1s0x3442a9666e9f721d:0x8aefbd57ef6d5d45!8m2!3d25.0518598!4d121.5273867!16s%2Fg%2F11b7cqtsy0!19sChIJHXKfbmapQjQRRV1t71e974o?authuser=0&hl=zh-TW&rclk=1,0x3442a9666e9f721d:0x8aefbd57ef6d5d45
2236,Lisa Liao,5,3 年前,"料好味美的火鍋店

",2022-11-21,https://www.google.com.tw/maps/place/%E7%AF%89%E9%96%93%E5%B9%B8%E7%A6%8F%E9%8D%8B%E7%89%A9+%E5%8F%B0%E5%8C%97%E5%8D%97%E4%BA%AC%E4%B8%80%E5%BA%97/data=!4m7!3m6!1s0x3442a9666e9f721d:0x8aefbd57ef6d5d45!8m2!3d25.0518598!4d121.5273867!16s%2Fg%2F11b7cqtsy0!19sChIJHXKfbmapQjQRRV1t71e974o?authuser=0&hl=zh-TW&rclk=1,0x3442a9666e9f721d:0x8aefbd57ef6d5d45
2237,蘇琦珺,4,3 年前,"湯頭有多樣選擇，這次是選擇麻辣..麻而不辣很夠味，牛肉份量算多（小，220g）已經很夠我吃了 ，但是價位有些偏高！！

",2022-11-21,https://www.google.com.tw/maps/place/%E7%AF%89%E9%96%93%E5%B9%B8%E7%A6%8F%E9%8D%8B%E7%89%A9+%E5%8F%B0%E5%8C%97%E5%8D%97%E4%BA%AC%E4%B8%80%E5%BA%97/data=!4m7!3m6!1s0x3442a9666e9f721d:0x8aefbd57ef6d5d45!8m2!3d25.0518598!4d121.5273867!16s%2Fg%2F11b7cqtsy0!19sChIJHXKfbmapQjQRRV1t71e974o?authuser=0&hl=zh-TW&rclk=1,0x3442a9666e9f721d:0x8aefbd57ef6d5d45
2238,Yigo Chung,4,3 年前,"湯頭佳，料肉海鮮 鮮 !

",2022-11-21,https://www.google.com.tw/maps/place/%E7%AF%89%E9%96%93%E5%B9%B8%E7%A6%8F%E9%8D%8B%E7%89%A9+%E5%8F%B0%E5%8C%97%E5%8D%97%E4%BA%AC%E4%B8%80%E5%BA%97/data=!4m7!3m6!1s0x3442a9666e9f721d:0x8aefbd57ef6d5d45!8m2!3d25.0518598!4d121.5273867!16s%2Fg%2F11b7cqtsy0!19sChIJHXKfbmapQjQRRV1t71e974o?authuser=0&hl=zh-TW&rclk=1,0x3442a9666e9f721d:0x8aefbd57ef6d5d45
2239,shaft yi,2,3 年前,,2022-11-21,https://www.google.com.tw/maps/place/%E7%AF%89%E9%96%93%E5%B9%B8%E7%A6%8F%E9%8D%8B%E7%89%A9+%E5%8F%B0%E5%8C%97%E5%8D%97%E4%BA%AC%E4%B8%80%E5%BA%97/data=!4m7!3m6!1s0x3442a9666e9f721d:0x8aefbd57ef6d5d45!8m2!3d25.0518598!4d121.5273867!16s%2Fg%2F11b7cqtsy0!19sChIJHXKfbmapQjQRRV1t71e974o?authuser=0&hl=zh-TW&rclk=1,0x3442a9666e9f721d:0x8aefbd57ef6d5d45
2240,林文英,5,3 年前,"夜班小夜下班聚餐好去處，營業到四點喔！

",2022-11-21,https://www.google.com.tw/maps/place/%E7%AF%89%E9%96%93%E5%B9%B8%E7%A6%8F%E9%8D%8B%E7%89%A9+%E5%8F%B0%E5%8C%97%E5%8D%97%E4%BA%AC%E4%B8%80%E5%BA%97/data=!4m7!3m6!1s0x3442a9666e9f721d:0x8aefbd57ef6d5d45!8m2!3d25.0518598!4d121.5273867!16s%2Fg%2F11b7cqtsy0!19sChIJHXKfbmapQjQRRV1t71e974o?authuser=0&hl=zh-TW&rclk=1,0x3442a9666e9f721d:0x8aefbd57ef6d5d45
2241,Bryant Kobe,4,3 年前,,2022-11-21,https://www.google.com.tw/maps/place/%E7%AF%89%E9%96%93%E5%B9%B8%E7%A6%8F%E9%8D%8B%E7%89%A9+%E5%8F%B0%E5%8C%97%E5%8D%97%E4%BA%AC%E4%B8%80%E5%BA%97/data=!4m7!3m6!1s0x3442a9666e9f721d:0x8aefbd57ef6d5d45!8m2!3d25.0518598!4d121.5273867!16s%2Fg%2F11b7cqtsy0!19sChIJHXKfbmapQjQRRV1t71e974o?authuser=0&hl=zh-TW&rclk=1,0x3442a9666e9f721d:0x8aefbd57ef6d5d45
2242,justin hll,1,3 年前,"危機處理和服務品質極差。  
在冰淇淋裡面吃到類似泡棉的東西，告知服務員。他居然只是盯著泡棉幾十秒，然後直接離開。連一句不好意思都沒有。  
一樓櫃檯人員也不是很客氣，但其餘的服務人員態度很好。食物也好吃

",2022-11-21,https://www.google.com.tw/maps/place/%E7%AF%89%E9%96%93%E5%B9%B8%E7%A6%8F%E9%8D%8B%E7%89%A9+%E5%8F%B0%E5%8C%97%E5%8D%97%E4%BA%AC%E4%B8%80%E5%BA%97/data=!4m7!3m6!1s0x3442a9666e9f721d:0x8aefbd57ef6d5d45!8m2!3d25.0518598!4d121.5273867!16s%2Fg%2F11b7cqtsy0!19sChIJHXKfbmapQjQRRV1t71e974o?authuser=0&hl=zh-TW&rclk=1,0x3442a9666e9f721d:0x8aefbd57ef6d5d45
2243,陳冠瑋,5,3 年前,,2022-11-21,https://www.google.com.tw/maps/place/%E7%AF%89%E9%96%93%E5%B9%B8%E7%A6%8F%E9%8D%8B%E7%89%A9+%E5%8F%B0%E5%8C%97%E5%8D%97%E4%BA%AC%E4%B8%80%E5%BA%97/data=!4m7!3m6!1s0x3442a9666e9f721d:0x8aefbd57ef6d5d45!8m2!3d25.0518598!4d121.5273867!16s%2Fg%2F11b7cqtsy0!19sChIJHXKfbmapQjQRRV1t71e974o?authuser=0&hl=zh-TW&rclk=1,0x3442a9666e9f721d:0x8aefbd57ef6d5d45
2244,ZihZih Chen,1,3 年前,"菜上面有小蝸牛  
反應過送來第二盤又有另一隻小蝸牛  
同桌朋友的菜上也有兩隻蟲  
這是根本沒洗過菜的意思嗎？  
這衛生水準可以開餐廳？  
可恥。

",2022-11-21,https://www.google.com.tw/maps/place/%E7%AF%89%E9%96%93%E5%B9%B8%E7%A6%8F%E9%8D%8B%E7%89%A9+%E5%8F%B0%E5%8C%97%E5%8D%97%E4%BA%AC%E4%B8%80%E5%BA%97/data=!4m7!3m6!1s0x3442a9666e9f721d:0x8aefbd57ef6d5d45!8m2!3d25.0518598!4d121.5273867!16s%2Fg%2F11b7cqtsy0!19sChIJHXKfbmapQjQRRV1t71e974o?authuser=0&hl=zh-TW&rclk=1,0x3442a9666e9f721d:0x8aefbd57ef6d5d45
2245,CHINGPIN CHEN,4,3 年前,,2022-11-21,https://www.google.com.tw/maps/place/%E7%AF%89%E9%96%93%E5%B9%B8%E7%A6%8F%E9%8D%8B%E7%89%A9+%E5%8F%B0%E5%8C%97%E5%8D%97%E4%BA%AC%E4%B8%80%E5%BA%97/data=!4m7!3m6!1s0x3442a9666e9f721d:0x8aefbd57ef6d5d45!8m2!3d25.0518598!4d121.5273867!16s%2Fg%2F11b7cqtsy0!19sChIJHXKfbmapQjQRRV1t71e974o?authuser=0&hl=zh-TW&rclk=1,0x3442a9666e9f721d:0x8aefbd57ef6d5d45
2246,Hsuan Yu Chen,5,3 年前,"食材新鮮，態度良好，很適合聚餐的地方

",2022-11-21,https://www.google.com.tw/maps/place/%E7%AF%89%E9%96%93%E5%B9%B8%E7%A6%8F%E9%8D%8B%E7%89%A9+%E5%8F%B0%E5%8C%97%E5%8D%97%E4%BA%AC%E4%B8%80%E5%BA%97/data=!4m7!3m6!1s0x3442a9666e9f721d:0x8aefbd57ef6d5d45!8m2!3d25.0518598!4d121.5273867!16s%2Fg%2F11b7cqtsy0!19sChIJHXKfbmapQjQRRV1t71e974o?authuser=0&hl=zh-TW&rclk=1,0x3442a9666e9f721d:0x8aefbd57ef6d5d45
2247,Hao Morris,4,3 年前,,2022-11-21,https://www.google.com.tw/maps/place/%E7%AF%89%E9%96%93%E5%B9%B8%E7%A6%8F%E9%8D%8B%E7%89%A9+%E5%8F%B0%E5%8C%97%E5%8D%97%E4%BA%AC%E4%B8%80%E5%BA%97/data=!4m7!3m6!1s0x3442a9666e9f721d:0x8aefbd57ef6d5d45!8m2!3d25.0518598!4d121.5273867!16s%2Fg%2F11b7cqtsy0!19sChIJHXKfbmapQjQRRV1t71e974o?authuser=0&hl=zh-TW&rclk=1,0x3442a9666e9f721d:0x8aefbd57ef6d5d45
2248,林昀,5,3 年前,,2022-11-21,https://www.google.com.tw/maps/place/%E7%AF%89%E9%96%93%E5%B9%B8%E7%A6%8F%E9%8D%8B%E7%89%A9+%E5%8F%B0%E5%8C%97%E5%8D%97%E4%BA%AC%E4%B8%80%E5%BA%97/data=!4m7!3m6!1s0x3442a9666e9f721d:0x8aefbd57ef6d5d45!8m2!3d25.0518598!4d121.5273867!16s%2Fg%2F11b7cqtsy0!19sChIJHXKfbmapQjQRRV1t71e974o?authuser=0&hl=zh-TW&rclk=1,0x3442a9666e9f721d:0x8aefbd57ef6d5d45
2249,黃登,3,3 年前,,2022-11-21,https://www.google.com.tw/maps/place/%E7%AF%89%E9%96%93%E5%B9%B8%E7%A6%8F%E9%8D%8B%E7%89%A9+%E5%8F%B0%E5%8C%97%E5%8D%97%E4%BA%AC%E4%B8%80%E5%BA%97/data=!4m7!3m6!1s0x3442a9666e9f721d:0x8aefbd57ef6d5d45!8m2!3d25.0518598!4d121.5273867!16s%2Fg%2F11b7cqtsy0!19sChIJHXKfbmapQjQRRV1t71e974o?authuser=0&hl=zh-TW&rclk=1,0x3442a9666e9f721d:0x8aefbd57ef6d5d45
2250,羅郁靖,4,3 年前,,2022-11-21,https://www.google.com.tw/maps/place/%E7%AF%89%E9%96%93%E5%B9%B8%E7%A6%8F%E9%8D%8B%E7%89%A9+%E5%8F%B0%E5%8C%97%E5%8D%97%E4%BA%AC%E4%B8%80%E5%BA%97/data=!4m7!3m6!1s0x3442a9666e9f721d:0x8aefbd57ef6d5d45!8m2!3d25.0518598!4d121.5273867!16s%2Fg%2F11b7cqtsy0!19sChIJHXKfbmapQjQRRV1t71e974o?authuser=0&hl=zh-TW&rclk=1,0x3442a9666e9f721d:0x8aefbd57ef6d5d45
2251,Kimo Chen,4,3 年前,,2022-11-21,https://www.google.com.tw/maps/place/%E7%AF%89%E9%96%93%E5%B9%B8%E7%A6%8F%E9%8D%8B%E7%89%A9+%E5%8F%B0%E5%8C%97%E5%8D%97%E4%BA%AC%E4%B8%80%E5%BA%97/data=!4m7!3m6!1s0x3442a9666e9f721d:0x8aefbd57ef6d5d45!8m2!3d25.0518598!4d121.5273867!16s%2Fg%2F11b7cqtsy0!19sChIJHXKfbmapQjQRRV1t71e974o?authuser=0&hl=zh-TW&rclk=1,0x3442a9666e9f721d:0x8aefbd57ef6d5d45
2252,Shiang-Lin Shen,1,3 年前,"櫃台人員服務品質有待加強!!  
1\.
原本訂位19:30，前一天打電話來說能不能換到20:30，就已經跟店員說21:00有人有事要先走，沒辦法接受延後到這麼晚，還一直鬼打強說那改到20:30?!
(黑人問號)  
2\. 當天訂位確認電話，沒有事先告知座位要換到二樓，現場才說要換，跟櫃台反應結果竟然回應說: ""當天不是我上班，但訂位板子寫二樓""
(哈喽小姐，這樣回應根本一秒惹怒顧客)，就算當時訂位不是你上班也要好好處理好嗎?  
3\. 用餐1.5小時，結束前5分鐘才提醒? 而且還過來加湯? 時間到準時趕人?  
  
另外，菜盤不怎麼樣，實在不推薦!  
  
(由 Google 提供翻譯)  
櫃台人員服務品質有待加強!!  
1\.
原本訂位19:30，前一天打電話來說能不能換到20:30，就已經跟店員說21:00有人有事要先走，沒辦法接受延後到這麼晚，還一直鬼打強說那改到20:30?!
(黑人問號)  
2\. 當天訂位確認電話，沒有事先告知座位要換到二樓，現場才說要換，跟櫃台反應結果竟然回應說: ""當天不是我上班，但訂位板子寫二樓""
(哈嘍小姐，這樣回應根本一秒惹怒顧客)，就算當時訂位不是你上班也要好好處理好嗎?  
3\. 用餐1.5小時，結束前5分鐘才提醒? 而且還過來加湯? 時間到準時趕人?  
  
另外，菜盤不怎麼樣，實在不推薦!

",2022-11-21,https://www.google.com.tw/maps/place/%E7%AF%89%E9%96%93%E5%B9%B8%E7%A6%8F%E9%8D%8B%E7%89%A9+%E5%8F%B0%E5%8C%97%E5%8D%97%E4%BA%AC%E4%B8%80%E5%BA%97/data=!4m7!3m6!1s0x3442a9666e9f721d:0x8aefbd57ef6d5d45!8m2!3d25.0518598!4d121.5273867!16s%2Fg%2F11b7cqtsy0!19sChIJHXKfbmapQjQRRV1t71e974o?authuser=0&hl=zh-TW&rclk=1,0x3442a9666e9f721d:0x8aefbd57ef6d5d45
2253,阮興章,5,3 年前,,2022-11-21,https://www.google.com.tw/maps/place/%E7%AF%89%E9%96%93%E5%B9%B8%E7%A6%8F%E9%8D%8B%E7%89%A9+%E5%8F%B0%E5%8C%97%E5%8D%97%E4%BA%AC%E4%B8%80%E5%BA%97/data=!4m7!3m6!1s0x3442a9666e9f721d:0x8aefbd57ef6d5d45!8m2!3d25.0518598!4d121.5273867!16s%2Fg%2F11b7cqtsy0!19sChIJHXKfbmapQjQRRV1t71e974o?authuser=0&hl=zh-TW&rclk=1,0x3442a9666e9f721d:0x8aefbd57ef6d5d45
2254,Troy Lin,5,3 年前,"藥膳湯底讚

",2022-11-21,https://www.google.com.tw/maps/place/%E7%AF%89%E9%96%93%E5%B9%B8%E7%A6%8F%E9%8D%8B%E7%89%A9+%E5%8F%B0%E5%8C%97%E5%8D%97%E4%BA%AC%E4%B8%80%E5%BA%97/data=!4m7!3m6!1s0x3442a9666e9f721d:0x8aefbd57ef6d5d45!8m2!3d25.0518598!4d121.5273867!16s%2Fg%2F11b7cqtsy0!19sChIJHXKfbmapQjQRRV1t71e974o?authuser=0&hl=zh-TW&rclk=1,0x3442a9666e9f721d:0x8aefbd57ef6d5d45
2255,陳茂榮,4,3 年前,,2022-11-21,https://www.google.com.tw/maps/place/%E7%AF%89%E9%96%93%E5%B9%B8%E7%A6%8F%E9%8D%8B%E7%89%A9+%E5%8F%B0%E5%8C%97%E5%8D%97%E4%BA%AC%E4%B8%80%E5%BA%97/data=!4m7!3m6!1s0x3442a9666e9f721d:0x8aefbd57ef6d5d45!8m2!3d25.0518598!4d121.5273867!16s%2Fg%2F11b7cqtsy0!19sChIJHXKfbmapQjQRRV1t71e974o?authuser=0&hl=zh-TW&rclk=1,0x3442a9666e9f721d:0x8aefbd57ef6d5d45
2256,Lin Kevin,3,3 年前,"菜沒洗乾淨  
量也更少了

",2022-11-21,https://www.google.com.tw/maps/place/%E7%AF%89%E9%96%93%E5%B9%B8%E7%A6%8F%E9%8D%8B%E7%89%A9+%E5%8F%B0%E5%8C%97%E5%8D%97%E4%BA%AC%E4%B8%80%E5%BA%97/data=!4m7!3m6!1s0x3442a9666e9f721d:0x8aefbd57ef6d5d45!8m2!3d25.0518598!4d121.5273867!16s%2Fg%2F11b7cqtsy0!19sChIJHXKfbmapQjQRRV1t71e974o?authuser=0&hl=zh-TW&rclk=1,0x3442a9666e9f721d:0x8aefbd57ef6d5d45
2257,黃遠,4,3 年前,"常吃

",2022-11-21,https://www.google.com.tw/maps/place/%E7%AF%89%E9%96%93%E5%B9%B8%E7%A6%8F%E9%8D%8B%E7%89%A9+%E5%8F%B0%E5%8C%97%E5%8D%97%E4%BA%AC%E4%B8%80%E5%BA%97/data=!4m7!3m6!1s0x3442a9666e9f721d:0x8aefbd57ef6d5d45!8m2!3d25.0518598!4d121.5273867!16s%2Fg%2F11b7cqtsy0!19sChIJHXKfbmapQjQRRV1t71e974o?authuser=0&hl=zh-TW&rclk=1,0x3442a9666e9f721d:0x8aefbd57ef6d5d45
2258,呂鳳鵬,5,3 年前,,2022-11-21,https://www.google.com.tw/maps/place/%E7%AF%89%E9%96%93%E5%B9%B8%E7%A6%8F%E9%8D%8B%E7%89%A9+%E5%8F%B0%E5%8C%97%E5%8D%97%E4%BA%AC%E4%B8%80%E5%BA%97/data=!4m7!3m6!1s0x3442a9666e9f721d:0x8aefbd57ef6d5d45!8m2!3d25.0518598!4d121.5273867!16s%2Fg%2F11b7cqtsy0!19sChIJHXKfbmapQjQRRV1t71e974o?authuser=0&hl=zh-TW&rclk=1,0x3442a9666e9f721d:0x8aefbd57ef6d5d45
2259,盧卡斯,4,3 年前,,2022-11-21,https://www.google.com.tw/maps/place/%E7%AF%89%E9%96%93%E5%B9%B8%E7%A6%8F%E9%8D%8B%E7%89%A9+%E5%8F%B0%E5%8C%97%E5%8D%97%E4%BA%AC%E4%B8%80%E5%BA%97/data=!4m7!3m6!1s0x3442a9666e9f721d:0x8aefbd57ef6d5d45!8m2!3d25.0518598!4d121.5273867!16s%2Fg%2F11b7cqtsy0!19sChIJHXKfbmapQjQRRV1t71e974o?authuser=0&hl=zh-TW&rclk=1,0x3442a9666e9f721d:0x8aefbd57ef6d5d45
2260,CC Hsien,3,3 年前,"想預約.....但電話有夠難打 上錯肉 但後來又補給一盤 還不錯吃

",2022-11-21,https://www.google.com.tw/maps/place/%E7%AF%89%E9%96%93%E5%B9%B8%E7%A6%8F%E9%8D%8B%E7%89%A9+%E5%8F%B0%E5%8C%97%E5%8D%97%E4%BA%AC%E4%B8%80%E5%BA%97/data=!4m7!3m6!1s0x3442a9666e9f721d:0x8aefbd57ef6d5d45!8m2!3d25.0518598!4d121.5273867!16s%2Fg%2F11b7cqtsy0!19sChIJHXKfbmapQjQRRV1t71e974o?authuser=0&hl=zh-TW&rclk=1,0x3442a9666e9f721d:0x8aefbd57ef6d5d45
2261,Cola Lin,4,3 年前,"不錯吃，cp值頗高。  
海鮮新鮮又大顆！

",2022-11-21,https://www.google.com.tw/maps/place/%E7%AF%89%E9%96%93%E5%B9%B8%E7%A6%8F%E9%8D%8B%E7%89%A9+%E5%8F%B0%E5%8C%97%E5%8D%97%E4%BA%AC%E4%B8%80%E5%BA%97/data=!4m7!3m6!1s0x3442a9666e9f721d:0x8aefbd57ef6d5d45!8m2!3d25.0518598!4d121.5273867!16s%2Fg%2F11b7cqtsy0!19sChIJHXKfbmapQjQRRV1t71e974o?authuser=0&hl=zh-TW&rclk=1,0x3442a9666e9f721d:0x8aefbd57ef6d5d45
2262,Pizza Man,4,3 年前,"不錯ㄛ

",2022-11-21,https://www.google.com.tw/maps/place/%E7%AF%89%E9%96%93%E5%B9%B8%E7%A6%8F%E9%8D%8B%E7%89%A9+%E5%8F%B0%E5%8C%97%E5%8D%97%E4%BA%AC%E4%B8%80%E5%BA%97/data=!4m7!3m6!1s0x3442a9666e9f721d:0x8aefbd57ef6d5d45!8m2!3d25.0518598!4d121.5273867!16s%2Fg%2F11b7cqtsy0!19sChIJHXKfbmapQjQRRV1t71e974o?authuser=0&hl=zh-TW&rclk=1,0x3442a9666e9f721d:0x8aefbd57ef6d5d45
2263,蒼漣楠曲,4,3 年前,,2022-11-21,https://www.google.com.tw/maps/place/%E7%AF%89%E9%96%93%E5%B9%B8%E7%A6%8F%E9%8D%8B%E7%89%A9+%E5%8F%B0%E5%8C%97%E5%8D%97%E4%BA%AC%E4%B8%80%E5%BA%97/data=!4m7!3m6!1s0x3442a9666e9f721d:0x8aefbd57ef6d5d45!8m2!3d25.0518598!4d121.5273867!16s%2Fg%2F11b7cqtsy0!19sChIJHXKfbmapQjQRRV1t71e974o?authuser=0&hl=zh-TW&rclk=1,0x3442a9666e9f721d:0x8aefbd57ef6d5d45
2264,Yuyu Mydef,1,3 年前,,2022-11-21,https://www.google.com.tw/maps/place/%E7%AF%89%E9%96%93%E5%B9%B8%E7%A6%8F%E9%8D%8B%E7%89%A9+%E5%8F%B0%E5%8C%97%E5%8D%97%E4%BA%AC%E4%B8%80%E5%BA%97/data=!4m7!3m6!1s0x3442a9666e9f721d:0x8aefbd57ef6d5d45!8m2!3d25.0518598!4d121.5273867!16s%2Fg%2F11b7cqtsy0!19sChIJHXKfbmapQjQRRV1t71e974o?authuser=0&hl=zh-TW&rclk=1,0x3442a9666e9f721d:0x8aefbd57ef6d5d45
2265,Piano Yuri,4,3 年前,,2022-11-21,https://www.google.com.tw/maps/place/%E7%AF%89%E9%96%93%E5%B9%B8%E7%A6%8F%E9%8D%8B%E7%89%A9+%E5%8F%B0%E5%8C%97%E5%8D%97%E4%BA%AC%E4%B8%80%E5%BA%97/data=!4m7!3m6!1s0x3442a9666e9f721d:0x8aefbd57ef6d5d45!8m2!3d25.0518598!4d121.5273867!16s%2Fg%2F11b7cqtsy0!19sChIJHXKfbmapQjQRRV1t71e974o?authuser=0&hl=zh-TW&rclk=1,0x3442a9666e9f721d:0x8aefbd57ef6d5d45
2266,jamesrocks huang,1,3 年前,"為了拼翻桌率，用餐時間才訂一個小時半，以為不會來催桌，沒想到還真的用餐時間只剩10分鐘跟5分鐘時，各來催促一次，一整個很沒用餐的質感，什麼幸福鍋物，吃得一點都不幸福，重點是還要收服務費非常不ok，下次不會再來了！

",2022-11-21,https://www.google.com.tw/maps/place/%E7%AF%89%E9%96%93%E5%B9%B8%E7%A6%8F%E9%8D%8B%E7%89%A9+%E5%8F%B0%E5%8C%97%E5%8D%97%E4%BA%AC%E4%B8%80%E5%BA%97/data=!4m7!3m6!1s0x3442a9666e9f721d:0x8aefbd57ef6d5d45!8m2!3d25.0518598!4d121.5273867!16s%2Fg%2F11b7cqtsy0!19sChIJHXKfbmapQjQRRV1t71e974o?authuser=0&hl=zh-TW&rclk=1,0x3442a9666e9f721d:0x8aefbd57ef6d5d45
2267,夏華君,4,3 年前,"不錯吃，交通方便

",2022-11-21,https://www.google.com.tw/maps/place/%E7%AF%89%E9%96%93%E5%B9%B8%E7%A6%8F%E9%8D%8B%E7%89%A9+%E5%8F%B0%E5%8C%97%E5%8D%97%E4%BA%AC%E4%B8%80%E5%BA%97/data=!4m7!3m6!1s0x3442a9666e9f721d:0x8aefbd57ef6d5d45!8m2!3d25.0518598!4d121.5273867!16s%2Fg%2F11b7cqtsy0!19sChIJHXKfbmapQjQRRV1t71e974o?authuser=0&hl=zh-TW&rclk=1,0x3442a9666e9f721d:0x8aefbd57ef6d5d45
2268,f.s chen,3,3 年前,"安格斯牛小排變薄了⋯口感跟以前差很多～真可惜

",2022-11-21,https://www.google.com.tw/maps/place/%E7%AF%89%E9%96%93%E5%B9%B8%E7%A6%8F%E9%8D%8B%E7%89%A9+%E5%8F%B0%E5%8C%97%E5%8D%97%E4%BA%AC%E4%B8%80%E5%BA%97/data=!4m7!3m6!1s0x3442a9666e9f721d:0x8aefbd57ef6d5d45!8m2!3d25.0518598!4d121.5273867!16s%2Fg%2F11b7cqtsy0!19sChIJHXKfbmapQjQRRV1t71e974o?authuser=0&hl=zh-TW&rclk=1,0x3442a9666e9f721d:0x8aefbd57ef6d5d45
2269,Chung mei Wu,4,3 年前,"肉質好吃量又大

",2022-11-21,https://www.google.com.tw/maps/place/%E7%AF%89%E9%96%93%E5%B9%B8%E7%A6%8F%E9%8D%8B%E7%89%A9+%E5%8F%B0%E5%8C%97%E5%8D%97%E4%BA%AC%E4%B8%80%E5%BA%97/data=!4m7!3m6!1s0x3442a9666e9f721d:0x8aefbd57ef6d5d45!8m2!3d25.0518598!4d121.5273867!16s%2Fg%2F11b7cqtsy0!19sChIJHXKfbmapQjQRRV1t71e974o?authuser=0&hl=zh-TW&rclk=1,0x3442a9666e9f721d:0x8aefbd57ef6d5d45
2270,Alisa Zhu,1,3 年前,"兩個月內我來吃了四次，樓下兩次樓上兩次，雖說東西不錯，但樓上樓下的服務態度實在差太多了，讓我越來越不想再去。  
樓下的服務員招待很親切，我冬粉煮太久了還會提醒我，想打包話都還沒說完就笑笑的說幫我打包。  
然而兩次樓上用餐的經驗實在太糟糕，常常看不到店員，要加湯還要自己去找人，每個人臉都臭的像我們欠錢一樣，不懂服務費是在付什麼的。  
我們也知道翻桌壓力，但實在沒必要10分鐘內就來趕兩次人，帶著兩個小孩東西都還沒吃完，又不是遲到故意拖拉還是在吃冰，無法理解一家店面怎麼可以差一樓差這麼多。

",2022-11-21,https://www.google.com.tw/maps/place/%E7%AF%89%E9%96%93%E5%B9%B8%E7%A6%8F%E9%8D%8B%E7%89%A9+%E5%8F%B0%E5%8C%97%E5%8D%97%E4%BA%AC%E4%B8%80%E5%BA%97/data=!4m7!3m6!1s0x3442a9666e9f721d:0x8aefbd57ef6d5d45!8m2!3d25.0518598!4d121.5273867!16s%2Fg%2F11b7cqtsy0!19sChIJHXKfbmapQjQRRV1t71e974o?authuser=0&hl=zh-TW&rclk=1,0x3442a9666e9f721d:0x8aefbd57ef6d5d45
2271,林怡德,5,3 年前,"價格合理 食材美味

",2022-11-21,https://www.google.com.tw/maps/place/%E7%AF%89%E9%96%93%E5%B9%B8%E7%A6%8F%E9%8D%8B%E7%89%A9+%E5%8F%B0%E5%8C%97%E5%8D%97%E4%BA%AC%E4%B8%80%E5%BA%97/data=!4m7!3m6!1s0x3442a9666e9f721d:0x8aefbd57ef6d5d45!8m2!3d25.0518598!4d121.5273867!16s%2Fg%2F11b7cqtsy0!19sChIJHXKfbmapQjQRRV1t71e974o?authuser=0&hl=zh-TW&rclk=1,0x3442a9666e9f721d:0x8aefbd57ef6d5d45
2272,Carrie Chu,1,3 年前,"12/8下午4點半入座~5：45告知用餐時間剩下15分鐘~5:55告知剩下5分鐘~我跟服務人員說~能讓我剝個蝦把蝦吃完嗎？他說可以可以~因為後面還有客人在等…問題還有好幾桌空桌耶
我們5大2小~帶著2個大約2歲的孩子用餐~真的超級趕……不會吃你們的冰~何必那麼緊張？

",2022-11-21,https://www.google.com.tw/maps/place/%E7%AF%89%E9%96%93%E5%B9%B8%E7%A6%8F%E9%8D%8B%E7%89%A9+%E5%8F%B0%E5%8C%97%E5%8D%97%E4%BA%AC%E4%B8%80%E5%BA%97/data=!4m7!3m6!1s0x3442a9666e9f721d:0x8aefbd57ef6d5d45!8m2!3d25.0518598!4d121.5273867!16s%2Fg%2F11b7cqtsy0!19sChIJHXKfbmapQjQRRV1t71e974o?authuser=0&hl=zh-TW&rclk=1,0x3442a9666e9f721d:0x8aefbd57ef6d5d45
2273,Nick-HSU,1,3 年前,"現場劃位說前面有4組，等了半小時再問前面變成五組?

",2022-11-21,https://www.google.com.tw/maps/place/%E7%AF%89%E9%96%93%E5%B9%B8%E7%A6%8F%E9%8D%8B%E7%89%A9+%E5%8F%B0%E5%8C%97%E5%8D%97%E4%BA%AC%E4%B8%80%E5%BA%97/data=!4m7!3m6!1s0x3442a9666e9f721d:0x8aefbd57ef6d5d45!8m2!3d25.0518598!4d121.5273867!16s%2Fg%2F11b7cqtsy0!19sChIJHXKfbmapQjQRRV1t71e974o?authuser=0&hl=zh-TW&rclk=1,0x3442a9666e9f721d:0x8aefbd57ef6d5d45
2274,郭人豪,5,3 年前,"價位實在，服務優質，環境乾淨

",2022-11-21,https://www.google.com.tw/maps/place/%E7%AF%89%E9%96%93%E5%B9%B8%E7%A6%8F%E9%8D%8B%E7%89%A9+%E5%8F%B0%E5%8C%97%E5%8D%97%E4%BA%AC%E4%B8%80%E5%BA%97/data=!4m7!3m6!1s0x3442a9666e9f721d:0x8aefbd57ef6d5d45!8m2!3d25.0518598!4d121.5273867!16s%2Fg%2F11b7cqtsy0!19sChIJHXKfbmapQjQRRV1t71e974o?authuser=0&hl=zh-TW&rclk=1,0x3442a9666e9f721d:0x8aefbd57ef6d5d45
2275,Louy Huang,5,3 年前,"乾淨舒適湯頭讚

",2022-11-21,https://www.google.com.tw/maps/place/%E7%AF%89%E9%96%93%E5%B9%B8%E7%A6%8F%E9%8D%8B%E7%89%A9+%E5%8F%B0%E5%8C%97%E5%8D%97%E4%BA%AC%E4%B8%80%E5%BA%97/data=!4m7!3m6!1s0x3442a9666e9f721d:0x8aefbd57ef6d5d45!8m2!3d25.0518598!4d121.5273867!16s%2Fg%2F11b7cqtsy0!19sChIJHXKfbmapQjQRRV1t71e974o?authuser=0&hl=zh-TW&rclk=1,0x3442a9666e9f721d:0x8aefbd57ef6d5d45
2276,朱小八,5,3 年前,"記得預約

",2022-11-21,https://www.google.com.tw/maps/place/%E7%AF%89%E9%96%93%E5%B9%B8%E7%A6%8F%E9%8D%8B%E7%89%A9+%E5%8F%B0%E5%8C%97%E5%8D%97%E4%BA%AC%E4%B8%80%E5%BA%97/data=!4m7!3m6!1s0x3442a9666e9f721d:0x8aefbd57ef6d5d45!8m2!3d25.0518598!4d121.5273867!16s%2Fg%2F11b7cqtsy0!19sChIJHXKfbmapQjQRRV1t71e974o?authuser=0&hl=zh-TW&rclk=1,0x3442a9666e9f721d:0x8aefbd57ef6d5d45
2277,Simone Sung,3,3 年前,,2022-11-21,https://www.google.com.tw/maps/place/%E7%AF%89%E9%96%93%E5%B9%B8%E7%A6%8F%E9%8D%8B%E7%89%A9+%E5%8F%B0%E5%8C%97%E5%8D%97%E4%BA%AC%E4%B8%80%E5%BA%97/data=!4m7!3m6!1s0x3442a9666e9f721d:0x8aefbd57ef6d5d45!8m2!3d25.0518598!4d121.5273867!16s%2Fg%2F11b7cqtsy0!19sChIJHXKfbmapQjQRRV1t71e974o?authuser=0&hl=zh-TW&rclk=1,0x3442a9666e9f721d:0x8aefbd57ef6d5d45
2278,裘剡聲,4,3 年前,,2022-11-21,https://www.google.com.tw/maps/place/%E7%AF%89%E9%96%93%E5%B9%B8%E7%A6%8F%E9%8D%8B%E7%89%A9+%E5%8F%B0%E5%8C%97%E5%8D%97%E4%BA%AC%E4%B8%80%E5%BA%97/data=!4m7!3m6!1s0x3442a9666e9f721d:0x8aefbd57ef6d5d45!8m2!3d25.0518598!4d121.5273867!16s%2Fg%2F11b7cqtsy0!19sChIJHXKfbmapQjQRRV1t71e974o?authuser=0&hl=zh-TW&rclk=1,0x3442a9666e9f721d:0x8aefbd57ef6d5d45
2279,陳欣怡,5,3 年前,,2022-11-21,https://www.google.com.tw/maps/place/%E7%AF%89%E9%96%93%E5%B9%B8%E7%A6%8F%E9%8D%8B%E7%89%A9+%E5%8F%B0%E5%8C%97%E5%8D%97%E4%BA%AC%E4%B8%80%E5%BA%97/data=!4m7!3m6!1s0x3442a9666e9f721d:0x8aefbd57ef6d5d45!8m2!3d25.0518598!4d121.5273867!16s%2Fg%2F11b7cqtsy0!19sChIJHXKfbmapQjQRRV1t71e974o?authuser=0&hl=zh-TW&rclk=1,0x3442a9666e9f721d:0x8aefbd57ef6d5d45
2280,Cho Yachien,4,3 年前,"物有所值

",2022-11-21,https://www.google.com.tw/maps/place/%E7%AF%89%E9%96%93%E5%B9%B8%E7%A6%8F%E9%8D%8B%E7%89%A9+%E5%8F%B0%E5%8C%97%E5%8D%97%E4%BA%AC%E4%B8%80%E5%BA%97/data=!4m7!3m6!1s0x3442a9666e9f721d:0x8aefbd57ef6d5d45!8m2!3d25.0518598!4d121.5273867!16s%2Fg%2F11b7cqtsy0!19sChIJHXKfbmapQjQRRV1t71e974o?authuser=0&hl=zh-TW&rclk=1,0x3442a9666e9f721d:0x8aefbd57ef6d5d45
2281,咘咘咘咘咘,3,3 年前,,2022-11-21,https://www.google.com.tw/maps/place/%E7%AF%89%E9%96%93%E5%B9%B8%E7%A6%8F%E9%8D%8B%E7%89%A9+%E5%8F%B0%E5%8C%97%E5%8D%97%E4%BA%AC%E4%B8%80%E5%BA%97/data=!4m7!3m6!1s0x3442a9666e9f721d:0x8aefbd57ef6d5d45!8m2!3d25.0518598!4d121.5273867!16s%2Fg%2F11b7cqtsy0!19sChIJHXKfbmapQjQRRV1t71e974o?authuser=0&hl=zh-TW&rclk=1,0x3442a9666e9f721d:0x8aefbd57ef6d5d45
2282,Fen,5,3 年前,"肉很多，因為人多營業時間也長，所以用餐時間限制較為嚴格。

",2022-11-21,https://www.google.com.tw/maps/place/%E7%AF%89%E9%96%93%E5%B9%B8%E7%A6%8F%E9%8D%8B%E7%89%A9+%E5%8F%B0%E5%8C%97%E5%8D%97%E4%BA%AC%E4%B8%80%E5%BA%97/data=!4m7!3m6!1s0x3442a9666e9f721d:0x8aefbd57ef6d5d45!8m2!3d25.0518598!4d121.5273867!16s%2Fg%2F11b7cqtsy0!19sChIJHXKfbmapQjQRRV1t71e974o?authuser=0&hl=zh-TW&rclk=1,0x3442a9666e9f721d:0x8aefbd57ef6d5d45
2283,流浪貓,3,3 年前,"還不錯但沒有那麼好吃，服務態度有待改善

",2022-11-21,https://www.google.com.tw/maps/place/%E7%AF%89%E9%96%93%E5%B9%B8%E7%A6%8F%E9%8D%8B%E7%89%A9+%E5%8F%B0%E5%8C%97%E5%8D%97%E4%BA%AC%E4%B8%80%E5%BA%97/data=!4m7!3m6!1s0x3442a9666e9f721d:0x8aefbd57ef6d5d45!8m2!3d25.0518598!4d121.5273867!16s%2Fg%2F11b7cqtsy0!19sChIJHXKfbmapQjQRRV1t71e974o?authuser=0&hl=zh-TW&rclk=1,0x3442a9666e9f721d:0x8aefbd57ef6d5d45
2284,張小白,5,3 年前,,2022-11-21,https://www.google.com.tw/maps/place/%E7%AF%89%E9%96%93%E5%B9%B8%E7%A6%8F%E9%8D%8B%E7%89%A9+%E5%8F%B0%E5%8C%97%E5%8D%97%E4%BA%AC%E4%B8%80%E5%BA%97/data=!4m7!3m6!1s0x3442a9666e9f721d:0x8aefbd57ef6d5d45!8m2!3d25.0518598!4d121.5273867!16s%2Fg%2F11b7cqtsy0!19sChIJHXKfbmapQjQRRV1t71e974o?authuser=0&hl=zh-TW&rclk=1,0x3442a9666e9f721d:0x8aefbd57ef6d5d45
2285,PoPo林,4,3 年前,,2022-11-21,https://www.google.com.tw/maps/place/%E7%AF%89%E9%96%93%E5%B9%B8%E7%A6%8F%E9%8D%8B%E7%89%A9+%E5%8F%B0%E5%8C%97%E5%8D%97%E4%BA%AC%E4%B8%80%E5%BA%97/data=!4m7!3m6!1s0x3442a9666e9f721d:0x8aefbd57ef6d5d45!8m2!3d25.0518598!4d121.5273867!16s%2Fg%2F11b7cqtsy0!19sChIJHXKfbmapQjQRRV1t71e974o?authuser=0&hl=zh-TW&rclk=1,0x3442a9666e9f721d:0x8aefbd57ef6d5d45
2286,楊淳,4,3 年前,"2018/11月來吃發現菜單有變價格調漲，推薦牛奶鍋很香濃、肉盤多、火鍋料的蝦很新鮮、蟹肉棒很好吃！店員都會注意桌面，適時收走空盤，服務不錯~

",2022-11-21,https://www.google.com.tw/maps/place/%E7%AF%89%E9%96%93%E5%B9%B8%E7%A6%8F%E9%8D%8B%E7%89%A9+%E5%8F%B0%E5%8C%97%E5%8D%97%E4%BA%AC%E4%B8%80%E5%BA%97/data=!4m7!3m6!1s0x3442a9666e9f721d:0x8aefbd57ef6d5d45!8m2!3d25.0518598!4d121.5273867!16s%2Fg%2F11b7cqtsy0!19sChIJHXKfbmapQjQRRV1t71e974o?authuser=0&hl=zh-TW&rclk=1,0x3442a9666e9f721d:0x8aefbd57ef6d5d45
2287,Sindy Yao,5,4 年前,,2022-11-21,https://www.google.com.tw/maps/place/%E7%AF%89%E9%96%93%E5%B9%B8%E7%A6%8F%E9%8D%8B%E7%89%A9+%E5%8F%B0%E5%8C%97%E5%8D%97%E4%BA%AC%E4%B8%80%E5%BA%97/data=!4m7!3m6!1s0x3442a9666e9f721d:0x8aefbd57ef6d5d45!8m2!3d25.0518598!4d121.5273867!16s%2Fg%2F11b7cqtsy0!19sChIJHXKfbmapQjQRRV1t71e974o?authuser=0&hl=zh-TW&rclk=1,0x3442a9666e9f721d:0x8aefbd57ef6d5d45
2288,陳文勇,4,4 年前,,2022-11-21,https://www.google.com.tw/maps/place/%E7%AF%89%E9%96%93%E5%B9%B8%E7%A6%8F%E9%8D%8B%E7%89%A9+%E5%8F%B0%E5%8C%97%E5%8D%97%E4%BA%AC%E4%B8%80%E5%BA%97/data=!4m7!3m6!1s0x3442a9666e9f721d:0x8aefbd57ef6d5d45!8m2!3d25.0518598!4d121.5273867!16s%2Fg%2F11b7cqtsy0!19sChIJHXKfbmapQjQRRV1t71e974o?authuser=0&hl=zh-TW&rclk=1,0x3442a9666e9f721d:0x8aefbd57ef6d5d45
2289,M. H.,4,4 年前,"主菜從三百多到高級的八九百都有，我點的是雞腿，另外還可以蛤蜊或鯛魚二選一，所以份量很足。醬料區配料很多，冰淇淋是明治的，飲料機的部分就比較少了；但整體來說不錯，服務人員親切，會主動詢問要不要加湯，環境舒適，挺適合聚餐～

",2022-11-21,https://www.google.com.tw/maps/place/%E7%AF%89%E9%96%93%E5%B9%B8%E7%A6%8F%E9%8D%8B%E7%89%A9+%E5%8F%B0%E5%8C%97%E5%8D%97%E4%BA%AC%E4%B8%80%E5%BA%97/data=!4m7!3m6!1s0x3442a9666e9f721d:0x8aefbd57ef6d5d45!8m2!3d25.0518598!4d121.5273867!16s%2Fg%2F11b7cqtsy0!19sChIJHXKfbmapQjQRRV1t71e974o?authuser=0&hl=zh-TW&rclk=1,0x3442a9666e9f721d:0x8aefbd57ef6d5d45
2290,陳宥嫻,4,4 年前,"氣氛好！價格不貴！只是服務可能人手不足，顯得有些慢。

",2022-11-21,https://www.google.com.tw/maps/place/%E7%AF%89%E9%96%93%E5%B9%B8%E7%A6%8F%E9%8D%8B%E7%89%A9+%E5%8F%B0%E5%8C%97%E5%8D%97%E4%BA%AC%E4%B8%80%E5%BA%97/data=!4m7!3m6!1s0x3442a9666e9f721d:0x8aefbd57ef6d5d45!8m2!3d25.0518598!4d121.5273867!16s%2Fg%2F11b7cqtsy0!19sChIJHXKfbmapQjQRRV1t71e974o?authuser=0&hl=zh-TW&rclk=1,0x3442a9666e9f721d:0x8aefbd57ef6d5d45
2291,Fenny Chang,4,4 年前,"氣氛很好，整體用餐感覺很棒！

",2022-11-21,https://www.google.com.tw/maps/place/%E7%AF%89%E9%96%93%E5%B9%B8%E7%A6%8F%E9%8D%8B%E7%89%A9+%E5%8F%B0%E5%8C%97%E5%8D%97%E4%BA%AC%E4%B8%80%E5%BA%97/data=!4m7!3m6!1s0x3442a9666e9f721d:0x8aefbd57ef6d5d45!8m2!3d25.0518598!4d121.5273867!16s%2Fg%2F11b7cqtsy0!19sChIJHXKfbmapQjQRRV1t71e974o?authuser=0&hl=zh-TW&rclk=1,0x3442a9666e9f721d:0x8aefbd57ef6d5d45
2292,Alex (Alex Hsu),3,4 年前,"座位少，動線雜亂，冰淇淋選擇減半，建議去別間分店

",2022-11-21,https://www.google.com.tw/maps/place/%E7%AF%89%E9%96%93%E5%B9%B8%E7%A6%8F%E9%8D%8B%E7%89%A9+%E5%8F%B0%E5%8C%97%E5%8D%97%E4%BA%AC%E4%B8%80%E5%BA%97/data=!4m7!3m6!1s0x3442a9666e9f721d:0x8aefbd57ef6d5d45!8m2!3d25.0518598!4d121.5273867!16s%2Fg%2F11b7cqtsy0!19sChIJHXKfbmapQjQRRV1t71e974o?authuser=0&hl=zh-TW&rclk=1,0x3442a9666e9f721d:0x8aefbd57ef6d5d45
2293,黃琨紘,4,4 年前,"好吃價位中等

",2022-11-21,https://www.google.com.tw/maps/place/%E7%AF%89%E9%96%93%E5%B9%B8%E7%A6%8F%E9%8D%8B%E7%89%A9+%E5%8F%B0%E5%8C%97%E5%8D%97%E4%BA%AC%E4%B8%80%E5%BA%97/data=!4m7!3m6!1s0x3442a9666e9f721d:0x8aefbd57ef6d5d45!8m2!3d25.0518598!4d121.5273867!16s%2Fg%2F11b7cqtsy0!19sChIJHXKfbmapQjQRRV1t71e974o?authuser=0&hl=zh-TW&rclk=1,0x3442a9666e9f721d:0x8aefbd57ef6d5d45
2294,徐宏達,4,4 年前,,2022-11-21,https://www.google.com.tw/maps/place/%E7%AF%89%E9%96%93%E5%B9%B8%E7%A6%8F%E9%8D%8B%E7%89%A9+%E5%8F%B0%E5%8C%97%E5%8D%97%E4%BA%AC%E4%B8%80%E5%BA%97/data=!4m7!3m6!1s0x3442a9666e9f721d:0x8aefbd57ef6d5d45!8m2!3d25.0518598!4d121.5273867!16s%2Fg%2F11b7cqtsy0!19sChIJHXKfbmapQjQRRV1t71e974o?authuser=0&hl=zh-TW&rclk=1,0x3442a9666e9f721d:0x8aefbd57ef6d5d45
2295,謝艾玲,3,4 年前,,2022-11-21,https://www.google.com.tw/maps/place/%E7%AF%89%E9%96%93%E5%B9%B8%E7%A6%8F%E9%8D%8B%E7%89%A9+%E5%8F%B0%E5%8C%97%E5%8D%97%E4%BA%AC%E4%B8%80%E5%BA%97/data=!4m7!3m6!1s0x3442a9666e9f721d:0x8aefbd57ef6d5d45!8m2!3d25.0518598!4d121.5273867!16s%2Fg%2F11b7cqtsy0!19sChIJHXKfbmapQjQRRV1t71e974o?authuser=0&hl=zh-TW&rclk=1,0x3442a9666e9f721d:0x8aefbd57ef6d5d45
2296,Naomi Liao,4,4 年前,,2022-11-21,https://www.google.com.tw/maps/place/%E7%AF%89%E9%96%93%E5%B9%B8%E7%A6%8F%E9%8D%8B%E7%89%A9+%E5%8F%B0%E5%8C%97%E5%8D%97%E4%BA%AC%E4%B8%80%E5%BA%97/data=!4m7!3m6!1s0x3442a9666e9f721d:0x8aefbd57ef6d5d45!8m2!3d25.0518598!4d121.5273867!16s%2Fg%2F11b7cqtsy0!19sChIJHXKfbmapQjQRRV1t71e974o?authuser=0&hl=zh-TW&rclk=1,0x3442a9666e9f721d:0x8aefbd57ef6d5d45
2297,天下無敵艾迪生,4,4 年前,"湯頭很棒 還有二樓從旁邊進去

",2022-11-21,https://www.google.com.tw/maps/place/%E7%AF%89%E9%96%93%E5%B9%B8%E7%A6%8F%E9%8D%8B%E7%89%A9+%E5%8F%B0%E5%8C%97%E5%8D%97%E4%BA%AC%E4%B8%80%E5%BA%97/data=!4m7!3m6!1s0x3442a9666e9f721d:0x8aefbd57ef6d5d45!8m2!3d25.0518598!4d121.5273867!16s%2Fg%2F11b7cqtsy0!19sChIJHXKfbmapQjQRRV1t71e974o?authuser=0&hl=zh-TW&rclk=1,0x3442a9666e9f721d:0x8aefbd57ef6d5d45
2298,張家豪,5,4 年前,"好吃，店員很熱情，愉快的公司聚餐

",2022-11-21,https://www.google.com.tw/maps/place/%E7%AF%89%E9%96%93%E5%B9%B8%E7%A6%8F%E9%8D%8B%E7%89%A9+%E5%8F%B0%E5%8C%97%E5%8D%97%E4%BA%AC%E4%B8%80%E5%BA%97/data=!4m7!3m6!1s0x3442a9666e9f721d:0x8aefbd57ef6d5d45!8m2!3d25.0518598!4d121.5273867!16s%2Fg%2F11b7cqtsy0!19sChIJHXKfbmapQjQRRV1t71e974o?authuser=0&hl=zh-TW&rclk=1,0x3442a9666e9f721d:0x8aefbd57ef6d5d45
2299,CCT京,5,4 年前,"店員：你們餓了嗎？  
我們：餓了！  
店員：好 進來！  
哈哈哈哈哈哈哈哈幽默風趣的店員  
其實是我們自己要在外面等大位  
等了有一陣子 不過是我們自己願意的！  
所以才有以上對話啦哈哈  
推推南京築間

",2022-11-21,https://www.google.com.tw/maps/place/%E7%AF%89%E9%96%93%E5%B9%B8%E7%A6%8F%E9%8D%8B%E7%89%A9+%E5%8F%B0%E5%8C%97%E5%8D%97%E4%BA%AC%E4%B8%80%E5%BA%97/data=!4m7!3m6!1s0x3442a9666e9f721d:0x8aefbd57ef6d5d45!8m2!3d25.0518598!4d121.5273867!16s%2Fg%2F11b7cqtsy0!19sChIJHXKfbmapQjQRRV1t71e974o?authuser=0&hl=zh-TW&rclk=1,0x3442a9666e9f721d:0x8aefbd57ef6d5d45
2300,MSK,5,4 年前,"氣氛悠閒，員工親切有趣  
一定推薦朋友來吃吃

",2022-11-21,https://www.google.com.tw/maps/place/%E7%AF%89%E9%96%93%E5%B9%B8%E7%A6%8F%E9%8D%8B%E7%89%A9+%E5%8F%B0%E5%8C%97%E5%8D%97%E4%BA%AC%E4%B8%80%E5%BA%97/data=!4m7!3m6!1s0x3442a9666e9f721d:0x8aefbd57ef6d5d45!8m2!3d25.0518598!4d121.5273867!16s%2Fg%2F11b7cqtsy0!19sChIJHXKfbmapQjQRRV1t71e974o?authuser=0&hl=zh-TW&rclk=1,0x3442a9666e9f721d:0x8aefbd57ef6d5d45
2301,Noes,5,4 年前,"東西真的好吃！每次來回憶都很好！店員有趣可愛親切！真的很讚！可一訪再訪

",2022-11-21,https://www.google.com.tw/maps/place/%E7%AF%89%E9%96%93%E5%B9%B8%E7%A6%8F%E9%8D%8B%E7%89%A9+%E5%8F%B0%E5%8C%97%E5%8D%97%E4%BA%AC%E4%B8%80%E5%BA%97/data=!4m7!3m6!1s0x3442a9666e9f721d:0x8aefbd57ef6d5d45!8m2!3d25.0518598!4d121.5273867!16s%2Fg%2F11b7cqtsy0!19sChIJHXKfbmapQjQRRV1t71e974o?authuser=0&hl=zh-TW&rclk=1,0x3442a9666e9f721d:0x8aefbd57ef6d5d45
2302,Syrin Huang,4,4 年前,"湯頭不錯cp值適中

",2022-11-21,https://www.google.com.tw/maps/place/%E7%AF%89%E9%96%93%E5%B9%B8%E7%A6%8F%E9%8D%8B%E7%89%A9+%E5%8F%B0%E5%8C%97%E5%8D%97%E4%BA%AC%E4%B8%80%E5%BA%97/data=!4m7!3m6!1s0x3442a9666e9f721d:0x8aefbd57ef6d5d45!8m2!3d25.0518598!4d121.5273867!16s%2Fg%2F11b7cqtsy0!19sChIJHXKfbmapQjQRRV1t71e974o?authuser=0&hl=zh-TW&rclk=1,0x3442a9666e9f721d:0x8aefbd57ef6d5d45
2303,李小毅,5,4 年前,"別人請的都好吃~

",2022-11-21,https://www.google.com.tw/maps/place/%E7%AF%89%E9%96%93%E5%B9%B8%E7%A6%8F%E9%8D%8B%E7%89%A9+%E5%8F%B0%E5%8C%97%E5%8D%97%E4%BA%AC%E4%B8%80%E5%BA%97/data=!4m7!3m6!1s0x3442a9666e9f721d:0x8aefbd57ef6d5d45!8m2!3d25.0518598!4d121.5273867!16s%2Fg%2F11b7cqtsy0!19sChIJHXKfbmapQjQRRV1t71e974o?authuser=0&hl=zh-TW&rclk=1,0x3442a9666e9f721d:0x8aefbd57ef6d5d45
2304,Wu Eda,5,4 年前,"超好吃的火鍋！甜美的湯頭，細緻的肉，新鮮的海鮮。真的吃了會一再回味。

",2022-11-21,https://www.google.com.tw/maps/place/%E7%AF%89%E9%96%93%E5%B9%B8%E7%A6%8F%E9%8D%8B%E7%89%A9+%E5%8F%B0%E5%8C%97%E5%8D%97%E4%BA%AC%E4%B8%80%E5%BA%97/data=!4m7!3m6!1s0x3442a9666e9f721d:0x8aefbd57ef6d5d45!8m2!3d25.0518598!4d121.5273867!16s%2Fg%2F11b7cqtsy0!19sChIJHXKfbmapQjQRRV1t71e974o?authuser=0&hl=zh-TW&rclk=1,0x3442a9666e9f721d:0x8aefbd57ef6d5d45
2305,HUISHAN,2,4 年前,"吃飯時間不到一個半小時就來提醒剩下多久時間，會搞的很沒有胃口，  
不過我瞭解你們客人多，有時間壓力，不過建議之後看到客人桌上不少食物，可以選擇一開始提醒用餐時間跟相對措施，稍微解釋一下，會讓用餐體驗更愉快！謝謝

",2022-11-21,https://www.google.com.tw/maps/place/%E7%AF%89%E9%96%93%E5%B9%B8%E7%A6%8F%E9%8D%8B%E7%89%A9+%E5%8F%B0%E5%8C%97%E5%8D%97%E4%BA%AC%E4%B8%80%E5%BA%97/data=!4m7!3m6!1s0x3442a9666e9f721d:0x8aefbd57ef6d5d45!8m2!3d25.0518598!4d121.5273867!16s%2Fg%2F11b7cqtsy0!19sChIJHXKfbmapQjQRRV1t71e974o?authuser=0&hl=zh-TW&rclk=1,0x3442a9666e9f721d:0x8aefbd57ef6d5d45
2306,chien-ju Lin,5,4 年前,,2022-11-21,https://www.google.com.tw/maps/place/%E7%AF%89%E9%96%93%E5%B9%B8%E7%A6%8F%E9%8D%8B%E7%89%A9+%E5%8F%B0%E5%8C%97%E5%8D%97%E4%BA%AC%E4%B8%80%E5%BA%97/data=!4m7!3m6!1s0x3442a9666e9f721d:0x8aefbd57ef6d5d45!8m2!3d25.0518598!4d121.5273867!16s%2Fg%2F11b7cqtsy0!19sChIJHXKfbmapQjQRRV1t71e974o?authuser=0&hl=zh-TW&rclk=1,0x3442a9666e9f721d:0x8aefbd57ef6d5d45
2307,Yi56un,2,4 年前,,2022-11-21,https://www.google.com.tw/maps/place/%E7%AF%89%E9%96%93%E5%B9%B8%E7%A6%8F%E9%8D%8B%E7%89%A9+%E5%8F%B0%E5%8C%97%E5%8D%97%E4%BA%AC%E4%B8%80%E5%BA%97/data=!4m7!3m6!1s0x3442a9666e9f721d:0x8aefbd57ef6d5d45!8m2!3d25.0518598!4d121.5273867!16s%2Fg%2F11b7cqtsy0!19sChIJHXKfbmapQjQRRV1t71e974o?authuser=0&hl=zh-TW&rclk=1,0x3442a9666e9f721d:0x8aefbd57ef6d5d45
2308,Selina Liu,3,4 年前,"中規中矩沒有特別好吃，鯛魚雞腿肉的組合還滿划算的，整體來說普通，不會特別想回訪。不過要吃還是要先訂位。

",2022-11-21,https://www.google.com.tw/maps/place/%E7%AF%89%E9%96%93%E5%B9%B8%E7%A6%8F%E9%8D%8B%E7%89%A9+%E5%8F%B0%E5%8C%97%E5%8D%97%E4%BA%AC%E4%B8%80%E5%BA%97/data=!4m7!3m6!1s0x3442a9666e9f721d:0x8aefbd57ef6d5d45!8m2!3d25.0518598!4d121.5273867!16s%2Fg%2F11b7cqtsy0!19sChIJHXKfbmapQjQRRV1t71e974o?authuser=0&hl=zh-TW&rclk=1,0x3442a9666e9f721d:0x8aefbd57ef6d5d45
2309,劉強尼,4,4 年前,,2022-11-21,https://www.google.com.tw/maps/place/%E7%AF%89%E9%96%93%E5%B9%B8%E7%A6%8F%E9%8D%8B%E7%89%A9+%E5%8F%B0%E5%8C%97%E5%8D%97%E4%BA%AC%E4%B8%80%E5%BA%97/data=!4m7!3m6!1s0x3442a9666e9f721d:0x8aefbd57ef6d5d45!8m2!3d25.0518598!4d121.5273867!16s%2Fg%2F11b7cqtsy0!19sChIJHXKfbmapQjQRRV1t71e974o?authuser=0&hl=zh-TW&rclk=1,0x3442a9666e9f721d:0x8aefbd57ef6d5d45
2310,Michelle Hsiao,4,4 年前,,2022-11-21,https://www.google.com.tw/maps/place/%E7%AF%89%E9%96%93%E5%B9%B8%E7%A6%8F%E9%8D%8B%E7%89%A9+%E5%8F%B0%E5%8C%97%E5%8D%97%E4%BA%AC%E4%B8%80%E5%BA%97/data=!4m7!3m6!1s0x3442a9666e9f721d:0x8aefbd57ef6d5d45!8m2!3d25.0518598!4d121.5273867!16s%2Fg%2F11b7cqtsy0!19sChIJHXKfbmapQjQRRV1t71e974o?authuser=0&hl=zh-TW&rclk=1,0x3442a9666e9f721d:0x8aefbd57ef6d5d45
2311,蕭羿鋒,3,4 年前,,2022-11-21,https://www.google.com.tw/maps/place/%E7%AF%89%E9%96%93%E5%B9%B8%E7%A6%8F%E9%8D%8B%E7%89%A9+%E5%8F%B0%E5%8C%97%E5%8D%97%E4%BA%AC%E4%B8%80%E5%BA%97/data=!4m7!3m6!1s0x3442a9666e9f721d:0x8aefbd57ef6d5d45!8m2!3d25.0518598!4d121.5273867!16s%2Fg%2F11b7cqtsy0!19sChIJHXKfbmapQjQRRV1t71e974o?authuser=0&hl=zh-TW&rclk=1,0x3442a9666e9f721d:0x8aefbd57ef6d5d45
2312,ShuYu Du,5,4 年前,,2022-11-21,https://www.google.com.tw/maps/place/%E7%AF%89%E9%96%93%E5%B9%B8%E7%A6%8F%E9%8D%8B%E7%89%A9+%E5%8F%B0%E5%8C%97%E5%8D%97%E4%BA%AC%E4%B8%80%E5%BA%97/data=!4m7!3m6!1s0x3442a9666e9f721d:0x8aefbd57ef6d5d45!8m2!3d25.0518598!4d121.5273867!16s%2Fg%2F11b7cqtsy0!19sChIJHXKfbmapQjQRRV1t71e974o?authuser=0&hl=zh-TW&rclk=1,0x3442a9666e9f721d:0x8aefbd57ef6d5d45
2313,王0,5,4 年前,,2022-11-21,https://www.google.com.tw/maps/place/%E7%AF%89%E9%96%93%E5%B9%B8%E7%A6%8F%E9%8D%8B%E7%89%A9+%E5%8F%B0%E5%8C%97%E5%8D%97%E4%BA%AC%E4%B8%80%E5%BA%97/data=!4m7!3m6!1s0x3442a9666e9f721d:0x8aefbd57ef6d5d45!8m2!3d25.0518598!4d121.5273867!16s%2Fg%2F11b7cqtsy0!19sChIJHXKfbmapQjQRRV1t71e974o?authuser=0&hl=zh-TW&rclk=1,0x3442a9666e9f721d:0x8aefbd57ef6d5d45
2314,W.H. Chien,3,4 年前,,2022-11-21,https://www.google.com.tw/maps/place/%E7%AF%89%E9%96%93%E5%B9%B8%E7%A6%8F%E9%8D%8B%E7%89%A9+%E5%8F%B0%E5%8C%97%E5%8D%97%E4%BA%AC%E4%B8%80%E5%BA%97/data=!4m7!3m6!1s0x3442a9666e9f721d:0x8aefbd57ef6d5d45!8m2!3d25.0518598!4d121.5273867!16s%2Fg%2F11b7cqtsy0!19sChIJHXKfbmapQjQRRV1t71e974o?authuser=0&hl=zh-TW&rclk=1,0x3442a9666e9f721d:0x8aefbd57ef6d5d45
2315,陳俊宏,5,4 年前,,2022-11-21,https://www.google.com.tw/maps/place/%E7%AF%89%E9%96%93%E5%B9%B8%E7%A6%8F%E9%8D%8B%E7%89%A9+%E5%8F%B0%E5%8C%97%E5%8D%97%E4%BA%AC%E4%B8%80%E5%BA%97/data=!4m7!3m6!1s0x3442a9666e9f721d:0x8aefbd57ef6d5d45!8m2!3d25.0518598!4d121.5273867!16s%2Fg%2F11b7cqtsy0!19sChIJHXKfbmapQjQRRV1t71e974o?authuser=0&hl=zh-TW&rclk=1,0x3442a9666e9f721d:0x8aefbd57ef6d5d45
2316,Linda Chen,3,4 年前,"服務不錯!人力不足,服務人員辛苦了!

",2022-11-21,https://www.google.com.tw/maps/place/%E7%AF%89%E9%96%93%E5%B9%B8%E7%A6%8F%E9%8D%8B%E7%89%A9+%E5%8F%B0%E5%8C%97%E5%8D%97%E4%BA%AC%E4%B8%80%E5%BA%97/data=!4m7!3m6!1s0x3442a9666e9f721d:0x8aefbd57ef6d5d45!8m2!3d25.0518598!4d121.5273867!16s%2Fg%2F11b7cqtsy0!19sChIJHXKfbmapQjQRRV1t71e974o?authuser=0&hl=zh-TW&rclk=1,0x3442a9666e9f721d:0x8aefbd57ef6d5d45
2317,Kate Wang,5,4 年前,"湯頭好喝，醬料搭配也好吃，價格合理，所以用餐時段人不少需要先訂位。

",2022-11-21,https://www.google.com.tw/maps/place/%E7%AF%89%E9%96%93%E5%B9%B8%E7%A6%8F%E9%8D%8B%E7%89%A9+%E5%8F%B0%E5%8C%97%E5%8D%97%E4%BA%AC%E4%B8%80%E5%BA%97/data=!4m7!3m6!1s0x3442a9666e9f721d:0x8aefbd57ef6d5d45!8m2!3d25.0518598!4d121.5273867!16s%2Fg%2F11b7cqtsy0!19sChIJHXKfbmapQjQRRV1t71e974o?authuser=0&hl=zh-TW&rclk=1,0x3442a9666e9f721d:0x8aefbd57ef6d5d45
2318,Cheng Elena,5,4 年前,,2022-11-21,https://www.google.com.tw/maps/place/%E7%AF%89%E9%96%93%E5%B9%B8%E7%A6%8F%E9%8D%8B%E7%89%A9+%E5%8F%B0%E5%8C%97%E5%8D%97%E4%BA%AC%E4%B8%80%E5%BA%97/data=!4m7!3m6!1s0x3442a9666e9f721d:0x8aefbd57ef6d5d45!8m2!3d25.0518598!4d121.5273867!16s%2Fg%2F11b7cqtsy0!19sChIJHXKfbmapQjQRRV1t71e974o?authuser=0&hl=zh-TW&rclk=1,0x3442a9666e9f721d:0x8aefbd57ef6d5d45
2319,攤開,5,4 年前,,2022-11-21,https://www.google.com.tw/maps/place/%E7%AF%89%E9%96%93%E5%B9%B8%E7%A6%8F%E9%8D%8B%E7%89%A9+%E5%8F%B0%E5%8C%97%E5%8D%97%E4%BA%AC%E4%B8%80%E5%BA%97/data=!4m7!3m6!1s0x3442a9666e9f721d:0x8aefbd57ef6d5d45!8m2!3d25.0518598!4d121.5273867!16s%2Fg%2F11b7cqtsy0!19sChIJHXKfbmapQjQRRV1t71e974o?authuser=0&hl=zh-TW&rclk=1,0x3442a9666e9f721d:0x8aefbd57ef6d5d45
2320,Vinny,4,4 年前,"環境舒適，用餐時間是晚上，室內燈光暗暗的是溫暖色調，菜盆及肉的份量都很夠，也有提供飲品、冰淇淋及醬料區，吃下來整體的感覺不錯。

",2022-11-21,https://www.google.com.tw/maps/place/%E7%AF%89%E9%96%93%E5%B9%B8%E7%A6%8F%E9%8D%8B%E7%89%A9+%E5%8F%B0%E5%8C%97%E5%8D%97%E4%BA%AC%E4%B8%80%E5%BA%97/data=!4m7!3m6!1s0x3442a9666e9f721d:0x8aefbd57ef6d5d45!8m2!3d25.0518598!4d121.5273867!16s%2Fg%2F11b7cqtsy0!19sChIJHXKfbmapQjQRRV1t71e974o?authuser=0&hl=zh-TW&rclk=1,0x3442a9666e9f721d:0x8aefbd57ef6d5d45
2321,Kate Yanggg,1,4 年前,"超多果蠅，醬料裡面也有，吃到後來火鍋湯裡頭也有。生蠔牡蠣不是很新鮮。

",2022-11-21,https://www.google.com.tw/maps/place/%E7%AF%89%E9%96%93%E5%B9%B8%E7%A6%8F%E9%8D%8B%E7%89%A9+%E5%8F%B0%E5%8C%97%E5%8D%97%E4%BA%AC%E4%B8%80%E5%BA%97/data=!4m7!3m6!1s0x3442a9666e9f721d:0x8aefbd57ef6d5d45!8m2!3d25.0518598!4d121.5273867!16s%2Fg%2F11b7cqtsy0!19sChIJHXKfbmapQjQRRV1t71e974o?authuser=0&hl=zh-TW&rclk=1,0x3442a9666e9f721d:0x8aefbd57ef6d5d45
2322,程程,1,4 年前,"果蠅在桌上到處飛  
  
邊吃還要邊趕果蠅  
  
醬料區的醬油還有果蠅在游泳  
  
不會在光顧了  
  
跟服務人員反應  
  
卻說剛下過雨 好像當作理所當然

",2022-11-21,https://www.google.com.tw/maps/place/%E7%AF%89%E9%96%93%E5%B9%B8%E7%A6%8F%E9%8D%8B%E7%89%A9+%E5%8F%B0%E5%8C%97%E5%8D%97%E4%BA%AC%E4%B8%80%E5%BA%97/data=!4m7!3m6!1s0x3442a9666e9f721d:0x8aefbd57ef6d5d45!8m2!3d25.0518598!4d121.5273867!16s%2Fg%2F11b7cqtsy0!19sChIJHXKfbmapQjQRRV1t71e974o?authuser=0&hl=zh-TW&rclk=1,0x3442a9666e9f721d:0x8aefbd57ef6d5d45
2323,鄭鼎新,1,4 年前,"吃了兩年了  
想不到從感覺高檔好吃  
吃到現在感覺越來越糟  
醬料區滿天飛的蒼蠅  
溺死在醬料裡沒人管  
問店員為什麼蒼蠅那麼多  
居然回因為剛才外面下雨  
都飛進來了  
差點沒回他現在雨停了怎麼沒飛走  
邊吃飯邊趕蒼蠅的感覺真的很糟

",2022-11-21,https://www.google.com.tw/maps/place/%E7%AF%89%E9%96%93%E5%B9%B8%E7%A6%8F%E9%8D%8B%E7%89%A9+%E5%8F%B0%E5%8C%97%E5%8D%97%E4%BA%AC%E4%B8%80%E5%BA%97/data=!4m7!3m6!1s0x3442a9666e9f721d:0x8aefbd57ef6d5d45!8m2!3d25.0518598!4d121.5273867!16s%2Fg%2F11b7cqtsy0!19sChIJHXKfbmapQjQRRV1t71e974o?authuser=0&hl=zh-TW&rclk=1,0x3442a9666e9f721d:0x8aefbd57ef6d5d45
2324,小豪,5,4 年前,,2022-11-21,https://www.google.com.tw/maps/place/%E7%AF%89%E9%96%93%E5%B9%B8%E7%A6%8F%E9%8D%8B%E7%89%A9+%E5%8F%B0%E5%8C%97%E5%8D%97%E4%BA%AC%E4%B8%80%E5%BA%97/data=!4m7!3m6!1s0x3442a9666e9f721d:0x8aefbd57ef6d5d45!8m2!3d25.0518598!4d121.5273867!16s%2Fg%2F11b7cqtsy0!19sChIJHXKfbmapQjQRRV1t71e974o?authuser=0&hl=zh-TW&rclk=1,0x3442a9666e9f721d:0x8aefbd57ef6d5d45
2325,陳政佑,5,4 年前,,2022-11-21,https://www.google.com.tw/maps/place/%E7%AF%89%E9%96%93%E5%B9%B8%E7%A6%8F%E9%8D%8B%E7%89%A9+%E5%8F%B0%E5%8C%97%E5%8D%97%E4%BA%AC%E4%B8%80%E5%BA%97/data=!4m7!3m6!1s0x3442a9666e9f721d:0x8aefbd57ef6d5d45!8m2!3d25.0518598!4d121.5273867!16s%2Fg%2F11b7cqtsy0!19sChIJHXKfbmapQjQRRV1t71e974o?authuser=0&hl=zh-TW&rclk=1,0x3442a9666e9f721d:0x8aefbd57ef6d5d45
2326,Lin Katherine,3,4 年前,,2022-11-21,https://www.google.com.tw/maps/place/%E7%AF%89%E9%96%93%E5%B9%B8%E7%A6%8F%E9%8D%8B%E7%89%A9+%E5%8F%B0%E5%8C%97%E5%8D%97%E4%BA%AC%E4%B8%80%E5%BA%97/data=!4m7!3m6!1s0x3442a9666e9f721d:0x8aefbd57ef6d5d45!8m2!3d25.0518598!4d121.5273867!16s%2Fg%2F11b7cqtsy0!19sChIJHXKfbmapQjQRRV1t71e974o?authuser=0&hl=zh-TW&rclk=1,0x3442a9666e9f721d:0x8aefbd57ef6d5d45
2327,博升,3,4 年前,,2022-11-21,https://www.google.com.tw/maps/place/%E7%AF%89%E9%96%93%E5%B9%B8%E7%A6%8F%E9%8D%8B%E7%89%A9+%E5%8F%B0%E5%8C%97%E5%8D%97%E4%BA%AC%E4%B8%80%E5%BA%97/data=!4m7!3m6!1s0x3442a9666e9f721d:0x8aefbd57ef6d5d45!8m2!3d25.0518598!4d121.5273867!16s%2Fg%2F11b7cqtsy0!19sChIJHXKfbmapQjQRRV1t71e974o?authuser=0&hl=zh-TW&rclk=1,0x3442a9666e9f721d:0x8aefbd57ef6d5d45
2328,劉怡秀,4,4 年前,,2022-11-21,https://www.google.com.tw/maps/place/%E7%AF%89%E9%96%93%E5%B9%B8%E7%A6%8F%E9%8D%8B%E7%89%A9+%E5%8F%B0%E5%8C%97%E5%8D%97%E4%BA%AC%E4%B8%80%E5%BA%97/data=!4m7!3m6!1s0x3442a9666e9f721d:0x8aefbd57ef6d5d45!8m2!3d25.0518598!4d121.5273867!16s%2Fg%2F11b7cqtsy0!19sChIJHXKfbmapQjQRRV1t71e974o?authuser=0&hl=zh-TW&rclk=1,0x3442a9666e9f721d:0x8aefbd57ef6d5d45
2329,吐司邊緣人,4,4 年前,,2022-11-21,https://www.google.com.tw/maps/place/%E7%AF%89%E9%96%93%E5%B9%B8%E7%A6%8F%E9%8D%8B%E7%89%A9+%E5%8F%B0%E5%8C%97%E5%8D%97%E4%BA%AC%E4%B8%80%E5%BA%97/data=!4m7!3m6!1s0x3442a9666e9f721d:0x8aefbd57ef6d5d45!8m2!3d25.0518598!4d121.5273867!16s%2Fg%2F11b7cqtsy0!19sChIJHXKfbmapQjQRRV1t71e974o?authuser=0&hl=zh-TW&rclk=1,0x3442a9666e9f721d:0x8aefbd57ef6d5d45
2330,Chong yow Chen,4,4 年前,,2022-11-21,https://www.google.com.tw/maps/place/%E7%AF%89%E9%96%93%E5%B9%B8%E7%A6%8F%E9%8D%8B%E7%89%A9+%E5%8F%B0%E5%8C%97%E5%8D%97%E4%BA%AC%E4%B8%80%E5%BA%97/data=!4m7!3m6!1s0x3442a9666e9f721d:0x8aefbd57ef6d5d45!8m2!3d25.0518598!4d121.5273867!16s%2Fg%2F11b7cqtsy0!19sChIJHXKfbmapQjQRRV1t71e974o?authuser=0&hl=zh-TW&rclk=1,0x3442a9666e9f721d:0x8aefbd57ef6d5d45
2331,林威漢,4,4 年前,"好吃~

",2022-11-21,https://www.google.com.tw/maps/place/%E7%AF%89%E9%96%93%E5%B9%B8%E7%A6%8F%E9%8D%8B%E7%89%A9+%E5%8F%B0%E5%8C%97%E5%8D%97%E4%BA%AC%E4%B8%80%E5%BA%97/data=!4m7!3m6!1s0x3442a9666e9f721d:0x8aefbd57ef6d5d45!8m2!3d25.0518598!4d121.5273867!16s%2Fg%2F11b7cqtsy0!19sChIJHXKfbmapQjQRRV1t71e974o?authuser=0&hl=zh-TW&rclk=1,0x3442a9666e9f721d:0x8aefbd57ef6d5d45
2332,Cat Chen,4,4 年前,,2022-11-21,https://www.google.com.tw/maps/place/%E7%AF%89%E9%96%93%E5%B9%B8%E7%A6%8F%E9%8D%8B%E7%89%A9+%E5%8F%B0%E5%8C%97%E5%8D%97%E4%BA%AC%E4%B8%80%E5%BA%97/data=!4m7!3m6!1s0x3442a9666e9f721d:0x8aefbd57ef6d5d45!8m2!3d25.0518598!4d121.5273867!16s%2Fg%2F11b7cqtsy0!19sChIJHXKfbmapQjQRRV1t71e974o?authuser=0&hl=zh-TW&rclk=1,0x3442a9666e9f721d:0x8aefbd57ef6d5d45
2333,陳辭帝,5,4 年前,,2022-11-21,https://www.google.com.tw/maps/place/%E7%AF%89%E9%96%93%E5%B9%B8%E7%A6%8F%E9%8D%8B%E7%89%A9+%E5%8F%B0%E5%8C%97%E5%8D%97%E4%BA%AC%E4%B8%80%E5%BA%97/data=!4m7!3m6!1s0x3442a9666e9f721d:0x8aefbd57ef6d5d45!8m2!3d25.0518598!4d121.5273867!16s%2Fg%2F11b7cqtsy0!19sChIJHXKfbmapQjQRRV1t71e974o?authuser=0&hl=zh-TW&rclk=1,0x3442a9666e9f721d:0x8aefbd57ef6d5d45
2334,莊QQ,3,4 年前,,2022-11-21,https://www.google.com.tw/maps/place/%E7%AF%89%E9%96%93%E5%B9%B8%E7%A6%8F%E9%8D%8B%E7%89%A9+%E5%8F%B0%E5%8C%97%E5%8D%97%E4%BA%AC%E4%B8%80%E5%BA%97/data=!4m7!3m6!1s0x3442a9666e9f721d:0x8aefbd57ef6d5d45!8m2!3d25.0518598!4d121.5273867!16s%2Fg%2F11b7cqtsy0!19sChIJHXKfbmapQjQRRV1t71e974o?authuser=0&hl=zh-TW&rclk=1,0x3442a9666e9f721d:0x8aefbd57ef6d5d45
2335,周孜玲,4,4 年前,"平價火鍋，選擇多，服務快

",2022-11-21,https://www.google.com.tw/maps/place/%E7%AF%89%E9%96%93%E5%B9%B8%E7%A6%8F%E9%8D%8B%E7%89%A9+%E5%8F%B0%E5%8C%97%E5%8D%97%E4%BA%AC%E4%B8%80%E5%BA%97/data=!4m7!3m6!1s0x3442a9666e9f721d:0x8aefbd57ef6d5d45!8m2!3d25.0518598!4d121.5273867!16s%2Fg%2F11b7cqtsy0!19sChIJHXKfbmapQjQRRV1t71e974o?authuser=0&hl=zh-TW&rclk=1,0x3442a9666e9f721d:0x8aefbd57ef6d5d45
2336,Chen Eddie,5,4 年前,"中高價位，份量十足，食材亦新鮮，建議用餐前先訂位。

",2022-11-21,https://www.google.com.tw/maps/place/%E7%AF%89%E9%96%93%E5%B9%B8%E7%A6%8F%E9%8D%8B%E7%89%A9+%E5%8F%B0%E5%8C%97%E5%8D%97%E4%BA%AC%E4%B8%80%E5%BA%97/data=!4m7!3m6!1s0x3442a9666e9f721d:0x8aefbd57ef6d5d45!8m2!3d25.0518598!4d121.5273867!16s%2Fg%2F11b7cqtsy0!19sChIJHXKfbmapQjQRRV1t71e974o?authuser=0&hl=zh-TW&rclk=1,0x3442a9666e9f721d:0x8aefbd57ef6d5d45
2337,Veter Hsu,4,4 年前,,2022-11-21,https://www.google.com.tw/maps/place/%E7%AF%89%E9%96%93%E5%B9%B8%E7%A6%8F%E9%8D%8B%E7%89%A9+%E5%8F%B0%E5%8C%97%E5%8D%97%E4%BA%AC%E4%B8%80%E5%BA%97/data=!4m7!3m6!1s0x3442a9666e9f721d:0x8aefbd57ef6d5d45!8m2!3d25.0518598!4d121.5273867!16s%2Fg%2F11b7cqtsy0!19sChIJHXKfbmapQjQRRV1t71e974o?authuser=0&hl=zh-TW&rclk=1,0x3442a9666e9f721d:0x8aefbd57ef6d5d45
2338,林賢章,5,4 年前,,2022-11-21,https://www.google.com.tw/maps/place/%E7%AF%89%E9%96%93%E5%B9%B8%E7%A6%8F%E9%8D%8B%E7%89%A9+%E5%8F%B0%E5%8C%97%E5%8D%97%E4%BA%AC%E4%B8%80%E5%BA%97/data=!4m7!3m6!1s0x3442a9666e9f721d:0x8aefbd57ef6d5d45!8m2!3d25.0518598!4d121.5273867!16s%2Fg%2F11b7cqtsy0!19sChIJHXKfbmapQjQRRV1t71e974o?authuser=0&hl=zh-TW&rclk=1,0x3442a9666e9f721d:0x8aefbd57ef6d5d45
2339,Wendy Wen,4,4 年前,,2022-11-21,https://www.google.com.tw/maps/place/%E7%AF%89%E9%96%93%E5%B9%B8%E7%A6%8F%E9%8D%8B%E7%89%A9+%E5%8F%B0%E5%8C%97%E5%8D%97%E4%BA%AC%E4%B8%80%E5%BA%97/data=!4m7!3m6!1s0x3442a9666e9f721d:0x8aefbd57ef6d5d45!8m2!3d25.0518598!4d121.5273867!16s%2Fg%2F11b7cqtsy0!19sChIJHXKfbmapQjQRRV1t71e974o?authuser=0&hl=zh-TW&rclk=1,0x3442a9666e9f721d:0x8aefbd57ef6d5d45
2340,Peipei Chang,2,4 年前,,2022-11-21,https://www.google.com.tw/maps/place/%E7%AF%89%E9%96%93%E5%B9%B8%E7%A6%8F%E9%8D%8B%E7%89%A9+%E5%8F%B0%E5%8C%97%E5%8D%97%E4%BA%AC%E4%B8%80%E5%BA%97/data=!4m7!3m6!1s0x3442a9666e9f721d:0x8aefbd57ef6d5d45!8m2!3d25.0518598!4d121.5273867!16s%2Fg%2F11b7cqtsy0!19sChIJHXKfbmapQjQRRV1t71e974o?authuser=0&hl=zh-TW&rclk=1,0x3442a9666e9f721d:0x8aefbd57ef6d5d45
2341,游小怡,4,4 年前,"海鮮鍋漲價了，食材也沒比較多，一個人吃會很撐，一盤一盤的海鮮跟肉片是拿折價卷換的

",2022-11-21,https://www.google.com.tw/maps/place/%E7%AF%89%E9%96%93%E5%B9%B8%E7%A6%8F%E9%8D%8B%E7%89%A9+%E5%8F%B0%E5%8C%97%E5%8D%97%E4%BA%AC%E4%B8%80%E5%BA%97/data=!4m7!3m6!1s0x3442a9666e9f721d:0x8aefbd57ef6d5d45!8m2!3d25.0518598!4d121.5273867!16s%2Fg%2F11b7cqtsy0!19sChIJHXKfbmapQjQRRV1t71e974o?authuser=0&hl=zh-TW&rclk=1,0x3442a9666e9f721d:0x8aefbd57ef6d5d45
2342,他扣,5,4 年前,,2022-11-21,https://www.google.com.tw/maps/place/%E7%AF%89%E9%96%93%E5%B9%B8%E7%A6%8F%E9%8D%8B%E7%89%A9+%E5%8F%B0%E5%8C%97%E5%8D%97%E4%BA%AC%E4%B8%80%E5%BA%97/data=!4m7!3m6!1s0x3442a9666e9f721d:0x8aefbd57ef6d5d45!8m2!3d25.0518598!4d121.5273867!16s%2Fg%2F11b7cqtsy0!19sChIJHXKfbmapQjQRRV1t71e974o?authuser=0&hl=zh-TW&rclk=1,0x3442a9666e9f721d:0x8aefbd57ef6d5d45
2343,Trent Prestegar,4,4 年前,"(由 Google 提供翻譯)
很好的火鍋，有很好的日式裝飾。物有所值，無限量冰淇淋，但沒有蘇打水（只有nestea）。如果樓下要等很久，試試二樓，還是同一家餐廳。  
  
(原始評論)  
Good hotpot with quite good Japanese style decoration. Good value, unlimited
ice cream but no soda ( only nestea). If there's a long wait downstairs, try
the second floor, it's the same restaurant.

",2022-11-21,https://www.google.com.tw/maps/place/%E7%AF%89%E9%96%93%E5%B9%B8%E7%A6%8F%E9%8D%8B%E7%89%A9+%E5%8F%B0%E5%8C%97%E5%8D%97%E4%BA%AC%E4%B8%80%E5%BA%97/data=!4m7!3m6!1s0x3442a9666e9f721d:0x8aefbd57ef6d5d45!8m2!3d25.0518598!4d121.5273867!16s%2Fg%2F11b7cqtsy0!19sChIJHXKfbmapQjQRRV1t71e974o?authuser=0&hl=zh-TW&rclk=1,0x3442a9666e9f721d:0x8aefbd57ef6d5d45
2344,張沛穎,5,4 年前,"人手有點不足，去的時候醬料沒了隔了很久才補，但食材有維持築間的品質，很新鮮呢！

",2022-11-21,https://www.google.com.tw/maps/place/%E7%AF%89%E9%96%93%E5%B9%B8%E7%A6%8F%E9%8D%8B%E7%89%A9+%E5%8F%B0%E5%8C%97%E5%8D%97%E4%BA%AC%E4%B8%80%E5%BA%97/data=!4m7!3m6!1s0x3442a9666e9f721d:0x8aefbd57ef6d5d45!8m2!3d25.0518598!4d121.5273867!16s%2Fg%2F11b7cqtsy0!19sChIJHXKfbmapQjQRRV1t71e974o?authuser=0&hl=zh-TW&rclk=1,0x3442a9666e9f721d:0x8aefbd57ef6d5d45
2345,林子傑,5,4 年前,"從平價到高價鍋物都有得選擇，  
而且營業時間到凌晨非常方便

",2022-11-21,https://www.google.com.tw/maps/place/%E7%AF%89%E9%96%93%E5%B9%B8%E7%A6%8F%E9%8D%8B%E7%89%A9+%E5%8F%B0%E5%8C%97%E5%8D%97%E4%BA%AC%E4%B8%80%E5%BA%97/data=!4m7!3m6!1s0x3442a9666e9f721d:0x8aefbd57ef6d5d45!8m2!3d25.0518598!4d121.5273867!16s%2Fg%2F11b7cqtsy0!19sChIJHXKfbmapQjQRRV1t71e974o?authuser=0&hl=zh-TW&rclk=1,0x3442a9666e9f721d:0x8aefbd57ef6d5d45
2346,WANCHUN LO,5,4 年前,,2022-11-21,https://www.google.com.tw/maps/place/%E7%AF%89%E9%96%93%E5%B9%B8%E7%A6%8F%E9%8D%8B%E7%89%A9+%E5%8F%B0%E5%8C%97%E5%8D%97%E4%BA%AC%E4%B8%80%E5%BA%97/data=!4m7!3m6!1s0x3442a9666e9f721d:0x8aefbd57ef6d5d45!8m2!3d25.0518598!4d121.5273867!16s%2Fg%2F11b7cqtsy0!19sChIJHXKfbmapQjQRRV1t71e974o?authuser=0&hl=zh-TW&rclk=1,0x3442a9666e9f721d:0x8aefbd57ef6d5d45
2347,OO,5,4 年前,"超~~~~~好~~~~~吃~~~~  
推石頭鍋底~~~~~第一次吃火鍋會喝湯~~的~店

",2022-11-21,https://www.google.com.tw/maps/place/%E7%AF%89%E9%96%93%E5%B9%B8%E7%A6%8F%E9%8D%8B%E7%89%A9+%E5%8F%B0%E5%8C%97%E5%8D%97%E4%BA%AC%E4%B8%80%E5%BA%97/data=!4m7!3m6!1s0x3442a9666e9f721d:0x8aefbd57ef6d5d45!8m2!3d25.0518598!4d121.5273867!16s%2Fg%2F11b7cqtsy0!19sChIJHXKfbmapQjQRRV1t71e974o?authuser=0&hl=zh-TW&rclk=1,0x3442a9666e9f721d:0x8aefbd57ef6d5d45
2348,CoBoL Chow,4,4 年前,,2022-11-21,https://www.google.com.tw/maps/place/%E7%AF%89%E9%96%93%E5%B9%B8%E7%A6%8F%E9%8D%8B%E7%89%A9+%E5%8F%B0%E5%8C%97%E5%8D%97%E4%BA%AC%E4%B8%80%E5%BA%97/data=!4m7!3m6!1s0x3442a9666e9f721d:0x8aefbd57ef6d5d45!8m2!3d25.0518598!4d121.5273867!16s%2Fg%2F11b7cqtsy0!19sChIJHXKfbmapQjQRRV1t71e974o?authuser=0&hl=zh-TW&rclk=1,0x3442a9666e9f721d:0x8aefbd57ef6d5d45
2349,le Ma,2,4 年前,,2022-11-21,https://www.google.com.tw/maps/place/%E7%AF%89%E9%96%93%E5%B9%B8%E7%A6%8F%E9%8D%8B%E7%89%A9+%E5%8F%B0%E5%8C%97%E5%8D%97%E4%BA%AC%E4%B8%80%E5%BA%97/data=!4m7!3m6!1s0x3442a9666e9f721d:0x8aefbd57ef6d5d45!8m2!3d25.0518598!4d121.5273867!16s%2Fg%2F11b7cqtsy0!19sChIJHXKfbmapQjQRRV1t71e974o?authuser=0&hl=zh-TW&rclk=1,0x3442a9666e9f721d:0x8aefbd57ef6d5d45
2350,Howie Lee,4,4 年前,,2022-11-21,https://www.google.com.tw/maps/place/%E7%AF%89%E9%96%93%E5%B9%B8%E7%A6%8F%E9%8D%8B%E7%89%A9+%E5%8F%B0%E5%8C%97%E5%8D%97%E4%BA%AC%E4%B8%80%E5%BA%97/data=!4m7!3m6!1s0x3442a9666e9f721d:0x8aefbd57ef6d5d45!8m2!3d25.0518598!4d121.5273867!16s%2Fg%2F11b7cqtsy0!19sChIJHXKfbmapQjQRRV1t71e974o?authuser=0&hl=zh-TW&rclk=1,0x3442a9666e9f721d:0x8aefbd57ef6d5d45
2351,Jessie Kuang,1,4 年前,"已經用餐過兩次，週五晚上是第三次前去用餐，但因為這次的經驗決定不再光顧本店。也去吃過幾次農安店，相信農安店的店員不會這麼沒有禮貌對待客人的。  
  
打電話訂位的人是我，週四中午時段打電話過去想詢問是否可以訂位，打了一通沒人接想說可能忙碌中，又打了一通終於有人接，有說了自己的名稱很高興為您服務，但我也聽不太懂對方說自己叫什麼名字，我想訂10位週五晚間7:30，店員說要詢問一下二樓是否有位子，後來詢問後說有位子但要7:40可以嗎？有位子當然好啊，7:40沒問題，店員有說明位子僅能保留10分鐘，我句句聽入耳裡，以為就這麼平安的訂到完美的一餐飯了。殊不知隔一天我們有兩位朋友不克前來，所以六點多請下班後的朋友至現場詢問是否能改成8位且坐包廂位子，還花了一段時間才找到我的訂位是誰，因為他根本寫錯我的姓氏所以才找不到
，店員說可以改成8位，我們也一樣坐原本的包廂
一切就等待7:40的到來，因為用餐樓層是在二樓，我跟幾位朋友先在一樓集合個大概才想說時間差不多可以上去了，很清楚的知道我們搭電梯的時候是7:38，上去後跟當日負責櫃檯的店員說明我是訂8位7:40的客人，店員直接說明位子僅能保留10分鐘，堅稱我們已經遲到所以位子已經讓給其他客人，目前僅剩下6人桌，看我們是要擠一下還是要6個人先吃2個人等待大概8:20才有位子，我們全部的人傻眼，我們就是訂位7:40怎麼就這樣等於沒訂到位？且就算我們真的是7:30的位子，還不到7:40你們就也早已把位子讓給其他客人，請問你們店裡面的時鐘是跑得比其他人還快就是了？店員一點也不感到抱歉，只讓我們覺得要吃就吃不吃就離開的感受，外面在下雨而且我們人數較多，突然的要我們去自己吃自己也太差，只好妥協8個人擠6人桌，說明走到最後面的包廂即可，座位上還放著尚未整理完畢的用具，一群人也只好繼續站著等待，等到我們入座後過一陣子才來說明可能是早班接電話的人員寫錯了時間，是人員的疏失，給我們三張券說今天可以當日抵用，我們就幾個人共鍋一起吃完這不美麗的一餐了，雖然一直都相信你們的食材不錯，整體味道都不錯，也很喜歡吃你們家的鍋物，但因為今天這次的經驗，很謝謝指教，以後不會再光顧了。  
  
（照片是很以前po的，會跟新的評論文章合併在一起 ）

",2022-11-21,https://www.google.com.tw/maps/place/%E7%AF%89%E9%96%93%E5%B9%B8%E7%A6%8F%E9%8D%8B%E7%89%A9+%E5%8F%B0%E5%8C%97%E5%8D%97%E4%BA%AC%E4%B8%80%E5%BA%97/data=!4m7!3m6!1s0x3442a9666e9f721d:0x8aefbd57ef6d5d45!8m2!3d25.0518598!4d121.5273867!16s%2Fg%2F11b7cqtsy0!19sChIJHXKfbmapQjQRRV1t71e974o?authuser=0&hl=zh-TW&rclk=1,0x3442a9666e9f721d:0x8aefbd57ef6d5d45
2352,Jack,1,4 年前,"糟到爆的店員態度，明明電話訂位7：40，準時到場卻說板子上登記訂位是7：30！？堅持我們遲到並說明位置已讓給他人，要8人擠6人位置，第一時間不承認疏忽也並無道歉之意，糟糕的用餐體驗！！！不會再光顧了！

",2022-11-21,https://www.google.com.tw/maps/place/%E7%AF%89%E9%96%93%E5%B9%B8%E7%A6%8F%E9%8D%8B%E7%89%A9+%E5%8F%B0%E5%8C%97%E5%8D%97%E4%BA%AC%E4%B8%80%E5%BA%97/data=!4m7!3m6!1s0x3442a9666e9f721d:0x8aefbd57ef6d5d45!8m2!3d25.0518598!4d121.5273867!16s%2Fg%2F11b7cqtsy0!19sChIJHXKfbmapQjQRRV1t71e974o?authuser=0&hl=zh-TW&rclk=1,0x3442a9666e9f721d:0x8aefbd57ef6d5d45
2353,張顯耀,4,4 年前,"生意很好

",2022-11-21,https://www.google.com.tw/maps/place/%E7%AF%89%E9%96%93%E5%B9%B8%E7%A6%8F%E9%8D%8B%E7%89%A9+%E5%8F%B0%E5%8C%97%E5%8D%97%E4%BA%AC%E4%B8%80%E5%BA%97/data=!4m7!3m6!1s0x3442a9666e9f721d:0x8aefbd57ef6d5d45!8m2!3d25.0518598!4d121.5273867!16s%2Fg%2F11b7cqtsy0!19sChIJHXKfbmapQjQRRV1t71e974o?authuser=0&hl=zh-TW&rclk=1,0x3442a9666e9f721d:0x8aefbd57ef6d5d45
2354,黃小喬,4,4 年前,,2022-11-21,https://www.google.com.tw/maps/place/%E7%AF%89%E9%96%93%E5%B9%B8%E7%A6%8F%E9%8D%8B%E7%89%A9+%E5%8F%B0%E5%8C%97%E5%8D%97%E4%BA%AC%E4%B8%80%E5%BA%97/data=!4m7!3m6!1s0x3442a9666e9f721d:0x8aefbd57ef6d5d45!8m2!3d25.0518598!4d121.5273867!16s%2Fg%2F11b7cqtsy0!19sChIJHXKfbmapQjQRRV1t71e974o?authuser=0&hl=zh-TW&rclk=1,0x3442a9666e9f721d:0x8aefbd57ef6d5d45
2355,趙紋琪,5,4 年前,,2022-11-21,https://www.google.com.tw/maps/place/%E7%AF%89%E9%96%93%E5%B9%B8%E7%A6%8F%E9%8D%8B%E7%89%A9+%E5%8F%B0%E5%8C%97%E5%8D%97%E4%BA%AC%E4%B8%80%E5%BA%97/data=!4m7!3m6!1s0x3442a9666e9f721d:0x8aefbd57ef6d5d45!8m2!3d25.0518598!4d121.5273867!16s%2Fg%2F11b7cqtsy0!19sChIJHXKfbmapQjQRRV1t71e974o?authuser=0&hl=zh-TW&rclk=1,0x3442a9666e9f721d:0x8aefbd57ef6d5d45
2356,KIMI CHEN,1,4 年前,"(由 Google 提供翻譯) 最差的用餐經驗 以下是長文 慎入  
  
前一天中午預定隔天週五晚上的10位用餐，原本想訂7:30分，結果店員說7:40可以嗎?會給我們6人桌+4人桌的包廂，週五當天臨時有2位無法到所以請一位朋友提前大約6點多時到餐廳現場向服務人員更改為8位，快到預定時間大約7:38分搭電梯至二樓，櫃台人員竟然說我們遲到並把座位已讓給下一組客人!!!!當下真的是傻眼!!我們不是預訂7:40嗎???  
店員說:這邊訂位板上是寫7:30唷!!可是明明電話裡是說40分!!!店員一點也沒有覺得是他們的疏忽並把責任退給我們說是我們遲到!!!!!!!!8個人這樣站在櫃台傻眼!店員還說:就算我現在把接訂位的服務員叫出來罵我還是沒有座位給你們!!!!!=
=  
後來把僅剩下的6人桌給我們8人坐，卻也只有6個爐能開!  
讓我們自己走到座位後，也沒收拾完畢，清潔用具都還放在長椅上沒能入座，餐具也只放了2-3副，我們8位站在桌子旁約等了5分鐘才得以入座....後來店員來說:抱歉應該是早班人員的疏忽這邊3張兌換券可以給你們使用。沒辦法的我們只好繼續用餐，結果跟店員反應還有一盤肉未上齊，等了約15分鐘後大夥都吃完要吃冰了，再去跟店員反映後才姍姍來遲的上了最後一盤肉...大家早已把東西都吃光也熄火了!但沒有浪費還是繼續開火煮完!  
  
我想說的是，當下如果是你們的疏失，可以誠心的道歉，看有甚麼方法可以代替或是補救，而不是態度不佳還把問題都丟給客人!?既然收了服務費應盡服務之責，整條走廊看不到服務生，要親自走到櫃檯找服務人員，大約3位在那邊也並無手邊工作在忙，反映問題後大約要等很久甚至要再一次的反應才能得到結果!  
  
我只能說不會二訪! 也希望店家有所改進!  
  
(原始評論)  
最差的用餐經驗 以下是長文 慎入  
  
前一天中午預定隔天周五晚上的10位用餐，原本想訂7:30分，結果店員說7:40可以嗎?會給我們6人桌+4人桌的包廂，周五當天臨時有2位無法到所以請一位朋友提前大約6點多時到餐廳現場向服務人員更改為8位，快到預定時間大約7:38分搭電梯至二樓，櫃台人員竟然說我們遲到並把座位已讓給下一組客人!!!!當下真的是傻眼!!我們不是預訂7:40嗎???  
店員說:這邊訂位板上是寫7:30唷!!可是明明電話裡是說40分!!!店員一點也沒有覺得是他們的疏忽並把責任退給我們說是我們遲到!!!!!!!!8個人這樣站在櫃台傻眼!店員還說:就算我現在把接訂位的服務員叫出來罵我還是沒有座位給你們!!!!!=
=  
後來把僅剩下的6人桌給我們8人坐，卻也只有6個爐能開!  
讓我們自己走到座位後，也沒收拾完畢，清潔用具都還放在長椅上沒能入座，餐具也只放了2-3副，我們8位站在桌子旁約等了5分鐘才得以入座....後來店員來說:抱歉應該是早班人員的疏忽這邊3張兌換券可以給你們使用。沒辦法的我們只好繼續用餐，結果跟店員反應還有一盤肉未上齊，等了約15分鐘後大夥都吃完要吃冰了，再去跟店員反映後才姍姍來遲的上了最後一盤肉...大家早已把東西都吃光也熄火了!但沒有浪費還是繼續開火煮完!  
  
我想說的是，當下如果是你們的疏失，可以誠心的道歉，看有甚麼方法可以代替或是補救，而不是態度不佳還把問題都丟給客人!?既然收了服務費應盡服務之責，整條走廊看不到服務生，要親自走到櫃檯找服務人員，大約3位在那邊也並無手邊工作在忙，反映問題後大約要等很久甚至要再一次的反應才能得到結果!  
  
我只能說不會二訪! 也希望店家有所改進!

",2022-11-21,https://www.google.com.tw/maps/place/%E7%AF%89%E9%96%93%E5%B9%B8%E7%A6%8F%E9%8D%8B%E7%89%A9+%E5%8F%B0%E5%8C%97%E5%8D%97%E4%BA%AC%E4%B8%80%E5%BA%97/data=!4m7!3m6!1s0x3442a9666e9f721d:0x8aefbd57ef6d5d45!8m2!3d25.0518598!4d121.5273867!16s%2Fg%2F11b7cqtsy0!19sChIJHXKfbmapQjQRRV1t71e974o?authuser=0&hl=zh-TW&rclk=1,0x3442a9666e9f721d:0x8aefbd57ef6d5d45
2357,Hsin Yu Lin,1,4 年前,,2022-11-21,https://www.google.com.tw/maps/place/%E7%AF%89%E9%96%93%E5%B9%B8%E7%A6%8F%E9%8D%8B%E7%89%A9+%E5%8F%B0%E5%8C%97%E5%8D%97%E4%BA%AC%E4%B8%80%E5%BA%97/data=!4m7!3m6!1s0x3442a9666e9f721d:0x8aefbd57ef6d5d45!8m2!3d25.0518598!4d121.5273867!16s%2Fg%2F11b7cqtsy0!19sChIJHXKfbmapQjQRRV1t71e974o?authuser=0&hl=zh-TW&rclk=1,0x3442a9666e9f721d:0x8aefbd57ef6d5d45
2358,汐,4,4 年前,"不錯

",2022-11-21,https://www.google.com.tw/maps/place/%E7%AF%89%E9%96%93%E5%B9%B8%E7%A6%8F%E9%8D%8B%E7%89%A9+%E5%8F%B0%E5%8C%97%E5%8D%97%E4%BA%AC%E4%B8%80%E5%BA%97/data=!4m7!3m6!1s0x3442a9666e9f721d:0x8aefbd57ef6d5d45!8m2!3d25.0518598!4d121.5273867!16s%2Fg%2F11b7cqtsy0!19sChIJHXKfbmapQjQRRV1t71e974o?authuser=0&hl=zh-TW&rclk=1,0x3442a9666e9f721d:0x8aefbd57ef6d5d45
2359,RAM LEE,4,4 年前,,2022-11-21,https://www.google.com.tw/maps/place/%E7%AF%89%E9%96%93%E5%B9%B8%E7%A6%8F%E9%8D%8B%E7%89%A9+%E5%8F%B0%E5%8C%97%E5%8D%97%E4%BA%AC%E4%B8%80%E5%BA%97/data=!4m7!3m6!1s0x3442a9666e9f721d:0x8aefbd57ef6d5d45!8m2!3d25.0518598!4d121.5273867!16s%2Fg%2F11b7cqtsy0!19sChIJHXKfbmapQjQRRV1t71e974o?authuser=0&hl=zh-TW&rclk=1,0x3442a9666e9f721d:0x8aefbd57ef6d5d45
2360,卯金刀,4,4 年前,,2022-11-21,https://www.google.com.tw/maps/place/%E7%AF%89%E9%96%93%E5%B9%B8%E7%A6%8F%E9%8D%8B%E7%89%A9+%E5%8F%B0%E5%8C%97%E5%8D%97%E4%BA%AC%E4%B8%80%E5%BA%97/data=!4m7!3m6!1s0x3442a9666e9f721d:0x8aefbd57ef6d5d45!8m2!3d25.0518598!4d121.5273867!16s%2Fg%2F11b7cqtsy0!19sChIJHXKfbmapQjQRRV1t71e974o?authuser=0&hl=zh-TW&rclk=1,0x3442a9666e9f721d:0x8aefbd57ef6d5d45
2361,黃新傑,4,4 年前,"服務很好  
肉都還不錯  
可惜用餐時間只有九十分鐘  
冰淇淋沒法大呼過癮

",2022-11-21,https://www.google.com.tw/maps/place/%E7%AF%89%E9%96%93%E5%B9%B8%E7%A6%8F%E9%8D%8B%E7%89%A9+%E5%8F%B0%E5%8C%97%E5%8D%97%E4%BA%AC%E4%B8%80%E5%BA%97/data=!4m7!3m6!1s0x3442a9666e9f721d:0x8aefbd57ef6d5d45!8m2!3d25.0518598!4d121.5273867!16s%2Fg%2F11b7cqtsy0!19sChIJHXKfbmapQjQRRV1t71e974o?authuser=0&hl=zh-TW&rclk=1,0x3442a9666e9f721d:0x8aefbd57ef6d5d45
2362,焦元楊,5,4 年前,,2022-11-21,https://www.google.com.tw/maps/place/%E7%AF%89%E9%96%93%E5%B9%B8%E7%A6%8F%E9%8D%8B%E7%89%A9+%E5%8F%B0%E5%8C%97%E5%8D%97%E4%BA%AC%E4%B8%80%E5%BA%97/data=!4m7!3m6!1s0x3442a9666e9f721d:0x8aefbd57ef6d5d45!8m2!3d25.0518598!4d121.5273867!16s%2Fg%2F11b7cqtsy0!19sChIJHXKfbmapQjQRRV1t71e974o?authuser=0&hl=zh-TW&rclk=1,0x3442a9666e9f721d:0x8aefbd57ef6d5d45
2363,蔡心瑜,5,4 年前,,2022-11-21,https://www.google.com.tw/maps/place/%E7%AF%89%E9%96%93%E5%B9%B8%E7%A6%8F%E9%8D%8B%E7%89%A9+%E5%8F%B0%E5%8C%97%E5%8D%97%E4%BA%AC%E4%B8%80%E5%BA%97/data=!4m7!3m6!1s0x3442a9666e9f721d:0x8aefbd57ef6d5d45!8m2!3d25.0518598!4d121.5273867!16s%2Fg%2F11b7cqtsy0!19sChIJHXKfbmapQjQRRV1t71e974o?authuser=0&hl=zh-TW&rclk=1,0x3442a9666e9f721d:0x8aefbd57ef6d5d45
2364,Wesley Lee,5,4 年前,"好吃湯頭鮮  
每次來都有一些外國遊客  
有評價300左右的牛豬雞鍋  
也有高檔的海鮮鍋  
值得一訪

",2022-11-21,https://www.google.com.tw/maps/place/%E7%AF%89%E9%96%93%E5%B9%B8%E7%A6%8F%E9%8D%8B%E7%89%A9+%E5%8F%B0%E5%8C%97%E5%8D%97%E4%BA%AC%E4%B8%80%E5%BA%97/data=!4m7!3m6!1s0x3442a9666e9f721d:0x8aefbd57ef6d5d45!8m2!3d25.0518598!4d121.5273867!16s%2Fg%2F11b7cqtsy0!19sChIJHXKfbmapQjQRRV1t71e974o?authuser=0&hl=zh-TW&rclk=1,0x3442a9666e9f721d:0x8aefbd57ef6d5d45
2365,黃正昆,5,4 年前,"份量很足，食材品質也很好

",2022-11-21,https://www.google.com.tw/maps/place/%E7%AF%89%E9%96%93%E5%B9%B8%E7%A6%8F%E9%8D%8B%E7%89%A9+%E5%8F%B0%E5%8C%97%E5%8D%97%E4%BA%AC%E4%B8%80%E5%BA%97/data=!4m7!3m6!1s0x3442a9666e9f721d:0x8aefbd57ef6d5d45!8m2!3d25.0518598!4d121.5273867!16s%2Fg%2F11b7cqtsy0!19sChIJHXKfbmapQjQRRV1t71e974o?authuser=0&hl=zh-TW&rclk=1,0x3442a9666e9f721d:0x8aefbd57ef6d5d45
2366,林玉琴,3,4 年前,"石頭鍋有點太油，牛逼醬不錯

",2022-11-21,https://www.google.com.tw/maps/place/%E7%AF%89%E9%96%93%E5%B9%B8%E7%A6%8F%E9%8D%8B%E7%89%A9+%E5%8F%B0%E5%8C%97%E5%8D%97%E4%BA%AC%E4%B8%80%E5%BA%97/data=!4m7!3m6!1s0x3442a9666e9f721d:0x8aefbd57ef6d5d45!8m2!3d25.0518598!4d121.5273867!16s%2Fg%2F11b7cqtsy0!19sChIJHXKfbmapQjQRRV1t71e974o?authuser=0&hl=zh-TW&rclk=1,0x3442a9666e9f721d:0x8aefbd57ef6d5d45
2367,Bobo Chang,5,4 年前,,2022-11-21,https://www.google.com.tw/maps/place/%E7%AF%89%E9%96%93%E5%B9%B8%E7%A6%8F%E9%8D%8B%E7%89%A9+%E5%8F%B0%E5%8C%97%E5%8D%97%E4%BA%AC%E4%B8%80%E5%BA%97/data=!4m7!3m6!1s0x3442a9666e9f721d:0x8aefbd57ef6d5d45!8m2!3d25.0518598!4d121.5273867!16s%2Fg%2F11b7cqtsy0!19sChIJHXKfbmapQjQRRV1t71e974o?authuser=0&hl=zh-TW&rclk=1,0x3442a9666e9f721d:0x8aefbd57ef6d5d45
2368,Sabrina Tai,5,4 年前,,2022-11-21,https://www.google.com.tw/maps/place/%E7%AF%89%E9%96%93%E5%B9%B8%E7%A6%8F%E9%8D%8B%E7%89%A9+%E5%8F%B0%E5%8C%97%E5%8D%97%E4%BA%AC%E4%B8%80%E5%BA%97/data=!4m7!3m6!1s0x3442a9666e9f721d:0x8aefbd57ef6d5d45!8m2!3d25.0518598!4d121.5273867!16s%2Fg%2F11b7cqtsy0!19sChIJHXKfbmapQjQRRV1t71e974o?authuser=0&hl=zh-TW&rclk=1,0x3442a9666e9f721d:0x8aefbd57ef6d5d45
2369,Hung Chen,3,4 年前,,2022-11-21,https://www.google.com.tw/maps/place/%E7%AF%89%E9%96%93%E5%B9%B8%E7%A6%8F%E9%8D%8B%E7%89%A9+%E5%8F%B0%E5%8C%97%E5%8D%97%E4%BA%AC%E4%B8%80%E5%BA%97/data=!4m7!3m6!1s0x3442a9666e9f721d:0x8aefbd57ef6d5d45!8m2!3d25.0518598!4d121.5273867!16s%2Fg%2F11b7cqtsy0!19sChIJHXKfbmapQjQRRV1t71e974o?authuser=0&hl=zh-TW&rclk=1,0x3442a9666e9f721d:0x8aefbd57ef6d5d45
2370,xinhui zhou,5,4 年前,,2022-11-21,https://www.google.com.tw/maps/place/%E7%AF%89%E9%96%93%E5%B9%B8%E7%A6%8F%E9%8D%8B%E7%89%A9+%E5%8F%B0%E5%8C%97%E5%8D%97%E4%BA%AC%E4%B8%80%E5%BA%97/data=!4m7!3m6!1s0x3442a9666e9f721d:0x8aefbd57ef6d5d45!8m2!3d25.0518598!4d121.5273867!16s%2Fg%2F11b7cqtsy0!19sChIJHXKfbmapQjQRRV1t71e974o?authuser=0&hl=zh-TW&rclk=1,0x3442a9666e9f721d:0x8aefbd57ef6d5d45
2371,邦哥,5,4 年前,,2022-11-21,https://www.google.com.tw/maps/place/%E7%AF%89%E9%96%93%E5%B9%B8%E7%A6%8F%E9%8D%8B%E7%89%A9+%E5%8F%B0%E5%8C%97%E5%8D%97%E4%BA%AC%E4%B8%80%E5%BA%97/data=!4m7!3m6!1s0x3442a9666e9f721d:0x8aefbd57ef6d5d45!8m2!3d25.0518598!4d121.5273867!16s%2Fg%2F11b7cqtsy0!19sChIJHXKfbmapQjQRRV1t71e974o?authuser=0&hl=zh-TW&rclk=1,0x3442a9666e9f721d:0x8aefbd57ef6d5d45
2372,GIJOE,1,4 年前,,2022-11-21,https://www.google.com.tw/maps/place/%E7%AF%89%E9%96%93%E5%B9%B8%E7%A6%8F%E9%8D%8B%E7%89%A9+%E5%8F%B0%E5%8C%97%E5%8D%97%E4%BA%AC%E4%B8%80%E5%BA%97/data=!4m7!3m6!1s0x3442a9666e9f721d:0x8aefbd57ef6d5d45!8m2!3d25.0518598!4d121.5273867!16s%2Fg%2F11b7cqtsy0!19sChIJHXKfbmapQjQRRV1t71e974o?authuser=0&hl=zh-TW&rclk=1,0x3442a9666e9f721d:0x8aefbd57ef6d5d45
2373,rick chen,4,4 年前,,2022-11-21,https://www.google.com.tw/maps/place/%E7%AF%89%E9%96%93%E5%B9%B8%E7%A6%8F%E9%8D%8B%E7%89%A9+%E5%8F%B0%E5%8C%97%E5%8D%97%E4%BA%AC%E4%B8%80%E5%BA%97/data=!4m7!3m6!1s0x3442a9666e9f721d:0x8aefbd57ef6d5d45!8m2!3d25.0518598!4d121.5273867!16s%2Fg%2F11b7cqtsy0!19sChIJHXKfbmapQjQRRV1t71e974o?authuser=0&hl=zh-TW&rclk=1,0x3442a9666e9f721d:0x8aefbd57ef6d5d45
2374,林沁,5,4 年前,,2022-11-21,https://www.google.com.tw/maps/place/%E7%AF%89%E9%96%93%E5%B9%B8%E7%A6%8F%E9%8D%8B%E7%89%A9+%E5%8F%B0%E5%8C%97%E5%8D%97%E4%BA%AC%E4%B8%80%E5%BA%97/data=!4m7!3m6!1s0x3442a9666e9f721d:0x8aefbd57ef6d5d45!8m2!3d25.0518598!4d121.5273867!16s%2Fg%2F11b7cqtsy0!19sChIJHXKfbmapQjQRRV1t71e974o?authuser=0&hl=zh-TW&rclk=1,0x3442a9666e9f721d:0x8aefbd57ef6d5d45
2375,Jung Chen,4,4 年前,"基本盤與肉類都好吃，  
飲料跟冰品都免費非常棒，  
便宜划算的選擇！

",2022-11-21,https://www.google.com.tw/maps/place/%E7%AF%89%E9%96%93%E5%B9%B8%E7%A6%8F%E9%8D%8B%E7%89%A9+%E5%8F%B0%E5%8C%97%E5%8D%97%E4%BA%AC%E4%B8%80%E5%BA%97/data=!4m7!3m6!1s0x3442a9666e9f721d:0x8aefbd57ef6d5d45!8m2!3d25.0518598!4d121.5273867!16s%2Fg%2F11b7cqtsy0!19sChIJHXKfbmapQjQRRV1t71e974o?authuser=0&hl=zh-TW&rclk=1,0x3442a9666e9f721d:0x8aefbd57ef6d5d45
2376,孫子展,5,4 年前,"便宜又好吃

",2022-11-21,https://www.google.com.tw/maps/place/%E7%AF%89%E9%96%93%E5%B9%B8%E7%A6%8F%E9%8D%8B%E7%89%A9+%E5%8F%B0%E5%8C%97%E5%8D%97%E4%BA%AC%E4%B8%80%E5%BA%97/data=!4m7!3m6!1s0x3442a9666e9f721d:0x8aefbd57ef6d5d45!8m2!3d25.0518598!4d121.5273867!16s%2Fg%2F11b7cqtsy0!19sChIJHXKfbmapQjQRRV1t71e974o?authuser=0&hl=zh-TW&rclk=1,0x3442a9666e9f721d:0x8aefbd57ef6d5d45
2377,鄭遠合,4,4 年前,,2022-11-21,https://www.google.com.tw/maps/place/%E7%AF%89%E9%96%93%E5%B9%B8%E7%A6%8F%E9%8D%8B%E7%89%A9+%E5%8F%B0%E5%8C%97%E5%8D%97%E4%BA%AC%E4%B8%80%E5%BA%97/data=!4m7!3m6!1s0x3442a9666e9f721d:0x8aefbd57ef6d5d45!8m2!3d25.0518598!4d121.5273867!16s%2Fg%2F11b7cqtsy0!19sChIJHXKfbmapQjQRRV1t71e974o?authuser=0&hl=zh-TW&rclk=1,0x3442a9666e9f721d:0x8aefbd57ef6d5d45
2378,Andy F,4,4 年前,"特殊美食，也是很特別的地方！

",2022-11-21,https://www.google.com.tw/maps/place/%E7%AF%89%E9%96%93%E5%B9%B8%E7%A6%8F%E9%8D%8B%E7%89%A9+%E5%8F%B0%E5%8C%97%E5%8D%97%E4%BA%AC%E4%B8%80%E5%BA%97/data=!4m7!3m6!1s0x3442a9666e9f721d:0x8aefbd57ef6d5d45!8m2!3d25.0518598!4d121.5273867!16s%2Fg%2F11b7cqtsy0!19sChIJHXKfbmapQjQRRV1t71e974o?authuser=0&hl=zh-TW&rclk=1,0x3442a9666e9f721d:0x8aefbd57ef6d5d45
2379,yi chen shouwu,1,4 年前,"服務生的稍等都等很久  
而且醬料標示的也不清楚  
點餐一問三不知

",2022-11-21,https://www.google.com.tw/maps/place/%E7%AF%89%E9%96%93%E5%B9%B8%E7%A6%8F%E9%8D%8B%E7%89%A9+%E5%8F%B0%E5%8C%97%E5%8D%97%E4%BA%AC%E4%B8%80%E5%BA%97/data=!4m7!3m6!1s0x3442a9666e9f721d:0x8aefbd57ef6d5d45!8m2!3d25.0518598!4d121.5273867!16s%2Fg%2F11b7cqtsy0!19sChIJHXKfbmapQjQRRV1t71e974o?authuser=0&hl=zh-TW&rclk=1,0x3442a9666e9f721d:0x8aefbd57ef6d5d45
2380,kiko Chung,1,4 年前,"服務生把湯打翻不擦乾淨就走了  
還把湯鍋送錯桌  
辣椒也沒了

",2022-11-21,https://www.google.com.tw/maps/place/%E7%AF%89%E9%96%93%E5%B9%B8%E7%A6%8F%E9%8D%8B%E7%89%A9+%E5%8F%B0%E5%8C%97%E5%8D%97%E4%BA%AC%E4%B8%80%E5%BA%97/data=!4m7!3m6!1s0x3442a9666e9f721d:0x8aefbd57ef6d5d45!8m2!3d25.0518598!4d121.5273867!16s%2Fg%2F11b7cqtsy0!19sChIJHXKfbmapQjQRRV1t71e974o?authuser=0&hl=zh-TW&rclk=1,0x3442a9666e9f721d:0x8aefbd57ef6d5d45
2381,陳振德,3,4 年前,"好吃

",2022-11-21,https://www.google.com.tw/maps/place/%E7%AF%89%E9%96%93%E5%B9%B8%E7%A6%8F%E9%8D%8B%E7%89%A9+%E5%8F%B0%E5%8C%97%E5%8D%97%E4%BA%AC%E4%B8%80%E5%BA%97/data=!4m7!3m6!1s0x3442a9666e9f721d:0x8aefbd57ef6d5d45!8m2!3d25.0518598!4d121.5273867!16s%2Fg%2F11b7cqtsy0!19sChIJHXKfbmapQjQRRV1t71e974o?authuser=0&hl=zh-TW&rclk=1,0x3442a9666e9f721d:0x8aefbd57ef6d5d45
2382,Claire Pan,4,4 年前,,2022-11-21,https://www.google.com.tw/maps/place/%E7%AF%89%E9%96%93%E5%B9%B8%E7%A6%8F%E9%8D%8B%E7%89%A9+%E5%8F%B0%E5%8C%97%E5%8D%97%E4%BA%AC%E4%B8%80%E5%BA%97/data=!4m7!3m6!1s0x3442a9666e9f721d:0x8aefbd57ef6d5d45!8m2!3d25.0518598!4d121.5273867!16s%2Fg%2F11b7cqtsy0!19sChIJHXKfbmapQjQRRV1t71e974o?authuser=0&hl=zh-TW&rclk=1,0x3442a9666e9f721d:0x8aefbd57ef6d5d45
2383,Deborah Tseng,4,4 年前,"除了冷氣有點太冷之外，其他都OK。  
食材新鮮、主動加湯，重組肉也清楚標示

",2022-11-21,https://www.google.com.tw/maps/place/%E7%AF%89%E9%96%93%E5%B9%B8%E7%A6%8F%E9%8D%8B%E7%89%A9+%E5%8F%B0%E5%8C%97%E5%8D%97%E4%BA%AC%E4%B8%80%E5%BA%97/data=!4m7!3m6!1s0x3442a9666e9f721d:0x8aefbd57ef6d5d45!8m2!3d25.0518598!4d121.5273867!16s%2Fg%2F11b7cqtsy0!19sChIJHXKfbmapQjQRRV1t71e974o?authuser=0&hl=zh-TW&rclk=1,0x3442a9666e9f721d:0x8aefbd57ef6d5d45
2384,Amen,5,4 年前,,2022-11-21,https://www.google.com.tw/maps/place/%E7%AF%89%E9%96%93%E5%B9%B8%E7%A6%8F%E9%8D%8B%E7%89%A9+%E5%8F%B0%E5%8C%97%E5%8D%97%E4%BA%AC%E4%B8%80%E5%BA%97/data=!4m7!3m6!1s0x3442a9666e9f721d:0x8aefbd57ef6d5d45!8m2!3d25.0518598!4d121.5273867!16s%2Fg%2F11b7cqtsy0!19sChIJHXKfbmapQjQRRV1t71e974o?authuser=0&hl=zh-TW&rclk=1,0x3442a9666e9f721d:0x8aefbd57ef6d5d45
2385,Seven Yang,5,4 年前,"不錯吃，可惜，冷氣不夠強，因為太熱了

",2022-11-21,https://www.google.com.tw/maps/place/%E7%AF%89%E9%96%93%E5%B9%B8%E7%A6%8F%E9%8D%8B%E7%89%A9+%E5%8F%B0%E5%8C%97%E5%8D%97%E4%BA%AC%E4%B8%80%E5%BA%97/data=!4m7!3m6!1s0x3442a9666e9f721d:0x8aefbd57ef6d5d45!8m2!3d25.0518598!4d121.5273867!16s%2Fg%2F11b7cqtsy0!19sChIJHXKfbmapQjQRRV1t71e974o?authuser=0&hl=zh-TW&rclk=1,0x3442a9666e9f721d:0x8aefbd57ef6d5d45
2386,henry lin,4,4 年前,,2022-11-21,https://www.google.com.tw/maps/place/%E7%AF%89%E9%96%93%E5%B9%B8%E7%A6%8F%E9%8D%8B%E7%89%A9+%E5%8F%B0%E5%8C%97%E5%8D%97%E4%BA%AC%E4%B8%80%E5%BA%97/data=!4m7!3m6!1s0x3442a9666e9f721d:0x8aefbd57ef6d5d45!8m2!3d25.0518598!4d121.5273867!16s%2Fg%2F11b7cqtsy0!19sChIJHXKfbmapQjQRRV1t71e974o?authuser=0&hl=zh-TW&rclk=1,0x3442a9666e9f721d:0x8aefbd57ef6d5d45
2387,Epic Banana,3,4 年前,"以這種價位來看肉質實在太爛了，我點的羊肩肉羶味重到爆，菜盤的鴻禧菇底部竟然沒切掉 店裡播著2009西洋金曲排行，太懷舊了吧？  
明治冰淇淋好吃口味多樣，服務人員親切

",2022-11-21,https://www.google.com.tw/maps/place/%E7%AF%89%E9%96%93%E5%B9%B8%E7%A6%8F%E9%8D%8B%E7%89%A9+%E5%8F%B0%E5%8C%97%E5%8D%97%E4%BA%AC%E4%B8%80%E5%BA%97/data=!4m7!3m6!1s0x3442a9666e9f721d:0x8aefbd57ef6d5d45!8m2!3d25.0518598!4d121.5273867!16s%2Fg%2F11b7cqtsy0!19sChIJHXKfbmapQjQRRV1t71e974o?authuser=0&hl=zh-TW&rclk=1,0x3442a9666e9f721d:0x8aefbd57ef6d5d45
2388,David Wang,4,4 年前,"(由 Google 提供翻譯) 肉的大部分  
  
(原始評論)  
Big portion of the meat

",2022-11-21,https://www.google.com.tw/maps/place/%E7%AF%89%E9%96%93%E5%B9%B8%E7%A6%8F%E9%8D%8B%E7%89%A9+%E5%8F%B0%E5%8C%97%E5%8D%97%E4%BA%AC%E4%B8%80%E5%BA%97/data=!4m7!3m6!1s0x3442a9666e9f721d:0x8aefbd57ef6d5d45!8m2!3d25.0518598!4d121.5273867!16s%2Fg%2F11b7cqtsy0!19sChIJHXKfbmapQjQRRV1t71e974o?authuser=0&hl=zh-TW&rclk=1,0x3442a9666e9f721d:0x8aefbd57ef6d5d45
2389,顏君瀚,4,4 年前,"覺得二樓比較舒適，服務是還不錯

",2022-11-21,https://www.google.com.tw/maps/place/%E7%AF%89%E9%96%93%E5%B9%B8%E7%A6%8F%E9%8D%8B%E7%89%A9+%E5%8F%B0%E5%8C%97%E5%8D%97%E4%BA%AC%E4%B8%80%E5%BA%97/data=!4m7!3m6!1s0x3442a9666e9f721d:0x8aefbd57ef6d5d45!8m2!3d25.0518598!4d121.5273867!16s%2Fg%2F11b7cqtsy0!19sChIJHXKfbmapQjQRRV1t71e974o?authuser=0&hl=zh-TW&rclk=1,0x3442a9666e9f721d:0x8aefbd57ef6d5d45
2390,林信友,2,4 年前,"電磁爐有問題反應解決慢半拍

",2022-11-21,https://www.google.com.tw/maps/place/%E7%AF%89%E9%96%93%E5%B9%B8%E7%A6%8F%E9%8D%8B%E7%89%A9+%E5%8F%B0%E5%8C%97%E5%8D%97%E4%BA%AC%E4%B8%80%E5%BA%97/data=!4m7!3m6!1s0x3442a9666e9f721d:0x8aefbd57ef6d5d45!8m2!3d25.0518598!4d121.5273867!16s%2Fg%2F11b7cqtsy0!19sChIJHXKfbmapQjQRRV1t71e974o?authuser=0&hl=zh-TW&rclk=1,0x3442a9666e9f721d:0x8aefbd57ef6d5d45
2391,白艾,5,4 年前,,2022-11-21,https://www.google.com.tw/maps/place/%E7%AF%89%E9%96%93%E5%B9%B8%E7%A6%8F%E9%8D%8B%E7%89%A9+%E5%8F%B0%E5%8C%97%E5%8D%97%E4%BA%AC%E4%B8%80%E5%BA%97/data=!4m7!3m6!1s0x3442a9666e9f721d:0x8aefbd57ef6d5d45!8m2!3d25.0518598!4d121.5273867!16s%2Fg%2F11b7cqtsy0!19sChIJHXKfbmapQjQRRV1t71e974o?authuser=0&hl=zh-TW&rclk=1,0x3442a9666e9f721d:0x8aefbd57ef6d5d45
2392,Stephen Lee,4,4 年前,,2022-11-21,https://www.google.com.tw/maps/place/%E7%AF%89%E9%96%93%E5%B9%B8%E7%A6%8F%E9%8D%8B%E7%89%A9+%E5%8F%B0%E5%8C%97%E5%8D%97%E4%BA%AC%E4%B8%80%E5%BA%97/data=!4m7!3m6!1s0x3442a9666e9f721d:0x8aefbd57ef6d5d45!8m2!3d25.0518598!4d121.5273867!16s%2Fg%2F11b7cqtsy0!19sChIJHXKfbmapQjQRRV1t71e974o?authuser=0&hl=zh-TW&rclk=1,0x3442a9666e9f721d:0x8aefbd57ef6d5d45
2393,dave liu,4,4 年前,"好吃！

",2022-11-21,https://www.google.com.tw/maps/place/%E7%AF%89%E9%96%93%E5%B9%B8%E7%A6%8F%E9%8D%8B%E7%89%A9+%E5%8F%B0%E5%8C%97%E5%8D%97%E4%BA%AC%E4%B8%80%E5%BA%97/data=!4m7!3m6!1s0x3442a9666e9f721d:0x8aefbd57ef6d5d45!8m2!3d25.0518598!4d121.5273867!16s%2Fg%2F11b7cqtsy0!19sChIJHXKfbmapQjQRRV1t71e974o?authuser=0&hl=zh-TW&rclk=1,0x3442a9666e9f721d:0x8aefbd57ef6d5d45
2394,Valencia,5,4 年前,"常常來吃，環境舒適、氣氛佳、冰淇淋是明治的好吃，石頭湯底是招牌，但我也很推和風湯底，消費滿500送一張卷，下次消費直接多一盤肉，適合兩人或以上的人來吃。

",2022-11-21,https://www.google.com.tw/maps/place/%E7%AF%89%E9%96%93%E5%B9%B8%E7%A6%8F%E9%8D%8B%E7%89%A9+%E5%8F%B0%E5%8C%97%E5%8D%97%E4%BA%AC%E4%B8%80%E5%BA%97/data=!4m7!3m6!1s0x3442a9666e9f721d:0x8aefbd57ef6d5d45!8m2!3d25.0518598!4d121.5273867!16s%2Fg%2F11b7cqtsy0!19sChIJHXKfbmapQjQRRV1t71e974o?authuser=0&hl=zh-TW&rclk=1,0x3442a9666e9f721d:0x8aefbd57ef6d5d45
2395,キラキラぶし,1,4 年前,,2022-11-21,https://www.google.com.tw/maps/place/%E7%AF%89%E9%96%93%E5%B9%B8%E7%A6%8F%E9%8D%8B%E7%89%A9+%E5%8F%B0%E5%8C%97%E5%8D%97%E4%BA%AC%E4%B8%80%E5%BA%97/data=!4m7!3m6!1s0x3442a9666e9f721d:0x8aefbd57ef6d5d45!8m2!3d25.0518598!4d121.5273867!16s%2Fg%2F11b7cqtsy0!19sChIJHXKfbmapQjQRRV1t71e974o?authuser=0&hl=zh-TW&rclk=1,0x3442a9666e9f721d:0x8aefbd57ef6d5d45
2396,徐佑昇,5,4 年前,"食材非常新鮮的餐廳。用餐環境很舒服，燈光偏案，所以很適合聊天。

",2022-11-21,https://www.google.com.tw/maps/place/%E7%AF%89%E9%96%93%E5%B9%B8%E7%A6%8F%E9%8D%8B%E7%89%A9+%E5%8F%B0%E5%8C%97%E5%8D%97%E4%BA%AC%E4%B8%80%E5%BA%97/data=!4m7!3m6!1s0x3442a9666e9f721d:0x8aefbd57ef6d5d45!8m2!3d25.0518598!4d121.5273867!16s%2Fg%2F11b7cqtsy0!19sChIJHXKfbmapQjQRRV1t71e974o?authuser=0&hl=zh-TW&rclk=1,0x3442a9666e9f721d:0x8aefbd57ef6d5d45
2397,地獄兎美,4,4 年前,"Cp值尚可。中規中矩的涮涮鍋。不過服務人員太少，想點餐或加湯常常找不人。送餐也是送的七零八落的，加點的東西送了其一卻不見其二。但是服務人員態度還行。

",2022-11-21,https://www.google.com.tw/maps/place/%E7%AF%89%E9%96%93%E5%B9%B8%E7%A6%8F%E9%8D%8B%E7%89%A9+%E5%8F%B0%E5%8C%97%E5%8D%97%E4%BA%AC%E4%B8%80%E5%BA%97/data=!4m7!3m6!1s0x3442a9666e9f721d:0x8aefbd57ef6d5d45!8m2!3d25.0518598!4d121.5273867!16s%2Fg%2F11b7cqtsy0!19sChIJHXKfbmapQjQRRV1t71e974o?authuser=0&hl=zh-TW&rclk=1,0x3442a9666e9f721d:0x8aefbd57ef6d5d45
2398,卓思妤,4,4 年前,"石頭鍋的湯頭不錯  
火鍋整體食材跟肉也還不錯  
就是服務差了點

",2022-11-21,https://www.google.com.tw/maps/place/%E7%AF%89%E9%96%93%E5%B9%B8%E7%A6%8F%E9%8D%8B%E7%89%A9+%E5%8F%B0%E5%8C%97%E5%8D%97%E4%BA%AC%E4%B8%80%E5%BA%97/data=!4m7!3m6!1s0x3442a9666e9f721d:0x8aefbd57ef6d5d45!8m2!3d25.0518598!4d121.5273867!16s%2Fg%2F11b7cqtsy0!19sChIJHXKfbmapQjQRRV1t71e974o?authuser=0&hl=zh-TW&rclk=1,0x3442a9666e9f721d:0x8aefbd57ef6d5d45
2399,Helen Chung,4,4 年前,"食材新鮮、環境衛生乾淨，最喜歡霜降牛很好吃！價錢不貴，co值高會一直支持！ps.消費500元會送一張海鮮或肉品選一樣的招待券

",2022-11-21,https://www.google.com.tw/maps/place/%E7%AF%89%E9%96%93%E5%B9%B8%E7%A6%8F%E9%8D%8B%E7%89%A9+%E5%8F%B0%E5%8C%97%E5%8D%97%E4%BA%AC%E4%B8%80%E5%BA%97/data=!4m7!3m6!1s0x3442a9666e9f721d:0x8aefbd57ef6d5d45!8m2!3d25.0518598!4d121.5273867!16s%2Fg%2F11b7cqtsy0!19sChIJHXKfbmapQjQRRV1t71e974o?authuser=0&hl=zh-TW&rclk=1,0x3442a9666e9f721d:0x8aefbd57ef6d5d45
2400,周宗毅,5,4 年前,,2022-11-21,https://www.google.com.tw/maps/place/%E7%AF%89%E9%96%93%E5%B9%B8%E7%A6%8F%E9%8D%8B%E7%89%A9+%E5%8F%B0%E5%8C%97%E5%8D%97%E4%BA%AC%E4%B8%80%E5%BA%97/data=!4m7!3m6!1s0x3442a9666e9f721d:0x8aefbd57ef6d5d45!8m2!3d25.0518598!4d121.5273867!16s%2Fg%2F11b7cqtsy0!19sChIJHXKfbmapQjQRRV1t71e974o?authuser=0&hl=zh-TW&rclk=1,0x3442a9666e9f721d:0x8aefbd57ef6d5d45
2401,郁倫倫,5,4 年前,"好吃，價位合理

",2022-11-21,https://www.google.com.tw/maps/place/%E7%AF%89%E9%96%93%E5%B9%B8%E7%A6%8F%E9%8D%8B%E7%89%A9+%E5%8F%B0%E5%8C%97%E5%8D%97%E4%BA%AC%E4%B8%80%E5%BA%97/data=!4m7!3m6!1s0x3442a9666e9f721d:0x8aefbd57ef6d5d45!8m2!3d25.0518598!4d121.5273867!16s%2Fg%2F11b7cqtsy0!19sChIJHXKfbmapQjQRRV1t71e974o?authuser=0&hl=zh-TW&rclk=1,0x3442a9666e9f721d:0x8aefbd57ef6d5d45
2402,IDA MI LING CHEUNG,5,4 年前,"(由 Google 提供翻譯) 巨大的價值  
  
(原始評論)  
Great value

",2022-11-21,https://www.google.com.tw/maps/place/%E7%AF%89%E9%96%93%E5%B9%B8%E7%A6%8F%E9%8D%8B%E7%89%A9+%E5%8F%B0%E5%8C%97%E5%8D%97%E4%BA%AC%E4%B8%80%E5%BA%97/data=!4m7!3m6!1s0x3442a9666e9f721d:0x8aefbd57ef6d5d45!8m2!3d25.0518598!4d121.5273867!16s%2Fg%2F11b7cqtsy0!19sChIJHXKfbmapQjQRRV1t71e974o?authuser=0&hl=zh-TW&rclk=1,0x3442a9666e9f721d:0x8aefbd57ef6d5d45
2403,江偉誠,4,4 年前,,2022-11-21,https://www.google.com.tw/maps/place/%E7%AF%89%E9%96%93%E5%B9%B8%E7%A6%8F%E9%8D%8B%E7%89%A9+%E5%8F%B0%E5%8C%97%E5%8D%97%E4%BA%AC%E4%B8%80%E5%BA%97/data=!4m7!3m6!1s0x3442a9666e9f721d:0x8aefbd57ef6d5d45!8m2!3d25.0518598!4d121.5273867!16s%2Fg%2F11b7cqtsy0!19sChIJHXKfbmapQjQRRV1t71e974o?authuser=0&hl=zh-TW&rclk=1,0x3442a9666e9f721d:0x8aefbd57ef6d5d45
2404,05 24 (‪子仙‬),4,4 年前,"久違了

",2022-11-21,https://www.google.com.tw/maps/place/%E7%AF%89%E9%96%93%E5%B9%B8%E7%A6%8F%E9%8D%8B%E7%89%A9+%E5%8F%B0%E5%8C%97%E5%8D%97%E4%BA%AC%E4%B8%80%E5%BA%97/data=!4m7!3m6!1s0x3442a9666e9f721d:0x8aefbd57ef6d5d45!8m2!3d25.0518598!4d121.5273867!16s%2Fg%2F11b7cqtsy0!19sChIJHXKfbmapQjQRRV1t71e974o?authuser=0&hl=zh-TW&rclk=1,0x3442a9666e9f721d:0x8aefbd57ef6d5d45
2405,白若夜,5,4 年前,,2022-11-21,https://www.google.com.tw/maps/place/%E7%AF%89%E9%96%93%E5%B9%B8%E7%A6%8F%E9%8D%8B%E7%89%A9+%E5%8F%B0%E5%8C%97%E5%8D%97%E4%BA%AC%E4%B8%80%E5%BA%97/data=!4m7!3m6!1s0x3442a9666e9f721d:0x8aefbd57ef6d5d45!8m2!3d25.0518598!4d121.5273867!16s%2Fg%2F11b7cqtsy0!19sChIJHXKfbmapQjQRRV1t71e974o?authuser=0&hl=zh-TW&rclk=1,0x3442a9666e9f721d:0x8aefbd57ef6d5d45
2406,佳家,5,4 年前,"食材品質好，新鮮，份量夠多，服務好，環境佳。

",2022-11-21,https://www.google.com.tw/maps/place/%E7%AF%89%E9%96%93%E5%B9%B8%E7%A6%8F%E9%8D%8B%E7%89%A9+%E5%8F%B0%E5%8C%97%E5%8D%97%E4%BA%AC%E4%B8%80%E5%BA%97/data=!4m7!3m6!1s0x3442a9666e9f721d:0x8aefbd57ef6d5d45!8m2!3d25.0518598!4d121.5273867!16s%2Fg%2F11b7cqtsy0!19sChIJHXKfbmapQjQRRV1t71e974o?authuser=0&hl=zh-TW&rclk=1,0x3442a9666e9f721d:0x8aefbd57ef6d5d45
2407,走走鵝,4,4 年前,"份量滿多的，最便宜的肉就滿好吃的了，可是吃完衣服味道很重XDD

",2022-11-21,https://www.google.com.tw/maps/place/%E7%AF%89%E9%96%93%E5%B9%B8%E7%A6%8F%E9%8D%8B%E7%89%A9+%E5%8F%B0%E5%8C%97%E5%8D%97%E4%BA%AC%E4%B8%80%E5%BA%97/data=!4m7!3m6!1s0x3442a9666e9f721d:0x8aefbd57ef6d5d45!8m2!3d25.0518598!4d121.5273867!16s%2Fg%2F11b7cqtsy0!19sChIJHXKfbmapQjQRRV1t71e974o?authuser=0&hl=zh-TW&rclk=1,0x3442a9666e9f721d:0x8aefbd57ef6d5d45
2408,Gary TU,5,4 年前,"食材、湯頭表現佳，價格合理；有飲料跟冰淇淋吃到飽

",2022-11-21,https://www.google.com.tw/maps/place/%E7%AF%89%E9%96%93%E5%B9%B8%E7%A6%8F%E9%8D%8B%E7%89%A9+%E5%8F%B0%E5%8C%97%E5%8D%97%E4%BA%AC%E4%B8%80%E5%BA%97/data=!4m7!3m6!1s0x3442a9666e9f721d:0x8aefbd57ef6d5d45!8m2!3d25.0518598!4d121.5273867!16s%2Fg%2F11b7cqtsy0!19sChIJHXKfbmapQjQRRV1t71e974o?authuser=0&hl=zh-TW&rclk=1,0x3442a9666e9f721d:0x8aefbd57ef6d5d45
2409,葉玉嬌,4,4 年前,"還不錯。

",2022-11-21,https://www.google.com.tw/maps/place/%E7%AF%89%E9%96%93%E5%B9%B8%E7%A6%8F%E9%8D%8B%E7%89%A9+%E5%8F%B0%E5%8C%97%E5%8D%97%E4%BA%AC%E4%B8%80%E5%BA%97/data=!4m7!3m6!1s0x3442a9666e9f721d:0x8aefbd57ef6d5d45!8m2!3d25.0518598!4d121.5273867!16s%2Fg%2F11b7cqtsy0!19sChIJHXKfbmapQjQRRV1t71e974o?authuser=0&hl=zh-TW&rclk=1,0x3442a9666e9f721d:0x8aefbd57ef6d5d45
2410,義,5,4 年前,,2022-11-21,https://www.google.com.tw/maps/place/%E7%AF%89%E9%96%93%E5%B9%B8%E7%A6%8F%E9%8D%8B%E7%89%A9+%E5%8F%B0%E5%8C%97%E5%8D%97%E4%BA%AC%E4%B8%80%E5%BA%97/data=!4m7!3m6!1s0x3442a9666e9f721d:0x8aefbd57ef6d5d45!8m2!3d25.0518598!4d121.5273867!16s%2Fg%2F11b7cqtsy0!19sChIJHXKfbmapQjQRRV1t71e974o?authuser=0&hl=zh-TW&rclk=1,0x3442a9666e9f721d:0x8aefbd57ef6d5d45
2411,郭樓權,5,4 年前,"好停車,隔壁蛋糕店,價格平實,好吃,明治冰吃到飽

",2022-11-21,https://www.google.com.tw/maps/place/%E7%AF%89%E9%96%93%E5%B9%B8%E7%A6%8F%E9%8D%8B%E7%89%A9+%E5%8F%B0%E5%8C%97%E5%8D%97%E4%BA%AC%E4%B8%80%E5%BA%97/data=!4m7!3m6!1s0x3442a9666e9f721d:0x8aefbd57ef6d5d45!8m2!3d25.0518598!4d121.5273867!16s%2Fg%2F11b7cqtsy0!19sChIJHXKfbmapQjQRRV1t71e974o?authuser=0&hl=zh-TW&rclk=1,0x3442a9666e9f721d:0x8aefbd57ef6d5d45
2412,劉知耘,4,4 年前,,2022-11-21,https://www.google.com.tw/maps/place/%E7%AF%89%E9%96%93%E5%B9%B8%E7%A6%8F%E9%8D%8B%E7%89%A9+%E5%8F%B0%E5%8C%97%E5%8D%97%E4%BA%AC%E4%B8%80%E5%BA%97/data=!4m7!3m6!1s0x3442a9666e9f721d:0x8aefbd57ef6d5d45!8m2!3d25.0518598!4d121.5273867!16s%2Fg%2F11b7cqtsy0!19sChIJHXKfbmapQjQRRV1t71e974o?authuser=0&hl=zh-TW&rclk=1,0x3442a9666e9f721d:0x8aefbd57ef6d5d45
2413,Rob H.,5,4 年前,"好吃鍋物，食材新鮮

",2022-11-21,https://www.google.com.tw/maps/place/%E7%AF%89%E9%96%93%E5%B9%B8%E7%A6%8F%E9%8D%8B%E7%89%A9+%E5%8F%B0%E5%8C%97%E5%8D%97%E4%BA%AC%E4%B8%80%E5%BA%97/data=!4m7!3m6!1s0x3442a9666e9f721d:0x8aefbd57ef6d5d45!8m2!3d25.0518598!4d121.5273867!16s%2Fg%2F11b7cqtsy0!19sChIJHXKfbmapQjQRRV1t71e974o?authuser=0&hl=zh-TW&rclk=1,0x3442a9666e9f721d:0x8aefbd57ef6d5d45
2414,豐宋,5,4 年前,,2022-11-21,https://www.google.com.tw/maps/place/%E7%AF%89%E9%96%93%E5%B9%B8%E7%A6%8F%E9%8D%8B%E7%89%A9+%E5%8F%B0%E5%8C%97%E5%8D%97%E4%BA%AC%E4%B8%80%E5%BA%97/data=!4m7!3m6!1s0x3442a9666e9f721d:0x8aefbd57ef6d5d45!8m2!3d25.0518598!4d121.5273867!16s%2Fg%2F11b7cqtsy0!19sChIJHXKfbmapQjQRRV1t71e974o?authuser=0&hl=zh-TW&rclk=1,0x3442a9666e9f721d:0x8aefbd57ef6d5d45
2415,HC Lee,4,4 年前,,2022-11-21,https://www.google.com.tw/maps/place/%E7%AF%89%E9%96%93%E5%B9%B8%E7%A6%8F%E9%8D%8B%E7%89%A9+%E5%8F%B0%E5%8C%97%E5%8D%97%E4%BA%AC%E4%B8%80%E5%BA%97/data=!4m7!3m6!1s0x3442a9666e9f721d:0x8aefbd57ef6d5d45!8m2!3d25.0518598!4d121.5273867!16s%2Fg%2F11b7cqtsy0!19sChIJHXKfbmapQjQRRV1t71e974o?authuser=0&hl=zh-TW&rclk=1,0x3442a9666e9f721d:0x8aefbd57ef6d5d45
2416,Denise Kao,4,4 年前,"8/8點了石頭鍋湯底及雪花牛肉，菜盤份量適中，不會浪費；肉盤部份給得很夠誠意，只是二樓包廂座位區的冷氣不是很涼，希望下次造訪時已改進。

",2022-11-21,https://www.google.com.tw/maps/place/%E7%AF%89%E9%96%93%E5%B9%B8%E7%A6%8F%E9%8D%8B%E7%89%A9+%E5%8F%B0%E5%8C%97%E5%8D%97%E4%BA%AC%E4%B8%80%E5%BA%97/data=!4m7!3m6!1s0x3442a9666e9f721d:0x8aefbd57ef6d5d45!8m2!3d25.0518598!4d121.5273867!16s%2Fg%2F11b7cqtsy0!19sChIJHXKfbmapQjQRRV1t71e974o?authuser=0&hl=zh-TW&rclk=1,0x3442a9666e9f721d:0x8aefbd57ef6d5d45
2417,vava wang,5,4 年前,,2022-11-21,https://www.google.com.tw/maps/place/%E7%AF%89%E9%96%93%E5%B9%B8%E7%A6%8F%E9%8D%8B%E7%89%A9+%E5%8F%B0%E5%8C%97%E5%8D%97%E4%BA%AC%E4%B8%80%E5%BA%97/data=!4m7!3m6!1s0x3442a9666e9f721d:0x8aefbd57ef6d5d45!8m2!3d25.0518598!4d121.5273867!16s%2Fg%2F11b7cqtsy0!19sChIJHXKfbmapQjQRRV1t71e974o?authuser=0&hl=zh-TW&rclk=1,0x3442a9666e9f721d:0x8aefbd57ef6d5d45
2418,賴兆豐,4,4 年前,"食物很新鮮實在，用餐環境也不錯

",2022-11-21,https://www.google.com.tw/maps/place/%E7%AF%89%E9%96%93%E5%B9%B8%E7%A6%8F%E9%8D%8B%E7%89%A9+%E5%8F%B0%E5%8C%97%E5%8D%97%E4%BA%AC%E4%B8%80%E5%BA%97/data=!4m7!3m6!1s0x3442a9666e9f721d:0x8aefbd57ef6d5d45!8m2!3d25.0518598!4d121.5273867!16s%2Fg%2F11b7cqtsy0!19sChIJHXKfbmapQjQRRV1t71e974o?authuser=0&hl=zh-TW&rclk=1,0x3442a9666e9f721d:0x8aefbd57ef6d5d45
2419,shirly,5,4 年前,"火鍋不錯吃，適合約會，家庭聚餐

",2022-11-21,https://www.google.com.tw/maps/place/%E7%AF%89%E9%96%93%E5%B9%B8%E7%A6%8F%E9%8D%8B%E7%89%A9+%E5%8F%B0%E5%8C%97%E5%8D%97%E4%BA%AC%E4%B8%80%E5%BA%97/data=!4m7!3m6!1s0x3442a9666e9f721d:0x8aefbd57ef6d5d45!8m2!3d25.0518598!4d121.5273867!16s%2Fg%2F11b7cqtsy0!19sChIJHXKfbmapQjQRRV1t71e974o?authuser=0&hl=zh-TW&rclk=1,0x3442a9666e9f721d:0x8aefbd57ef6d5d45
2420,emily,4,4 年前,,2022-11-21,https://www.google.com.tw/maps/place/%E7%AF%89%E9%96%93%E5%B9%B8%E7%A6%8F%E9%8D%8B%E7%89%A9+%E5%8F%B0%E5%8C%97%E5%8D%97%E4%BA%AC%E4%B8%80%E5%BA%97/data=!4m7!3m6!1s0x3442a9666e9f721d:0x8aefbd57ef6d5d45!8m2!3d25.0518598!4d121.5273867!16s%2Fg%2F11b7cqtsy0!19sChIJHXKfbmapQjQRRV1t71e974o?authuser=0&hl=zh-TW&rclk=1,0x3442a9666e9f721d:0x8aefbd57ef6d5d45
2421,Brian Chang,5,4 年前,"食材新鮮，湯頭講究

",2022-11-21,https://www.google.com.tw/maps/place/%E7%AF%89%E9%96%93%E5%B9%B8%E7%A6%8F%E9%8D%8B%E7%89%A9+%E5%8F%B0%E5%8C%97%E5%8D%97%E4%BA%AC%E4%B8%80%E5%BA%97/data=!4m7!3m6!1s0x3442a9666e9f721d:0x8aefbd57ef6d5d45!8m2!3d25.0518598!4d121.5273867!16s%2Fg%2F11b7cqtsy0!19sChIJHXKfbmapQjQRRV1t71e974o?authuser=0&hl=zh-TW&rclk=1,0x3442a9666e9f721d:0x8aefbd57ef6d5d45
2422,Pingu Pingu,3,4 年前,"點的是澳洲板腱牛，肉質普通  
可能當天店裡很忙過了20分鐘後湯鍋才送上  
甚至沒有送來點的肉盤  
同桌晚到的其他人都開始吃了....  
飲料選擇很少(奶茶與檸檬紅茶)  
用餐體驗稍不佳的店家

",2022-11-21,https://www.google.com.tw/maps/place/%E7%AF%89%E9%96%93%E5%B9%B8%E7%A6%8F%E9%8D%8B%E7%89%A9+%E5%8F%B0%E5%8C%97%E5%8D%97%E4%BA%AC%E4%B8%80%E5%BA%97/data=!4m7!3m6!1s0x3442a9666e9f721d:0x8aefbd57ef6d5d45!8m2!3d25.0518598!4d121.5273867!16s%2Fg%2F11b7cqtsy0!19sChIJHXKfbmapQjQRRV1t71e974o?authuser=0&hl=zh-TW&rclk=1,0x3442a9666e9f721d:0x8aefbd57ef6d5d45
2423,謝思瑀,4,4 年前,"急徵神情的人，很多人不知如何，想到該如何反應？

",2022-11-21,https://www.google.com.tw/maps/place/%E7%AF%89%E9%96%93%E5%B9%B8%E7%A6%8F%E9%8D%8B%E7%89%A9+%E5%8F%B0%E5%8C%97%E5%8D%97%E4%BA%AC%E4%B8%80%E5%BA%97/data=!4m7!3m6!1s0x3442a9666e9f721d:0x8aefbd57ef6d5d45!8m2!3d25.0518598!4d121.5273867!16s%2Fg%2F11b7cqtsy0!19sChIJHXKfbmapQjQRRV1t71e974o?authuser=0&hl=zh-TW&rclk=1,0x3442a9666e9f721d:0x8aefbd57ef6d5d45
2424,卓子洋,5,4 年前,"肉很好吃 但有點貴 像我這種窮學生吃不起

",2022-11-21,https://www.google.com.tw/maps/place/%E7%AF%89%E9%96%93%E5%B9%B8%E7%A6%8F%E9%8D%8B%E7%89%A9+%E5%8F%B0%E5%8C%97%E5%8D%97%E4%BA%AC%E4%B8%80%E5%BA%97/data=!4m7!3m6!1s0x3442a9666e9f721d:0x8aefbd57ef6d5d45!8m2!3d25.0518598!4d121.5273867!16s%2Fg%2F11b7cqtsy0!19sChIJHXKfbmapQjQRRV1t71e974o?authuser=0&hl=zh-TW&rclk=1,0x3442a9666e9f721d:0x8aefbd57ef6d5d45
2425,MINI WISH,5,4 年前,"服務態度很好  
環境很舒適

",2022-11-21,https://www.google.com.tw/maps/place/%E7%AF%89%E9%96%93%E5%B9%B8%E7%A6%8F%E9%8D%8B%E7%89%A9+%E5%8F%B0%E5%8C%97%E5%8D%97%E4%BA%AC%E4%B8%80%E5%BA%97/data=!4m7!3m6!1s0x3442a9666e9f721d:0x8aefbd57ef6d5d45!8m2!3d25.0518598!4d121.5273867!16s%2Fg%2F11b7cqtsy0!19sChIJHXKfbmapQjQRRV1t71e974o?authuser=0&hl=zh-TW&rclk=1,0x3442a9666e9f721d:0x8aefbd57ef6d5d45
2426,陳佳琦,4,4 年前,,2022-11-21,https://www.google.com.tw/maps/place/%E7%AF%89%E9%96%93%E5%B9%B8%E7%A6%8F%E9%8D%8B%E7%89%A9+%E5%8F%B0%E5%8C%97%E5%8D%97%E4%BA%AC%E4%B8%80%E5%BA%97/data=!4m7!3m6!1s0x3442a9666e9f721d:0x8aefbd57ef6d5d45!8m2!3d25.0518598!4d121.5273867!16s%2Fg%2F11b7cqtsy0!19sChIJHXKfbmapQjQRRV1t71e974o?authuser=0&hl=zh-TW&rclk=1,0x3442a9666e9f721d:0x8aefbd57ef6d5d45
2427,Herlocious,3,4 年前,,2022-11-21,https://www.google.com.tw/maps/place/%E7%AF%89%E9%96%93%E5%B9%B8%E7%A6%8F%E9%8D%8B%E7%89%A9+%E5%8F%B0%E5%8C%97%E5%8D%97%E4%BA%AC%E4%B8%80%E5%BA%97/data=!4m7!3m6!1s0x3442a9666e9f721d:0x8aefbd57ef6d5d45!8m2!3d25.0518598!4d121.5273867!16s%2Fg%2F11b7cqtsy0!19sChIJHXKfbmapQjQRRV1t71e974o?authuser=0&hl=zh-TW&rclk=1,0x3442a9666e9f721d:0x8aefbd57ef6d5d45
2428,淺野咲,5,4 年前,,2022-11-21,https://www.google.com.tw/maps/place/%E7%AF%89%E9%96%93%E5%B9%B8%E7%A6%8F%E9%8D%8B%E7%89%A9+%E5%8F%B0%E5%8C%97%E5%8D%97%E4%BA%AC%E4%B8%80%E5%BA%97/data=!4m7!3m6!1s0x3442a9666e9f721d:0x8aefbd57ef6d5d45!8m2!3d25.0518598!4d121.5273867!16s%2Fg%2F11b7cqtsy0!19sChIJHXKfbmapQjQRRV1t71e974o?authuser=0&hl=zh-TW&rclk=1,0x3442a9666e9f721d:0x8aefbd57ef6d5d45
2429,jackie chu,5,4 年前,"乾淨……時尚！服務很好

",2022-11-21,https://www.google.com.tw/maps/place/%E7%AF%89%E9%96%93%E5%B9%B8%E7%A6%8F%E9%8D%8B%E7%89%A9+%E5%8F%B0%E5%8C%97%E5%8D%97%E4%BA%AC%E4%B8%80%E5%BA%97/data=!4m7!3m6!1s0x3442a9666e9f721d:0x8aefbd57ef6d5d45!8m2!3d25.0518598!4d121.5273867!16s%2Fg%2F11b7cqtsy0!19sChIJHXKfbmapQjQRRV1t71e974o?authuser=0&hl=zh-TW&rclk=1,0x3442a9666e9f721d:0x8aefbd57ef6d5d45
2430,jacky chung,4,4 年前,"套餐類的， 飲料冰品（明治的）無限制取用。還不錯 老婆很愛 下次要改試離家更近的農安店

",2022-11-21,https://www.google.com.tw/maps/place/%E7%AF%89%E9%96%93%E5%B9%B8%E7%A6%8F%E9%8D%8B%E7%89%A9+%E5%8F%B0%E5%8C%97%E5%8D%97%E4%BA%AC%E4%B8%80%E5%BA%97/data=!4m7!3m6!1s0x3442a9666e9f721d:0x8aefbd57ef6d5d45!8m2!3d25.0518598!4d121.5273867!16s%2Fg%2F11b7cqtsy0!19sChIJHXKfbmapQjQRRV1t71e974o?authuser=0&hl=zh-TW&rclk=1,0x3442a9666e9f721d:0x8aefbd57ef6d5d45
2431,蔡沛柔,5,4 年前,,2022-11-21,https://www.google.com.tw/maps/place/%E7%AF%89%E9%96%93%E5%B9%B8%E7%A6%8F%E9%8D%8B%E7%89%A9+%E5%8F%B0%E5%8C%97%E5%8D%97%E4%BA%AC%E4%B8%80%E5%BA%97/data=!4m7!3m6!1s0x3442a9666e9f721d:0x8aefbd57ef6d5d45!8m2!3d25.0518598!4d121.5273867!16s%2Fg%2F11b7cqtsy0!19sChIJHXKfbmapQjQRRV1t71e974o?authuser=0&hl=zh-TW&rclk=1,0x3442a9666e9f721d:0x8aefbd57ef6d5d45
2432,Vanessa Liu,5,4 年前,"菜盤新鮮，明治冰淇淋抹茶口味好吃！

",2022-11-21,https://www.google.com.tw/maps/place/%E7%AF%89%E9%96%93%E5%B9%B8%E7%A6%8F%E9%8D%8B%E7%89%A9+%E5%8F%B0%E5%8C%97%E5%8D%97%E4%BA%AC%E4%B8%80%E5%BA%97/data=!4m7!3m6!1s0x3442a9666e9f721d:0x8aefbd57ef6d5d45!8m2!3d25.0518598!4d121.5273867!16s%2Fg%2F11b7cqtsy0!19sChIJHXKfbmapQjQRRV1t71e974o?authuser=0&hl=zh-TW&rclk=1,0x3442a9666e9f721d:0x8aefbd57ef6d5d45
2433,Tan Sean,4,4 年前,,2022-11-21,https://www.google.com.tw/maps/place/%E7%AF%89%E9%96%93%E5%B9%B8%E7%A6%8F%E9%8D%8B%E7%89%A9+%E5%8F%B0%E5%8C%97%E5%8D%97%E4%BA%AC%E4%B8%80%E5%BA%97/data=!4m7!3m6!1s0x3442a9666e9f721d:0x8aefbd57ef6d5d45!8m2!3d25.0518598!4d121.5273867!16s%2Fg%2F11b7cqtsy0!19sChIJHXKfbmapQjQRRV1t71e974o?authuser=0&hl=zh-TW&rclk=1,0x3442a9666e9f721d:0x8aefbd57ef6d5d45
2434,林佩萱,5,4 年前,"點了牛肉鍋跟羊肉鍋 還加點雞腿排都好吃 份量足夠 吃不完XD

",2022-11-21,https://www.google.com.tw/maps/place/%E7%AF%89%E9%96%93%E5%B9%B8%E7%A6%8F%E9%8D%8B%E7%89%A9+%E5%8F%B0%E5%8C%97%E5%8D%97%E4%BA%AC%E4%B8%80%E5%BA%97/data=!4m7!3m6!1s0x3442a9666e9f721d:0x8aefbd57ef6d5d45!8m2!3d25.0518598!4d121.5273867!16s%2Fg%2F11b7cqtsy0!19sChIJHXKfbmapQjQRRV1t71e974o?authuser=0&hl=zh-TW&rclk=1,0x3442a9666e9f721d:0x8aefbd57ef6d5d45
2435,Joy Su,4,4 年前,"量多

",2022-11-21,https://www.google.com.tw/maps/place/%E7%AF%89%E9%96%93%E5%B9%B8%E7%A6%8F%E9%8D%8B%E7%89%A9+%E5%8F%B0%E5%8C%97%E5%8D%97%E4%BA%AC%E4%B8%80%E5%BA%97/data=!4m7!3m6!1s0x3442a9666e9f721d:0x8aefbd57ef6d5d45!8m2!3d25.0518598!4d121.5273867!16s%2Fg%2F11b7cqtsy0!19sChIJHXKfbmapQjQRRV1t71e974o?authuser=0&hl=zh-TW&rclk=1,0x3442a9666e9f721d:0x8aefbd57ef6d5d45
2436,Jesse Tsai,3,4 年前,,2022-11-21,https://www.google.com.tw/maps/place/%E7%AF%89%E9%96%93%E5%B9%B8%E7%A6%8F%E9%8D%8B%E7%89%A9+%E5%8F%B0%E5%8C%97%E5%8D%97%E4%BA%AC%E4%B8%80%E5%BA%97/data=!4m7!3m6!1s0x3442a9666e9f721d:0x8aefbd57ef6d5d45!8m2!3d25.0518598!4d121.5273867!16s%2Fg%2F11b7cqtsy0!19sChIJHXKfbmapQjQRRV1t71e974o?authuser=0&hl=zh-TW&rclk=1,0x3442a9666e9f721d:0x8aefbd57ef6d5d45
2437,Anthony Tai,4,4 年前,"(由 Google 提供翻譯) 物超所值，肉質優良，但海鮮。良好的服務和甜點。  
  
(原始評論)  
Excellent value, good meat quality but seafood. Good service and dessert.

",2022-11-21,https://www.google.com.tw/maps/place/%E7%AF%89%E9%96%93%E5%B9%B8%E7%A6%8F%E9%8D%8B%E7%89%A9+%E5%8F%B0%E5%8C%97%E5%8D%97%E4%BA%AC%E4%B8%80%E5%BA%97/data=!4m7!3m6!1s0x3442a9666e9f721d:0x8aefbd57ef6d5d45!8m2!3d25.0518598!4d121.5273867!16s%2Fg%2F11b7cqtsy0!19sChIJHXKfbmapQjQRRV1t71e974o?authuser=0&hl=zh-TW&rclk=1,0x3442a9666e9f721d:0x8aefbd57ef6d5d45
2438,窻燃煙逝,5,4 年前,"(由 Google 提供翻譯) 竹簡無論在哪，都很划算「肉捲」  
  
(原始評論)  
竹簡無論在哪，都很划算「肉卷」

",2022-11-21,https://www.google.com.tw/maps/place/%E7%AF%89%E9%96%93%E5%B9%B8%E7%A6%8F%E9%8D%8B%E7%89%A9+%E5%8F%B0%E5%8C%97%E5%8D%97%E4%BA%AC%E4%B8%80%E5%BA%97/data=!4m7!3m6!1s0x3442a9666e9f721d:0x8aefbd57ef6d5d45!8m2!3d25.0518598!4d121.5273867!16s%2Fg%2F11b7cqtsy0!19sChIJHXKfbmapQjQRRV1t71e974o?authuser=0&hl=zh-TW&rclk=1,0x3442a9666e9f721d:0x8aefbd57ef6d5d45
2439,宮城淳一,3,4 年前,,2022-11-21,https://www.google.com.tw/maps/place/%E7%AF%89%E9%96%93%E5%B9%B8%E7%A6%8F%E9%8D%8B%E7%89%A9+%E5%8F%B0%E5%8C%97%E5%8D%97%E4%BA%AC%E4%B8%80%E5%BA%97/data=!4m7!3m6!1s0x3442a9666e9f721d:0x8aefbd57ef6d5d45!8m2!3d25.0518598!4d121.5273867!16s%2Fg%2F11b7cqtsy0!19sChIJHXKfbmapQjQRRV1t71e974o?authuser=0&hl=zh-TW&rclk=1,0x3442a9666e9f721d:0x8aefbd57ef6d5d45
2440,Rei-yu kuo,4,4 年前,"食材新鮮 有多種肉品可以選擇 醬料 飲料 冰淇淋 該有的都有

",2022-11-21,https://www.google.com.tw/maps/place/%E7%AF%89%E9%96%93%E5%B9%B8%E7%A6%8F%E9%8D%8B%E7%89%A9+%E5%8F%B0%E5%8C%97%E5%8D%97%E4%BA%AC%E4%B8%80%E5%BA%97/data=!4m7!3m6!1s0x3442a9666e9f721d:0x8aefbd57ef6d5d45!8m2!3d25.0518598!4d121.5273867!16s%2Fg%2F11b7cqtsy0!19sChIJHXKfbmapQjQRRV1t71e974o?authuser=0&hl=zh-TW&rclk=1,0x3442a9666e9f721d:0x8aefbd57ef6d5d45
2441,may chang,1,4 年前,,2022-11-21,https://www.google.com.tw/maps/place/%E7%AF%89%E9%96%93%E5%B9%B8%E7%A6%8F%E9%8D%8B%E7%89%A9+%E5%8F%B0%E5%8C%97%E5%8D%97%E4%BA%AC%E4%B8%80%E5%BA%97/data=!4m7!3m6!1s0x3442a9666e9f721d:0x8aefbd57ef6d5d45!8m2!3d25.0518598!4d121.5273867!16s%2Fg%2F11b7cqtsy0!19sChIJHXKfbmapQjQRRV1t71e974o?authuser=0&hl=zh-TW&rclk=1,0x3442a9666e9f721d:0x8aefbd57ef6d5d45
2442,張尚文,4,4 年前,,2022-11-21,https://www.google.com.tw/maps/place/%E7%AF%89%E9%96%93%E5%B9%B8%E7%A6%8F%E9%8D%8B%E7%89%A9+%E5%8F%B0%E5%8C%97%E5%8D%97%E4%BA%AC%E4%B8%80%E5%BA%97/data=!4m7!3m6!1s0x3442a9666e9f721d:0x8aefbd57ef6d5d45!8m2!3d25.0518598!4d121.5273867!16s%2Fg%2F11b7cqtsy0!19sChIJHXKfbmapQjQRRV1t71e974o?authuser=0&hl=zh-TW&rclk=1,0x3442a9666e9f721d:0x8aefbd57ef6d5d45
2443,25吳茂壽,3,4 年前,,2022-11-21,https://www.google.com.tw/maps/place/%E7%AF%89%E9%96%93%E5%B9%B8%E7%A6%8F%E9%8D%8B%E7%89%A9+%E5%8F%B0%E5%8C%97%E5%8D%97%E4%BA%AC%E4%B8%80%E5%BA%97/data=!4m7!3m6!1s0x3442a9666e9f721d:0x8aefbd57ef6d5d45!8m2!3d25.0518598!4d121.5273867!16s%2Fg%2F11b7cqtsy0!19sChIJHXKfbmapQjQRRV1t71e974o?authuser=0&hl=zh-TW&rclk=1,0x3442a9666e9f721d:0x8aefbd57ef6d5d45
2444,新北東和馬,4,4 年前,,2022-11-21,https://www.google.com.tw/maps/place/%E7%AF%89%E9%96%93%E5%B9%B8%E7%A6%8F%E9%8D%8B%E7%89%A9+%E5%8F%B0%E5%8C%97%E5%8D%97%E4%BA%AC%E4%B8%80%E5%BA%97/data=!4m7!3m6!1s0x3442a9666e9f721d:0x8aefbd57ef6d5d45!8m2!3d25.0518598!4d121.5273867!16s%2Fg%2F11b7cqtsy0!19sChIJHXKfbmapQjQRRV1t71e974o?authuser=0&hl=zh-TW&rclk=1,0x3442a9666e9f721d:0x8aefbd57ef6d5d45
2445,Maurie Lai,5,4 年前,"好吃，霜降牛跟小肥牛很軟嫩沒有肉味。  
環境和服務都有維持，感覺不錯

",2022-11-21,https://www.google.com.tw/maps/place/%E7%AF%89%E9%96%93%E5%B9%B8%E7%A6%8F%E9%8D%8B%E7%89%A9+%E5%8F%B0%E5%8C%97%E5%8D%97%E4%BA%AC%E4%B8%80%E5%BA%97/data=!4m7!3m6!1s0x3442a9666e9f721d:0x8aefbd57ef6d5d45!8m2!3d25.0518598!4d121.5273867!16s%2Fg%2F11b7cqtsy0!19sChIJHXKfbmapQjQRRV1t71e974o?authuser=0&hl=zh-TW&rclk=1,0x3442a9666e9f721d:0x8aefbd57ef6d5d45
2446,Yu Yu (羽),5,4 年前,,2022-11-21,https://www.google.com.tw/maps/place/%E7%AF%89%E9%96%93%E5%B9%B8%E7%A6%8F%E9%8D%8B%E7%89%A9+%E5%8F%B0%E5%8C%97%E5%8D%97%E4%BA%AC%E4%B8%80%E5%BA%97/data=!4m7!3m6!1s0x3442a9666e9f721d:0x8aefbd57ef6d5d45!8m2!3d25.0518598!4d121.5273867!16s%2Fg%2F11b7cqtsy0!19sChIJHXKfbmapQjQRRV1t71e974o?authuser=0&hl=zh-TW&rclk=1,0x3442a9666e9f721d:0x8aefbd57ef6d5d45
2447,何琳文,3,4 年前,"肉片切太薄 沒有口感 其他還好

",2022-11-21,https://www.google.com.tw/maps/place/%E7%AF%89%E9%96%93%E5%B9%B8%E7%A6%8F%E9%8D%8B%E7%89%A9+%E5%8F%B0%E5%8C%97%E5%8D%97%E4%BA%AC%E4%B8%80%E5%BA%97/data=!4m7!3m6!1s0x3442a9666e9f721d:0x8aefbd57ef6d5d45!8m2!3d25.0518598!4d121.5273867!16s%2Fg%2F11b7cqtsy0!19sChIJHXKfbmapQjQRRV1t71e974o?authuser=0&hl=zh-TW&rclk=1,0x3442a9666e9f721d:0x8aefbd57ef6d5d45
2448,Double Rich,3,4 年前,"這個月吃了兩次...  
第一次，不錯！  
  
第二次，有點傻眼。希望老闆可以看到我評論。我點了板腱牛！320元的。我想問一下。妳們內部切肉有沒有一個標準？  
  
有一片透到很誇張？請問一下是在秀刀工？品質顧一下巴。  
而且高麗菜會不會太少...當客人沒吃過鍋喔？

",2022-11-21,https://www.google.com.tw/maps/place/%E7%AF%89%E9%96%93%E5%B9%B8%E7%A6%8F%E9%8D%8B%E7%89%A9+%E5%8F%B0%E5%8C%97%E5%8D%97%E4%BA%AC%E4%B8%80%E5%BA%97/data=!4m7!3m6!1s0x3442a9666e9f721d:0x8aefbd57ef6d5d45!8m2!3d25.0518598!4d121.5273867!16s%2Fg%2F11b7cqtsy0!19sChIJHXKfbmapQjQRRV1t71e974o?authuser=0&hl=zh-TW&rclk=1,0x3442a9666e9f721d:0x8aefbd57ef6d5d45
2449,shirley chen,3,4 年前,,2022-11-21,https://www.google.com.tw/maps/place/%E7%AF%89%E9%96%93%E5%B9%B8%E7%A6%8F%E9%8D%8B%E7%89%A9+%E5%8F%B0%E5%8C%97%E5%8D%97%E4%BA%AC%E4%B8%80%E5%BA%97/data=!4m7!3m6!1s0x3442a9666e9f721d:0x8aefbd57ef6d5d45!8m2!3d25.0518598!4d121.5273867!16s%2Fg%2F11b7cqtsy0!19sChIJHXKfbmapQjQRRV1t71e974o?authuser=0&hl=zh-TW&rclk=1,0x3442a9666e9f721d:0x8aefbd57ef6d5d45
2450,James Hsu,5,4 年前,"好吃，,cp值高

",2022-11-21,https://www.google.com.tw/maps/place/%E7%AF%89%E9%96%93%E5%B9%B8%E7%A6%8F%E9%8D%8B%E7%89%A9+%E5%8F%B0%E5%8C%97%E5%8D%97%E4%BA%AC%E4%B8%80%E5%BA%97/data=!4m7!3m6!1s0x3442a9666e9f721d:0x8aefbd57ef6d5d45!8m2!3d25.0518598!4d121.5273867!16s%2Fg%2F11b7cqtsy0!19sChIJHXKfbmapQjQRRV1t71e974o?authuser=0&hl=zh-TW&rclk=1,0x3442a9666e9f721d:0x8aefbd57ef6d5d45
2451,Yunghsin Hou,4,4 年前,,2022-11-21,https://www.google.com.tw/maps/place/%E7%AF%89%E9%96%93%E5%B9%B8%E7%A6%8F%E9%8D%8B%E7%89%A9+%E5%8F%B0%E5%8C%97%E5%8D%97%E4%BA%AC%E4%B8%80%E5%BA%97/data=!4m7!3m6!1s0x3442a9666e9f721d:0x8aefbd57ef6d5d45!8m2!3d25.0518598!4d121.5273867!16s%2Fg%2F11b7cqtsy0!19sChIJHXKfbmapQjQRRV1t71e974o?authuser=0&hl=zh-TW&rclk=1,0x3442a9666e9f721d:0x8aefbd57ef6d5d45
2452,粘蓬春,2,4 年前,,2022-11-21,https://www.google.com.tw/maps/place/%E7%AF%89%E9%96%93%E5%B9%B8%E7%A6%8F%E9%8D%8B%E7%89%A9+%E5%8F%B0%E5%8C%97%E5%8D%97%E4%BA%AC%E4%B8%80%E5%BA%97/data=!4m7!3m6!1s0x3442a9666e9f721d:0x8aefbd57ef6d5d45!8m2!3d25.0518598!4d121.5273867!16s%2Fg%2F11b7cqtsy0!19sChIJHXKfbmapQjQRRV1t71e974o?authuser=0&hl=zh-TW&rclk=1,0x3442a9666e9f721d:0x8aefbd57ef6d5d45
2453,Linda Kao,3,4 年前,"湯頭與肉質不錯，但服務就有些不積極⋯用餐期間，回收空盤、加湯、加點，都得我們一直起身找尋與呼喊服務人員的協助。吃頓飯，沒辦法好好享受美食，好累。

",2022-11-21,https://www.google.com.tw/maps/place/%E7%AF%89%E9%96%93%E5%B9%B8%E7%A6%8F%E9%8D%8B%E7%89%A9+%E5%8F%B0%E5%8C%97%E5%8D%97%E4%BA%AC%E4%B8%80%E5%BA%97/data=!4m7!3m6!1s0x3442a9666e9f721d:0x8aefbd57ef6d5d45!8m2!3d25.0518598!4d121.5273867!16s%2Fg%2F11b7cqtsy0!19sChIJHXKfbmapQjQRRV1t71e974o?authuser=0&hl=zh-TW&rclk=1,0x3442a9666e9f721d:0x8aefbd57ef6d5d45
2454,marie,4,4 年前,"湯頭不錯服務也OK，滿500元還送火鍋料可下次用。

",2022-11-21,https://www.google.com.tw/maps/place/%E7%AF%89%E9%96%93%E5%B9%B8%E7%A6%8F%E9%8D%8B%E7%89%A9+%E5%8F%B0%E5%8C%97%E5%8D%97%E4%BA%AC%E4%B8%80%E5%BA%97/data=!4m7!3m6!1s0x3442a9666e9f721d:0x8aefbd57ef6d5d45!8m2!3d25.0518598!4d121.5273867!16s%2Fg%2F11b7cqtsy0!19sChIJHXKfbmapQjQRRV1t71e974o?authuser=0&hl=zh-TW&rclk=1,0x3442a9666e9f721d:0x8aefbd57ef6d5d45
2455,劉盛禔,3,4 年前,"雖然火鍋品質跟其他分店相同，但是飲料選擇有點少，空盤回收速度也有點慢，石頭鍋底的處理方式也有所不同

",2022-11-21,https://www.google.com.tw/maps/place/%E7%AF%89%E9%96%93%E5%B9%B8%E7%A6%8F%E9%8D%8B%E7%89%A9+%E5%8F%B0%E5%8C%97%E5%8D%97%E4%BA%AC%E4%B8%80%E5%BA%97/data=!4m7!3m6!1s0x3442a9666e9f721d:0x8aefbd57ef6d5d45!8m2!3d25.0518598!4d121.5273867!16s%2Fg%2F11b7cqtsy0!19sChIJHXKfbmapQjQRRV1t71e974o?authuser=0&hl=zh-TW&rclk=1,0x3442a9666e9f721d:0x8aefbd57ef6d5d45
2456,唐三三,5,4 年前,,2022-11-21,https://www.google.com.tw/maps/place/%E7%AF%89%E9%96%93%E5%B9%B8%E7%A6%8F%E9%8D%8B%E7%89%A9+%E5%8F%B0%E5%8C%97%E5%8D%97%E4%BA%AC%E4%B8%80%E5%BA%97/data=!4m7!3m6!1s0x3442a9666e9f721d:0x8aefbd57ef6d5d45!8m2!3d25.0518598!4d121.5273867!16s%2Fg%2F11b7cqtsy0!19sChIJHXKfbmapQjQRRV1t71e974o?authuser=0&hl=zh-TW&rclk=1,0x3442a9666e9f721d:0x8aefbd57ef6d5d45
2457,洪一鰈,3,4 年前,"火鍋料跟臺中其他店還是少很多~~可能是店小的關係  
其他都還ok

",2022-11-21,https://www.google.com.tw/maps/place/%E7%AF%89%E9%96%93%E5%B9%B8%E7%A6%8F%E9%8D%8B%E7%89%A9+%E5%8F%B0%E5%8C%97%E5%8D%97%E4%BA%AC%E4%B8%80%E5%BA%97/data=!4m7!3m6!1s0x3442a9666e9f721d:0x8aefbd57ef6d5d45!8m2!3d25.0518598!4d121.5273867!16s%2Fg%2F11b7cqtsy0!19sChIJHXKfbmapQjQRRV1t71e974o?authuser=0&hl=zh-TW&rclk=1,0x3442a9666e9f721d:0x8aefbd57ef6d5d45
2458,蔡叔樺,5,4 年前,,2022-11-21,https://www.google.com.tw/maps/place/%E7%AF%89%E9%96%93%E5%B9%B8%E7%A6%8F%E9%8D%8B%E7%89%A9+%E5%8F%B0%E5%8C%97%E5%8D%97%E4%BA%AC%E4%B8%80%E5%BA%97/data=!4m7!3m6!1s0x3442a9666e9f721d:0x8aefbd57ef6d5d45!8m2!3d25.0518598!4d121.5273867!16s%2Fg%2F11b7cqtsy0!19sChIJHXKfbmapQjQRRV1t71e974o?authuser=0&hl=zh-TW&rclk=1,0x3442a9666e9f721d:0x8aefbd57ef6d5d45
2459,Epson Chen,5,4 年前,,2022-11-21,https://www.google.com.tw/maps/place/%E7%AF%89%E9%96%93%E5%B9%B8%E7%A6%8F%E9%8D%8B%E7%89%A9+%E5%8F%B0%E5%8C%97%E5%8D%97%E4%BA%AC%E4%B8%80%E5%BA%97/data=!4m7!3m6!1s0x3442a9666e9f721d:0x8aefbd57ef6d5d45!8m2!3d25.0518598!4d121.5273867!16s%2Fg%2F11b7cqtsy0!19sChIJHXKfbmapQjQRRV1t71e974o?authuser=0&hl=zh-TW&rclk=1,0x3442a9666e9f721d:0x8aefbd57ef6d5d45
2460,吳家輝,5,4 年前,"裙子夠短

",2022-11-21,https://www.google.com.tw/maps/place/%E7%AF%89%E9%96%93%E5%B9%B8%E7%A6%8F%E9%8D%8B%E7%89%A9+%E5%8F%B0%E5%8C%97%E5%8D%97%E4%BA%AC%E4%B8%80%E5%BA%97/data=!4m7!3m6!1s0x3442a9666e9f721d:0x8aefbd57ef6d5d45!8m2!3d25.0518598!4d121.5273867!16s%2Fg%2F11b7cqtsy0!19sChIJHXKfbmapQjQRRV1t71e974o?authuser=0&hl=zh-TW&rclk=1,0x3442a9666e9f721d:0x8aefbd57ef6d5d45
2461,爾冬珠莉,3,4 年前,"整體感覺不錯，乾淨。

",2022-11-21,https://www.google.com.tw/maps/place/%E7%AF%89%E9%96%93%E5%B9%B8%E7%A6%8F%E9%8D%8B%E7%89%A9+%E5%8F%B0%E5%8C%97%E5%8D%97%E4%BA%AC%E4%B8%80%E5%BA%97/data=!4m7!3m6!1s0x3442a9666e9f721d:0x8aefbd57ef6d5d45!8m2!3d25.0518598!4d121.5273867!16s%2Fg%2F11b7cqtsy0!19sChIJHXKfbmapQjQRRV1t71e974o?authuser=0&hl=zh-TW&rclk=1,0x3442a9666e9f721d:0x8aefbd57ef6d5d45
2462,Jia-Ning Chang,4,4 年前,,2022-11-21,https://www.google.com.tw/maps/place/%E7%AF%89%E9%96%93%E5%B9%B8%E7%A6%8F%E9%8D%8B%E7%89%A9+%E5%8F%B0%E5%8C%97%E5%8D%97%E4%BA%AC%E4%B8%80%E5%BA%97/data=!4m7!3m6!1s0x3442a9666e9f721d:0x8aefbd57ef6d5d45!8m2!3d25.0518598!4d121.5273867!16s%2Fg%2F11b7cqtsy0!19sChIJHXKfbmapQjQRRV1t71e974o?authuser=0&hl=zh-TW&rclk=1,0x3442a9666e9f721d:0x8aefbd57ef6d5d45
2463,cloud yu,4,4 年前,"門旁角落空間冷氣無法吹到

",2022-11-21,https://www.google.com.tw/maps/place/%E7%AF%89%E9%96%93%E5%B9%B8%E7%A6%8F%E9%8D%8B%E7%89%A9+%E5%8F%B0%E5%8C%97%E5%8D%97%E4%BA%AC%E4%B8%80%E5%BA%97/data=!4m7!3m6!1s0x3442a9666e9f721d:0x8aefbd57ef6d5d45!8m2!3d25.0518598!4d121.5273867!16s%2Fg%2F11b7cqtsy0!19sChIJHXKfbmapQjQRRV1t71e974o?authuser=0&hl=zh-TW&rclk=1,0x3442a9666e9f721d:0x8aefbd57ef6d5d45
2464,陳安哲,4,4 年前,"好吃唷

",2022-11-21,https://www.google.com.tw/maps/place/%E7%AF%89%E9%96%93%E5%B9%B8%E7%A6%8F%E9%8D%8B%E7%89%A9+%E5%8F%B0%E5%8C%97%E5%8D%97%E4%BA%AC%E4%B8%80%E5%BA%97/data=!4m7!3m6!1s0x3442a9666e9f721d:0x8aefbd57ef6d5d45!8m2!3d25.0518598!4d121.5273867!16s%2Fg%2F11b7cqtsy0!19sChIJHXKfbmapQjQRRV1t71e974o?authuser=0&hl=zh-TW&rclk=1,0x3442a9666e9f721d:0x8aefbd57ef6d5d45
2465,Chiang sherry,5,4 年前,,2022-11-21,https://www.google.com.tw/maps/place/%E7%AF%89%E9%96%93%E5%B9%B8%E7%A6%8F%E9%8D%8B%E7%89%A9+%E5%8F%B0%E5%8C%97%E5%8D%97%E4%BA%AC%E4%B8%80%E5%BA%97/data=!4m7!3m6!1s0x3442a9666e9f721d:0x8aefbd57ef6d5d45!8m2!3d25.0518598!4d121.5273867!16s%2Fg%2F11b7cqtsy0!19sChIJHXKfbmapQjQRRV1t71e974o?authuser=0&hl=zh-TW&rclk=1,0x3442a9666e9f721d:0x8aefbd57ef6d5d45
2466,joy lee,4,4 年前,,2022-11-21,https://www.google.com.tw/maps/place/%E7%AF%89%E9%96%93%E5%B9%B8%E7%A6%8F%E9%8D%8B%E7%89%A9+%E5%8F%B0%E5%8C%97%E5%8D%97%E4%BA%AC%E4%B8%80%E5%BA%97/data=!4m7!3m6!1s0x3442a9666e9f721d:0x8aefbd57ef6d5d45!8m2!3d25.0518598!4d121.5273867!16s%2Fg%2F11b7cqtsy0!19sChIJHXKfbmapQjQRRV1t71e974o?authuser=0&hl=zh-TW&rclk=1,0x3442a9666e9f721d:0x8aefbd57ef6d5d45
2467,せつじなかたに,3,4 年前,"(由 Google 提供翻譯) 台灣青年  
自助餐廳。  
  
(原始評論)  
台湾の若者たちの  
食堂。

",2022-11-21,https://www.google.com.tw/maps/place/%E7%AF%89%E9%96%93%E5%B9%B8%E7%A6%8F%E9%8D%8B%E7%89%A9+%E5%8F%B0%E5%8C%97%E5%8D%97%E4%BA%AC%E4%B8%80%E5%BA%97/data=!4m7!3m6!1s0x3442a9666e9f721d:0x8aefbd57ef6d5d45!8m2!3d25.0518598!4d121.5273867!16s%2Fg%2F11b7cqtsy0!19sChIJHXKfbmapQjQRRV1t71e974o?authuser=0&hl=zh-TW&rclk=1,0x3442a9666e9f721d:0x8aefbd57ef6d5d45
2468,于亮為,4,4 年前,,2022-11-21,https://www.google.com.tw/maps/place/%E7%AF%89%E9%96%93%E5%B9%B8%E7%A6%8F%E9%8D%8B%E7%89%A9+%E5%8F%B0%E5%8C%97%E5%8D%97%E4%BA%AC%E4%B8%80%E5%BA%97/data=!4m7!3m6!1s0x3442a9666e9f721d:0x8aefbd57ef6d5d45!8m2!3d25.0518598!4d121.5273867!16s%2Fg%2F11b7cqtsy0!19sChIJHXKfbmapQjQRRV1t71e974o?authuser=0&hl=zh-TW&rclk=1,0x3442a9666e9f721d:0x8aefbd57ef6d5d45
2469,歐歐,4,4 年前,,2022-11-21,https://www.google.com.tw/maps/place/%E7%AF%89%E9%96%93%E5%B9%B8%E7%A6%8F%E9%8D%8B%E7%89%A9+%E5%8F%B0%E5%8C%97%E5%8D%97%E4%BA%AC%E4%B8%80%E5%BA%97/data=!4m7!3m6!1s0x3442a9666e9f721d:0x8aefbd57ef6d5d45!8m2!3d25.0518598!4d121.5273867!16s%2Fg%2F11b7cqtsy0!19sChIJHXKfbmapQjQRRV1t71e974o?authuser=0&hl=zh-TW&rclk=1,0x3442a9666e9f721d:0x8aefbd57ef6d5d45
2470,Pip Yang,4,4 年前,,2022-11-21,https://www.google.com.tw/maps/place/%E7%AF%89%E9%96%93%E5%B9%B8%E7%A6%8F%E9%8D%8B%E7%89%A9+%E5%8F%B0%E5%8C%97%E5%8D%97%E4%BA%AC%E4%B8%80%E5%BA%97/data=!4m7!3m6!1s0x3442a9666e9f721d:0x8aefbd57ef6d5d45!8m2!3d25.0518598!4d121.5273867!16s%2Fg%2F11b7cqtsy0!19sChIJHXKfbmapQjQRRV1t71e974o?authuser=0&hl=zh-TW&rclk=1,0x3442a9666e9f721d:0x8aefbd57ef6d5d45
2471,小葉,5,4 年前,,2022-11-21,https://www.google.com.tw/maps/place/%E7%AF%89%E9%96%93%E5%B9%B8%E7%A6%8F%E9%8D%8B%E7%89%A9+%E5%8F%B0%E5%8C%97%E5%8D%97%E4%BA%AC%E4%B8%80%E5%BA%97/data=!4m7!3m6!1s0x3442a9666e9f721d:0x8aefbd57ef6d5d45!8m2!3d25.0518598!4d121.5273867!16s%2Fg%2F11b7cqtsy0!19sChIJHXKfbmapQjQRRV1t71e974o?authuser=0&hl=zh-TW&rclk=1,0x3442a9666e9f721d:0x8aefbd57ef6d5d45
2472,Blue Deep,4,4 年前,"座位略嫌壅擠，海鮮新鮮，牛肩肉很適合火鍋，石頭火鍋湯底香氣也很到位。副餐的甜點飲料也有一定水準。工作人員親切服務好，值得推薦的一家火鍋店。由於食客多，最好提前訂位。

",2022-11-21,https://www.google.com.tw/maps/place/%E7%AF%89%E9%96%93%E5%B9%B8%E7%A6%8F%E9%8D%8B%E7%89%A9+%E5%8F%B0%E5%8C%97%E5%8D%97%E4%BA%AC%E4%B8%80%E5%BA%97/data=!4m7!3m6!1s0x3442a9666e9f721d:0x8aefbd57ef6d5d45!8m2!3d25.0518598!4d121.5273867!16s%2Fg%2F11b7cqtsy0!19sChIJHXKfbmapQjQRRV1t71e974o?authuser=0&hl=zh-TW&rclk=1,0x3442a9666e9f721d:0x8aefbd57ef6d5d45
2473,Danny Liao,4,4 年前,,2022-11-21,https://www.google.com.tw/maps/place/%E7%AF%89%E9%96%93%E5%B9%B8%E7%A6%8F%E9%8D%8B%E7%89%A9+%E5%8F%B0%E5%8C%97%E5%8D%97%E4%BA%AC%E4%B8%80%E5%BA%97/data=!4m7!3m6!1s0x3442a9666e9f721d:0x8aefbd57ef6d5d45!8m2!3d25.0518598!4d121.5273867!16s%2Fg%2F11b7cqtsy0!19sChIJHXKfbmapQjQRRV1t71e974o?authuser=0&hl=zh-TW&rclk=1,0x3442a9666e9f721d:0x8aefbd57ef6d5d45
2474,林婉秋,4,4 年前,"菜色不錯

",2022-11-21,https://www.google.com.tw/maps/place/%E7%AF%89%E9%96%93%E5%B9%B8%E7%A6%8F%E9%8D%8B%E7%89%A9+%E5%8F%B0%E5%8C%97%E5%8D%97%E4%BA%AC%E4%B8%80%E5%BA%97/data=!4m7!3m6!1s0x3442a9666e9f721d:0x8aefbd57ef6d5d45!8m2!3d25.0518598!4d121.5273867!16s%2Fg%2F11b7cqtsy0!19sChIJHXKfbmapQjQRRV1t71e974o?authuser=0&hl=zh-TW&rclk=1,0x3442a9666e9f721d:0x8aefbd57ef6d5d45
2475,成財安,5,4 年前,,2022-11-21,https://www.google.com.tw/maps/place/%E7%AF%89%E9%96%93%E5%B9%B8%E7%A6%8F%E9%8D%8B%E7%89%A9+%E5%8F%B0%E5%8C%97%E5%8D%97%E4%BA%AC%E4%B8%80%E5%BA%97/data=!4m7!3m6!1s0x3442a9666e9f721d:0x8aefbd57ef6d5d45!8m2!3d25.0518598!4d121.5273867!16s%2Fg%2F11b7cqtsy0!19sChIJHXKfbmapQjQRRV1t71e974o?authuser=0&hl=zh-TW&rclk=1,0x3442a9666e9f721d:0x8aefbd57ef6d5d45
2476,Kevina,5,4 年前,,2022-11-21,https://www.google.com.tw/maps/place/%E7%AF%89%E9%96%93%E5%B9%B8%E7%A6%8F%E9%8D%8B%E7%89%A9+%E5%8F%B0%E5%8C%97%E5%8D%97%E4%BA%AC%E4%B8%80%E5%BA%97/data=!4m7!3m6!1s0x3442a9666e9f721d:0x8aefbd57ef6d5d45!8m2!3d25.0518598!4d121.5273867!16s%2Fg%2F11b7cqtsy0!19sChIJHXKfbmapQjQRRV1t71e974o?authuser=0&hl=zh-TW&rclk=1,0x3442a9666e9f721d:0x8aefbd57ef6d5d45
2477,Sean Tsai,4,4 年前,,2022-11-21,https://www.google.com.tw/maps/place/%E7%AF%89%E9%96%93%E5%B9%B8%E7%A6%8F%E9%8D%8B%E7%89%A9+%E5%8F%B0%E5%8C%97%E5%8D%97%E4%BA%AC%E4%B8%80%E5%BA%97/data=!4m7!3m6!1s0x3442a9666e9f721d:0x8aefbd57ef6d5d45!8m2!3d25.0518598!4d121.5273867!16s%2Fg%2F11b7cqtsy0!19sChIJHXKfbmapQjQRRV1t71e974o?authuser=0&hl=zh-TW&rclk=1,0x3442a9666e9f721d:0x8aefbd57ef6d5d45
2478,Vincent Chung,3,4 年前,,2022-11-21,https://www.google.com.tw/maps/place/%E7%AF%89%E9%96%93%E5%B9%B8%E7%A6%8F%E9%8D%8B%E7%89%A9+%E5%8F%B0%E5%8C%97%E5%8D%97%E4%BA%AC%E4%B8%80%E5%BA%97/data=!4m7!3m6!1s0x3442a9666e9f721d:0x8aefbd57ef6d5d45!8m2!3d25.0518598!4d121.5273867!16s%2Fg%2F11b7cqtsy0!19sChIJHXKfbmapQjQRRV1t71e974o?authuser=0&hl=zh-TW&rclk=1,0x3442a9666e9f721d:0x8aefbd57ef6d5d45
2479,范豪銘,4,4 年前,,2022-11-21,https://www.google.com.tw/maps/place/%E7%AF%89%E9%96%93%E5%B9%B8%E7%A6%8F%E9%8D%8B%E7%89%A9+%E5%8F%B0%E5%8C%97%E5%8D%97%E4%BA%AC%E4%B8%80%E5%BA%97/data=!4m7!3m6!1s0x3442a9666e9f721d:0x8aefbd57ef6d5d45!8m2!3d25.0518598!4d121.5273867!16s%2Fg%2F11b7cqtsy0!19sChIJHXKfbmapQjQRRV1t71e974o?authuser=0&hl=zh-TW&rclk=1,0x3442a9666e9f721d:0x8aefbd57ef6d5d45
2480,周妤安,5,4 年前,,2022-11-21,https://www.google.com.tw/maps/place/%E7%AF%89%E9%96%93%E5%B9%B8%E7%A6%8F%E9%8D%8B%E7%89%A9+%E5%8F%B0%E5%8C%97%E5%8D%97%E4%BA%AC%E4%B8%80%E5%BA%97/data=!4m7!3m6!1s0x3442a9666e9f721d:0x8aefbd57ef6d5d45!8m2!3d25.0518598!4d121.5273867!16s%2Fg%2F11b7cqtsy0!19sChIJHXKfbmapQjQRRV1t71e974o?authuser=0&hl=zh-TW&rclk=1,0x3442a9666e9f721d:0x8aefbd57ef6d5d45
2481,王Seven,2,4 年前,,2022-11-21,https://www.google.com.tw/maps/place/%E7%AF%89%E9%96%93%E5%B9%B8%E7%A6%8F%E9%8D%8B%E7%89%A9+%E5%8F%B0%E5%8C%97%E5%8D%97%E4%BA%AC%E4%B8%80%E5%BA%97/data=!4m7!3m6!1s0x3442a9666e9f721d:0x8aefbd57ef6d5d45!8m2!3d25.0518598!4d121.5273867!16s%2Fg%2F11b7cqtsy0!19sChIJHXKfbmapQjQRRV1t71e974o?authuser=0&hl=zh-TW&rclk=1,0x3442a9666e9f721d:0x8aefbd57ef6d5d45
2482,周可俐,5,4 年前,"湯頭很讚，肉質好讚，海鮮很讚，唯有親自品嚐才感受的到。

",2022-11-21,https://www.google.com.tw/maps/place/%E7%AF%89%E9%96%93%E5%B9%B8%E7%A6%8F%E9%8D%8B%E7%89%A9+%E5%8F%B0%E5%8C%97%E5%8D%97%E4%BA%AC%E4%B8%80%E5%BA%97/data=!4m7!3m6!1s0x3442a9666e9f721d:0x8aefbd57ef6d5d45!8m2!3d25.0518598!4d121.5273867!16s%2Fg%2F11b7cqtsy0!19sChIJHXKfbmapQjQRRV1t71e974o?authuser=0&hl=zh-TW&rclk=1,0x3442a9666e9f721d:0x8aefbd57ef6d5d45
2483,陳奇賢,5,4 年前,"精緻好吃cp值高

",2022-11-21,https://www.google.com.tw/maps/place/%E7%AF%89%E9%96%93%E5%B9%B8%E7%A6%8F%E9%8D%8B%E7%89%A9+%E5%8F%B0%E5%8C%97%E5%8D%97%E4%BA%AC%E4%B8%80%E5%BA%97/data=!4m7!3m6!1s0x3442a9666e9f721d:0x8aefbd57ef6d5d45!8m2!3d25.0518598!4d121.5273867!16s%2Fg%2F11b7cqtsy0!19sChIJHXKfbmapQjQRRV1t71e974o?authuser=0&hl=zh-TW&rclk=1,0x3442a9666e9f721d:0x8aefbd57ef6d5d45
2484,詹詹,4,4 年前,"好吃

",2022-11-21,https://www.google.com.tw/maps/place/%E7%AF%89%E9%96%93%E5%B9%B8%E7%A6%8F%E9%8D%8B%E7%89%A9+%E5%8F%B0%E5%8C%97%E5%8D%97%E4%BA%AC%E4%B8%80%E5%BA%97/data=!4m7!3m6!1s0x3442a9666e9f721d:0x8aefbd57ef6d5d45!8m2!3d25.0518598!4d121.5273867!16s%2Fg%2F11b7cqtsy0!19sChIJHXKfbmapQjQRRV1t71e974o?authuser=0&hl=zh-TW&rclk=1,0x3442a9666e9f721d:0x8aefbd57ef6d5d45
2485,Mandy Liao,3,4 年前,"以價位來說，肉的cp不高，男生很可能吃不飽

",2022-11-21,https://www.google.com.tw/maps/place/%E7%AF%89%E9%96%93%E5%B9%B8%E7%A6%8F%E9%8D%8B%E7%89%A9+%E5%8F%B0%E5%8C%97%E5%8D%97%E4%BA%AC%E4%B8%80%E5%BA%97/data=!4m7!3m6!1s0x3442a9666e9f721d:0x8aefbd57ef6d5d45!8m2!3d25.0518598!4d121.5273867!16s%2Fg%2F11b7cqtsy0!19sChIJHXKfbmapQjQRRV1t71e974o?authuser=0&hl=zh-TW&rclk=1,0x3442a9666e9f721d:0x8aefbd57ef6d5d45
2486,官老官,5,4 年前,,2022-11-21,https://www.google.com.tw/maps/place/%E7%AF%89%E9%96%93%E5%B9%B8%E7%A6%8F%E9%8D%8B%E7%89%A9+%E5%8F%B0%E5%8C%97%E5%8D%97%E4%BA%AC%E4%B8%80%E5%BA%97/data=!4m7!3m6!1s0x3442a9666e9f721d:0x8aefbd57ef6d5d45!8m2!3d25.0518598!4d121.5273867!16s%2Fg%2F11b7cqtsy0!19sChIJHXKfbmapQjQRRV1t71e974o?authuser=0&hl=zh-TW&rclk=1,0x3442a9666e9f721d:0x8aefbd57ef6d5d45
2487,陳泰利,5,4 年前,"好吃

",2022-11-21,https://www.google.com.tw/maps/place/%E7%AF%89%E9%96%93%E5%B9%B8%E7%A6%8F%E9%8D%8B%E7%89%A9+%E5%8F%B0%E5%8C%97%E5%8D%97%E4%BA%AC%E4%B8%80%E5%BA%97/data=!4m7!3m6!1s0x3442a9666e9f721d:0x8aefbd57ef6d5d45!8m2!3d25.0518598!4d121.5273867!16s%2Fg%2F11b7cqtsy0!19sChIJHXKfbmapQjQRRV1t71e974o?authuser=0&hl=zh-TW&rclk=1,0x3442a9666e9f721d:0x8aefbd57ef6d5d45
2488,David Lau,4,4 年前,,2022-11-21,https://www.google.com.tw/maps/place/%E7%AF%89%E9%96%93%E5%B9%B8%E7%A6%8F%E9%8D%8B%E7%89%A9+%E5%8F%B0%E5%8C%97%E5%8D%97%E4%BA%AC%E4%B8%80%E5%BA%97/data=!4m7!3m6!1s0x3442a9666e9f721d:0x8aefbd57ef6d5d45!8m2!3d25.0518598!4d121.5273867!16s%2Fg%2F11b7cqtsy0!19sChIJHXKfbmapQjQRRV1t71e974o?authuser=0&hl=zh-TW&rclk=1,0x3442a9666e9f721d:0x8aefbd57ef6d5d45
2489,建良陳,5,4 年前,"營業時間到很晚，很適合晚下班的去  
店內氣氛很好，服務也很好  
旁邊又有停車場，非假日去很好停

",2022-11-21,https://www.google.com.tw/maps/place/%E7%AF%89%E9%96%93%E5%B9%B8%E7%A6%8F%E9%8D%8B%E7%89%A9+%E5%8F%B0%E5%8C%97%E5%8D%97%E4%BA%AC%E4%B8%80%E5%BA%97/data=!4m7!3m6!1s0x3442a9666e9f721d:0x8aefbd57ef6d5d45!8m2!3d25.0518598!4d121.5273867!16s%2Fg%2F11b7cqtsy0!19sChIJHXKfbmapQjQRRV1t71e974o?authuser=0&hl=zh-TW&rclk=1,0x3442a9666e9f721d:0x8aefbd57ef6d5d45
2490,王柏翔,4,4 年前,"清潔、舒適，食材美味、適量。

",2022-11-21,https://www.google.com.tw/maps/place/%E7%AF%89%E9%96%93%E5%B9%B8%E7%A6%8F%E9%8D%8B%E7%89%A9+%E5%8F%B0%E5%8C%97%E5%8D%97%E4%BA%AC%E4%B8%80%E5%BA%97/data=!4m7!3m6!1s0x3442a9666e9f721d:0x8aefbd57ef6d5d45!8m2!3d25.0518598!4d121.5273867!16s%2Fg%2F11b7cqtsy0!19sChIJHXKfbmapQjQRRV1t71e974o?authuser=0&hl=zh-TW&rclk=1,0x3442a9666e9f721d:0x8aefbd57ef6d5d45
2491,黃阿嬌,4,4 年前,"ㄧ個月來吃了3次。湯頭很合我的口味

",2022-11-21,https://www.google.com.tw/maps/place/%E7%AF%89%E9%96%93%E5%B9%B8%E7%A6%8F%E9%8D%8B%E7%89%A9+%E5%8F%B0%E5%8C%97%E5%8D%97%E4%BA%AC%E4%B8%80%E5%BA%97/data=!4m7!3m6!1s0x3442a9666e9f721d:0x8aefbd57ef6d5d45!8m2!3d25.0518598!4d121.5273867!16s%2Fg%2F11b7cqtsy0!19sChIJHXKfbmapQjQRRV1t71e974o?authuser=0&hl=zh-TW&rclk=1,0x3442a9666e9f721d:0x8aefbd57ef6d5d45
2492,唐安慶,5,4 年前,"裝潢漂亮，價位不高，食材相當好，新鮮很好吃，感覺很棒，物超所值。

",2022-11-21,https://www.google.com.tw/maps/place/%E7%AF%89%E9%96%93%E5%B9%B8%E7%A6%8F%E9%8D%8B%E7%89%A9+%E5%8F%B0%E5%8C%97%E5%8D%97%E4%BA%AC%E4%B8%80%E5%BA%97/data=!4m7!3m6!1s0x3442a9666e9f721d:0x8aefbd57ef6d5d45!8m2!3d25.0518598!4d121.5273867!16s%2Fg%2F11b7cqtsy0!19sChIJHXKfbmapQjQRRV1t71e974o?authuser=0&hl=zh-TW&rclk=1,0x3442a9666e9f721d:0x8aefbd57ef6d5d45
2493,Chia Liu,2,4 年前,"口味上覺得二樓比一樓好吃  
一樓石頭鍋不會幫忙炒肉  
(2018.5/31更新：二樓也沒炒肉服務了)  
但二樓假日晚班服務品質不怎麼樣  
有時候要叫很久或者是座位安排出狀況...  
中午用餐時段的服務會好一點  
如果不介意跑遠一點建議到農安店用餐  
空間比較大，服務也好很多

",2022-11-21,https://www.google.com.tw/maps/place/%E7%AF%89%E9%96%93%E5%B9%B8%E7%A6%8F%E9%8D%8B%E7%89%A9+%E5%8F%B0%E5%8C%97%E5%8D%97%E4%BA%AC%E4%B8%80%E5%BA%97/data=!4m7!3m6!1s0x3442a9666e9f721d:0x8aefbd57ef6d5d45!8m2!3d25.0518598!4d121.5273867!16s%2Fg%2F11b7cqtsy0!19sChIJHXKfbmapQjQRRV1t71e974o?authuser=0&hl=zh-TW&rclk=1,0x3442a9666e9f721d:0x8aefbd57ef6d5d45
2494,Yu Syuan Guo,4,4 年前,,2022-11-21,https://www.google.com.tw/maps/place/%E7%AF%89%E9%96%93%E5%B9%B8%E7%A6%8F%E9%8D%8B%E7%89%A9+%E5%8F%B0%E5%8C%97%E5%8D%97%E4%BA%AC%E4%B8%80%E5%BA%97/data=!4m7!3m6!1s0x3442a9666e9f721d:0x8aefbd57ef6d5d45!8m2!3d25.0518598!4d121.5273867!16s%2Fg%2F11b7cqtsy0!19sChIJHXKfbmapQjQRRV1t71e974o?authuser=0&hl=zh-TW&rclk=1,0x3442a9666e9f721d:0x8aefbd57ef6d5d45
2495,Arthur Tsang,4,4 年前,,2022-11-21,https://www.google.com.tw/maps/place/%E7%AF%89%E9%96%93%E5%B9%B8%E7%A6%8F%E9%8D%8B%E7%89%A9+%E5%8F%B0%E5%8C%97%E5%8D%97%E4%BA%AC%E4%B8%80%E5%BA%97/data=!4m7!3m6!1s0x3442a9666e9f721d:0x8aefbd57ef6d5d45!8m2!3d25.0518598!4d121.5273867!16s%2Fg%2F11b7cqtsy0!19sChIJHXKfbmapQjQRRV1t71e974o?authuser=0&hl=zh-TW&rclk=1,0x3442a9666e9f721d:0x8aefbd57ef6d5d45
2496,洪國豪,4,4 年前,"好吃，但cp值不高

",2022-11-21,https://www.google.com.tw/maps/place/%E7%AF%89%E9%96%93%E5%B9%B8%E7%A6%8F%E9%8D%8B%E7%89%A9+%E5%8F%B0%E5%8C%97%E5%8D%97%E4%BA%AC%E4%B8%80%E5%BA%97/data=!4m7!3m6!1s0x3442a9666e9f721d:0x8aefbd57ef6d5d45!8m2!3d25.0518598!4d121.5273867!16s%2Fg%2F11b7cqtsy0!19sChIJHXKfbmapQjQRRV1t71e974o?authuser=0&hl=zh-TW&rclk=1,0x3442a9666e9f721d:0x8aefbd57ef6d5d45
2497,王小喬,1,4 年前,,2022-11-21,https://www.google.com.tw/maps/place/%E7%AF%89%E9%96%93%E5%B9%B8%E7%A6%8F%E9%8D%8B%E7%89%A9+%E5%8F%B0%E5%8C%97%E5%8D%97%E4%BA%AC%E4%B8%80%E5%BA%97/data=!4m7!3m6!1s0x3442a9666e9f721d:0x8aefbd57ef6d5d45!8m2!3d25.0518598!4d121.5273867!16s%2Fg%2F11b7cqtsy0!19sChIJHXKfbmapQjQRRV1t71e974o?authuser=0&hl=zh-TW&rclk=1,0x3442a9666e9f721d:0x8aefbd57ef6d5d45
2498,林米拉,3,4 年前,"吃了十幾次 怎麼覺得今天cp值降低了

",2022-11-21,https://www.google.com.tw/maps/place/%E7%AF%89%E9%96%93%E5%B9%B8%E7%A6%8F%E9%8D%8B%E7%89%A9+%E5%8F%B0%E5%8C%97%E5%8D%97%E4%BA%AC%E4%B8%80%E5%BA%97/data=!4m7!3m6!1s0x3442a9666e9f721d:0x8aefbd57ef6d5d45!8m2!3d25.0518598!4d121.5273867!16s%2Fg%2F11b7cqtsy0!19sChIJHXKfbmapQjQRRV1t71e974o?authuser=0&hl=zh-TW&rclk=1,0x3442a9666e9f721d:0x8aefbd57ef6d5d45
2499,Allen Huang,3,4 年前,"吃宵夜的好所在

",2022-11-21,https://www.google.com.tw/maps/place/%E7%AF%89%E9%96%93%E5%B9%B8%E7%A6%8F%E9%8D%8B%E7%89%A9+%E5%8F%B0%E5%8C%97%E5%8D%97%E4%BA%AC%E4%B8%80%E5%BA%97/data=!4m7!3m6!1s0x3442a9666e9f721d:0x8aefbd57ef6d5d45!8m2!3d25.0518598!4d121.5273867!16s%2Fg%2F11b7cqtsy0!19sChIJHXKfbmapQjQRRV1t71e974o?authuser=0&hl=zh-TW&rclk=1,0x3442a9666e9f721d:0x8aefbd57ef6d5d45
2500,楊蕙如,5,4 年前,,2022-11-21,https://www.google.com.tw/maps/place/%E7%AF%89%E9%96%93%E5%B9%B8%E7%A6%8F%E9%8D%8B%E7%89%A9+%E5%8F%B0%E5%8C%97%E5%8D%97%E4%BA%AC%E4%B8%80%E5%BA%97/data=!4m7!3m6!1s0x3442a9666e9f721d:0x8aefbd57ef6d5d45!8m2!3d25.0518598!4d121.5273867!16s%2Fg%2F11b7cqtsy0!19sChIJHXKfbmapQjQRRV1t71e974o?authuser=0&hl=zh-TW&rclk=1,0x3442a9666e9f721d:0x8aefbd57ef6d5d45
2501,曾宇隆,4,4 年前,,2022-11-21,https://www.google.com.tw/maps/place/%E7%AF%89%E9%96%93%E5%B9%B8%E7%A6%8F%E9%8D%8B%E7%89%A9+%E5%8F%B0%E5%8C%97%E5%8D%97%E4%BA%AC%E4%B8%80%E5%BA%97/data=!4m7!3m6!1s0x3442a9666e9f721d:0x8aefbd57ef6d5d45!8m2!3d25.0518598!4d121.5273867!16s%2Fg%2F11b7cqtsy0!19sChIJHXKfbmapQjQRRV1t71e974o?authuser=0&hl=zh-TW&rclk=1,0x3442a9666e9f721d:0x8aefbd57ef6d5d45
2502,REMIX,1,4 年前,"吃到指甲還要付錢？吃到一半都還沒吃完就在火鍋吃到指甲太噁心 ，主管雖然有來道歉 ，但結帳的時候意思還要收兩鍋錢實在沒誠意

",2022-11-21,https://www.google.com.tw/maps/place/%E7%AF%89%E9%96%93%E5%B9%B8%E7%A6%8F%E9%8D%8B%E7%89%A9+%E5%8F%B0%E5%8C%97%E5%8D%97%E4%BA%AC%E4%B8%80%E5%BA%97/data=!4m7!3m6!1s0x3442a9666e9f721d:0x8aefbd57ef6d5d45!8m2!3d25.0518598!4d121.5273867!16s%2Fg%2F11b7cqtsy0!19sChIJHXKfbmapQjQRRV1t71e974o?authuser=0&hl=zh-TW&rclk=1,0x3442a9666e9f721d:0x8aefbd57ef6d5d45
2503,V L,5,4 年前,,2022-11-21,https://www.google.com.tw/maps/place/%E7%AF%89%E9%96%93%E5%B9%B8%E7%A6%8F%E9%8D%8B%E7%89%A9+%E5%8F%B0%E5%8C%97%E5%8D%97%E4%BA%AC%E4%B8%80%E5%BA%97/data=!4m7!3m6!1s0x3442a9666e9f721d:0x8aefbd57ef6d5d45!8m2!3d25.0518598!4d121.5273867!16s%2Fg%2F11b7cqtsy0!19sChIJHXKfbmapQjQRRV1t71e974o?authuser=0&hl=zh-TW&rclk=1,0x3442a9666e9f721d:0x8aefbd57ef6d5d45
2504,L K,5,4 年前,"份量足夠 肉質不錯 回頭率100% 爆香有點不到位 不過瑕不掩瑜

",2022-11-21,https://www.google.com.tw/maps/place/%E7%AF%89%E9%96%93%E5%B9%B8%E7%A6%8F%E9%8D%8B%E7%89%A9+%E5%8F%B0%E5%8C%97%E5%8D%97%E4%BA%AC%E4%B8%80%E5%BA%97/data=!4m7!3m6!1s0x3442a9666e9f721d:0x8aefbd57ef6d5d45!8m2!3d25.0518598!4d121.5273867!16s%2Fg%2F11b7cqtsy0!19sChIJHXKfbmapQjQRRV1t71e974o?authuser=0&hl=zh-TW&rclk=1,0x3442a9666e9f721d:0x8aefbd57ef6d5d45
2505,wei Andrew,5,4 年前,"店長人非常客氣

",2022-11-21,https://www.google.com.tw/maps/place/%E7%AF%89%E9%96%93%E5%B9%B8%E7%A6%8F%E9%8D%8B%E7%89%A9+%E5%8F%B0%E5%8C%97%E5%8D%97%E4%BA%AC%E4%B8%80%E5%BA%97/data=!4m7!3m6!1s0x3442a9666e9f721d:0x8aefbd57ef6d5d45!8m2!3d25.0518598!4d121.5273867!16s%2Fg%2F11b7cqtsy0!19sChIJHXKfbmapQjQRRV1t71e974o?authuser=0&hl=zh-TW&rclk=1,0x3442a9666e9f721d:0x8aefbd57ef6d5d45
2506,joy,1,4 年前,"之前去吃問有沒生日優惠，店員冷回沒有，轉身和廚房裏的人說：他們居然問有沒有生日優惠耶！笑死人！然後一群店員就很無禮的在廚房訕笑！很不巧的讓我聽到了！要不是我朋友阻止，真想上前開直播拍桌叫過來罵！懂不懂尊重客人？一群店員還臭臉，這種取笑客人的態度真是不可思議！更別提貴店醬料區環境了，這種店還能開還有一堆人捧場也是蠻不可思議的
，按我說你們連一顆星也不值得！態度最差的店！！！

",2022-11-21,https://www.google.com.tw/maps/place/%E7%AF%89%E9%96%93%E5%B9%B8%E7%A6%8F%E9%8D%8B%E7%89%A9+%E5%8F%B0%E5%8C%97%E5%8D%97%E4%BA%AC%E4%B8%80%E5%BA%97/data=!4m7!3m6!1s0x3442a9666e9f721d:0x8aefbd57ef6d5d45!8m2!3d25.0518598!4d121.5273867!16s%2Fg%2F11b7cqtsy0!19sChIJHXKfbmapQjQRRV1t71e974o?authuser=0&hl=zh-TW&rclk=1,0x3442a9666e9f721d:0x8aefbd57ef6d5d45
2507,顏廷修,5,4 年前,"店員服務很好，東西很好吃，可惜有點貴

",2022-11-21,https://www.google.com.tw/maps/place/%E7%AF%89%E9%96%93%E5%B9%B8%E7%A6%8F%E9%8D%8B%E7%89%A9+%E5%8F%B0%E5%8C%97%E5%8D%97%E4%BA%AC%E4%B8%80%E5%BA%97/data=!4m7!3m6!1s0x3442a9666e9f721d:0x8aefbd57ef6d5d45!8m2!3d25.0518598!4d121.5273867!16s%2Fg%2F11b7cqtsy0!19sChIJHXKfbmapQjQRRV1t71e974o?authuser=0&hl=zh-TW&rclk=1,0x3442a9666e9f721d:0x8aefbd57ef6d5d45
2508,kevin sun,4,4 年前,"三個人吃了$1400(三個鍋沒有其他單點)是有點偏貴.但食才用料算精緻.服務也不錯.偶爾來吃是OK

",2022-11-21,https://www.google.com.tw/maps/place/%E7%AF%89%E9%96%93%E5%B9%B8%E7%A6%8F%E9%8D%8B%E7%89%A9+%E5%8F%B0%E5%8C%97%E5%8D%97%E4%BA%AC%E4%B8%80%E5%BA%97/data=!4m7!3m6!1s0x3442a9666e9f721d:0x8aefbd57ef6d5d45!8m2!3d25.0518598!4d121.5273867!16s%2Fg%2F11b7cqtsy0!19sChIJHXKfbmapQjQRRV1t71e974o?authuser=0&hl=zh-TW&rclk=1,0x3442a9666e9f721d:0x8aefbd57ef6d5d45
2509,蔡仁政,5,4 年前,,2022-11-21,https://www.google.com.tw/maps/place/%E7%AF%89%E9%96%93%E5%B9%B8%E7%A6%8F%E9%8D%8B%E7%89%A9+%E5%8F%B0%E5%8C%97%E5%8D%97%E4%BA%AC%E4%B8%80%E5%BA%97/data=!4m7!3m6!1s0x3442a9666e9f721d:0x8aefbd57ef6d5d45!8m2!3d25.0518598!4d121.5273867!16s%2Fg%2F11b7cqtsy0!19sChIJHXKfbmapQjQRRV1t71e974o?authuser=0&hl=zh-TW&rclk=1,0x3442a9666e9f721d:0x8aefbd57ef6d5d45
2510,劉政豪,4,4 年前,,2022-11-21,https://www.google.com.tw/maps/place/%E7%AF%89%E9%96%93%E5%B9%B8%E7%A6%8F%E9%8D%8B%E7%89%A9+%E5%8F%B0%E5%8C%97%E5%8D%97%E4%BA%AC%E4%B8%80%E5%BA%97/data=!4m7!3m6!1s0x3442a9666e9f721d:0x8aefbd57ef6d5d45!8m2!3d25.0518598!4d121.5273867!16s%2Fg%2F11b7cqtsy0!19sChIJHXKfbmapQjQRRV1t71e974o?authuser=0&hl=zh-TW&rclk=1,0x3442a9666e9f721d:0x8aefbd57ef6d5d45
2511,陳宥羽,4,4 年前,"火鍋好吃

",2022-11-21,https://www.google.com.tw/maps/place/%E7%AF%89%E9%96%93%E5%B9%B8%E7%A6%8F%E9%8D%8B%E7%89%A9+%E5%8F%B0%E5%8C%97%E5%8D%97%E4%BA%AC%E4%B8%80%E5%BA%97/data=!4m7!3m6!1s0x3442a9666e9f721d:0x8aefbd57ef6d5d45!8m2!3d25.0518598!4d121.5273867!16s%2Fg%2F11b7cqtsy0!19sChIJHXKfbmapQjQRRV1t71e974o?authuser=0&hl=zh-TW&rclk=1,0x3442a9666e9f721d:0x8aefbd57ef6d5d45
2512,Mi H,4,4 年前,,2022-11-21,https://www.google.com.tw/maps/place/%E7%AF%89%E9%96%93%E5%B9%B8%E7%A6%8F%E9%8D%8B%E7%89%A9+%E5%8F%B0%E5%8C%97%E5%8D%97%E4%BA%AC%E4%B8%80%E5%BA%97/data=!4m7!3m6!1s0x3442a9666e9f721d:0x8aefbd57ef6d5d45!8m2!3d25.0518598!4d121.5273867!16s%2Fg%2F11b7cqtsy0!19sChIJHXKfbmapQjQRRV1t71e974o?authuser=0&hl=zh-TW&rclk=1,0x3442a9666e9f721d:0x8aefbd57ef6d5d45
2513,Sammi Li,4,4 年前,"漲價了，雖然東西還是一樣好吃，但cp值沒有以前的高

",2022-11-21,https://www.google.com.tw/maps/place/%E7%AF%89%E9%96%93%E5%B9%B8%E7%A6%8F%E9%8D%8B%E7%89%A9+%E5%8F%B0%E5%8C%97%E5%8D%97%E4%BA%AC%E4%B8%80%E5%BA%97/data=!4m7!3m6!1s0x3442a9666e9f721d:0x8aefbd57ef6d5d45!8m2!3d25.0518598!4d121.5273867!16s%2Fg%2F11b7cqtsy0!19sChIJHXKfbmapQjQRRV1t71e974o?authuser=0&hl=zh-TW&rclk=1,0x3442a9666e9f721d:0x8aefbd57ef6d5d45
2514,王曉祥,5,4 年前,,2022-11-21,https://www.google.com.tw/maps/place/%E7%AF%89%E9%96%93%E5%B9%B8%E7%A6%8F%E9%8D%8B%E7%89%A9+%E5%8F%B0%E5%8C%97%E5%8D%97%E4%BA%AC%E4%B8%80%E5%BA%97/data=!4m7!3m6!1s0x3442a9666e9f721d:0x8aefbd57ef6d5d45!8m2!3d25.0518598!4d121.5273867!16s%2Fg%2F11b7cqtsy0!19sChIJHXKfbmapQjQRRV1t71e974o?authuser=0&hl=zh-TW&rclk=1,0x3442a9666e9f721d:0x8aefbd57ef6d5d45
2515,林嘉琳,4,4 年前,"好吃，CP值高

",2022-11-21,https://www.google.com.tw/maps/place/%E7%AF%89%E9%96%93%E5%B9%B8%E7%A6%8F%E9%8D%8B%E7%89%A9+%E5%8F%B0%E5%8C%97%E5%8D%97%E4%BA%AC%E4%B8%80%E5%BA%97/data=!4m7!3m6!1s0x3442a9666e9f721d:0x8aefbd57ef6d5d45!8m2!3d25.0518598!4d121.5273867!16s%2Fg%2F11b7cqtsy0!19sChIJHXKfbmapQjQRRV1t71e974o?authuser=0&hl=zh-TW&rclk=1,0x3442a9666e9f721d:0x8aefbd57ef6d5d45
2516,Otoko. Chang,4,4 年前,,2022-11-21,https://www.google.com.tw/maps/place/%E7%AF%89%E9%96%93%E5%B9%B8%E7%A6%8F%E9%8D%8B%E7%89%A9+%E5%8F%B0%E5%8C%97%E5%8D%97%E4%BA%AC%E4%B8%80%E5%BA%97/data=!4m7!3m6!1s0x3442a9666e9f721d:0x8aefbd57ef6d5d45!8m2!3d25.0518598!4d121.5273867!16s%2Fg%2F11b7cqtsy0!19sChIJHXKfbmapQjQRRV1t71e974o?authuser=0&hl=zh-TW&rclk=1,0x3442a9666e9f721d:0x8aefbd57ef6d5d45
2517,Lene Chen,5,4 年前,,2022-11-21,https://www.google.com.tw/maps/place/%E7%AF%89%E9%96%93%E5%B9%B8%E7%A6%8F%E9%8D%8B%E7%89%A9+%E5%8F%B0%E5%8C%97%E5%8D%97%E4%BA%AC%E4%B8%80%E5%BA%97/data=!4m7!3m6!1s0x3442a9666e9f721d:0x8aefbd57ef6d5d45!8m2!3d25.0518598!4d121.5273867!16s%2Fg%2F11b7cqtsy0!19sChIJHXKfbmapQjQRRV1t71e974o?authuser=0&hl=zh-TW&rclk=1,0x3442a9666e9f721d:0x8aefbd57ef6d5d45
2518,황수민,4,4 年前,"(由 Google 提供翻譯) 海鮮很新鮮而且價格還可以~~  
  
(原始評論)  
해산물이 신선하고 가성비도 괜찮아요~~

",2022-11-21,https://www.google.com.tw/maps/place/%E7%AF%89%E9%96%93%E5%B9%B8%E7%A6%8F%E9%8D%8B%E7%89%A9+%E5%8F%B0%E5%8C%97%E5%8D%97%E4%BA%AC%E4%B8%80%E5%BA%97/data=!4m7!3m6!1s0x3442a9666e9f721d:0x8aefbd57ef6d5d45!8m2!3d25.0518598!4d121.5273867!16s%2Fg%2F11b7cqtsy0!19sChIJHXKfbmapQjQRRV1t71e974o?authuser=0&hl=zh-TW&rclk=1,0x3442a9666e9f721d:0x8aefbd57ef6d5d45
2519,葉政誼,4,4 年前,,2022-11-21,https://www.google.com.tw/maps/place/%E7%AF%89%E9%96%93%E5%B9%B8%E7%A6%8F%E9%8D%8B%E7%89%A9+%E5%8F%B0%E5%8C%97%E5%8D%97%E4%BA%AC%E4%B8%80%E5%BA%97/data=!4m7!3m6!1s0x3442a9666e9f721d:0x8aefbd57ef6d5d45!8m2!3d25.0518598!4d121.5273867!16s%2Fg%2F11b7cqtsy0!19sChIJHXKfbmapQjQRRV1t71e974o?authuser=0&hl=zh-TW&rclk=1,0x3442a9666e9f721d:0x8aefbd57ef6d5d45
2520,薛羽巡,5,4 年前,,2022-11-21,https://www.google.com.tw/maps/place/%E7%AF%89%E9%96%93%E5%B9%B8%E7%A6%8F%E9%8D%8B%E7%89%A9+%E5%8F%B0%E5%8C%97%E5%8D%97%E4%BA%AC%E4%B8%80%E5%BA%97/data=!4m7!3m6!1s0x3442a9666e9f721d:0x8aefbd57ef6d5d45!8m2!3d25.0518598!4d121.5273867!16s%2Fg%2F11b7cqtsy0!19sChIJHXKfbmapQjQRRV1t71e974o?authuser=0&hl=zh-TW&rclk=1,0x3442a9666e9f721d:0x8aefbd57ef6d5d45
2521,Wening Yang,4,4 年前,"海鮮新鮮湯頭讚，生意非常好最好事先訂位

",2022-11-21,https://www.google.com.tw/maps/place/%E7%AF%89%E9%96%93%E5%B9%B8%E7%A6%8F%E9%8D%8B%E7%89%A9+%E5%8F%B0%E5%8C%97%E5%8D%97%E4%BA%AC%E4%B8%80%E5%BA%97/data=!4m7!3m6!1s0x3442a9666e9f721d:0x8aefbd57ef6d5d45!8m2!3d25.0518598!4d121.5273867!16s%2Fg%2F11b7cqtsy0!19sChIJHXKfbmapQjQRRV1t71e974o?authuser=0&hl=zh-TW&rclk=1,0x3442a9666e9f721d:0x8aefbd57ef6d5d45
2522,Sandy Jhou,5,4 年前,"很不錯  
肉品質不錯  
服務員也很親切  
價錢還可以CP值不錯

",2022-11-21,https://www.google.com.tw/maps/place/%E7%AF%89%E9%96%93%E5%B9%B8%E7%A6%8F%E9%8D%8B%E7%89%A9+%E5%8F%B0%E5%8C%97%E5%8D%97%E4%BA%AC%E4%B8%80%E5%BA%97/data=!4m7!3m6!1s0x3442a9666e9f721d:0x8aefbd57ef6d5d45!8m2!3d25.0518598!4d121.5273867!16s%2Fg%2F11b7cqtsy0!19sChIJHXKfbmapQjQRRV1t71e974o?authuser=0&hl=zh-TW&rclk=1,0x3442a9666e9f721d:0x8aefbd57ef6d5d45
2523,K. J.,4,4 年前,"乾淨、整潔，東西還行，因為沒有吃什麼比較特別的，所以就沒有拍食物了！

",2022-11-21,https://www.google.com.tw/maps/place/%E7%AF%89%E9%96%93%E5%B9%B8%E7%A6%8F%E9%8D%8B%E7%89%A9+%E5%8F%B0%E5%8C%97%E5%8D%97%E4%BA%AC%E4%B8%80%E5%BA%97/data=!4m7!3m6!1s0x3442a9666e9f721d:0x8aefbd57ef6d5d45!8m2!3d25.0518598!4d121.5273867!16s%2Fg%2F11b7cqtsy0!19sChIJHXKfbmapQjQRRV1t71e974o?authuser=0&hl=zh-TW&rclk=1,0x3442a9666e9f721d:0x8aefbd57ef6d5d45
2524,Chen-yuan Chiang,4,4 年前,,2022-11-21,https://www.google.com.tw/maps/place/%E7%AF%89%E9%96%93%E5%B9%B8%E7%A6%8F%E9%8D%8B%E7%89%A9+%E5%8F%B0%E5%8C%97%E5%8D%97%E4%BA%AC%E4%B8%80%E5%BA%97/data=!4m7!3m6!1s0x3442a9666e9f721d:0x8aefbd57ef6d5d45!8m2!3d25.0518598!4d121.5273867!16s%2Fg%2F11b7cqtsy0!19sChIJHXKfbmapQjQRRV1t71e974o?authuser=0&hl=zh-TW&rclk=1,0x3442a9666e9f721d:0x8aefbd57ef6d5d45
2525,Chao ruru,5,4 年前,,2022-11-21,https://www.google.com.tw/maps/place/%E7%AF%89%E9%96%93%E5%B9%B8%E7%A6%8F%E9%8D%8B%E7%89%A9+%E5%8F%B0%E5%8C%97%E5%8D%97%E4%BA%AC%E4%B8%80%E5%BA%97/data=!4m7!3m6!1s0x3442a9666e9f721d:0x8aefbd57ef6d5d45!8m2!3d25.0518598!4d121.5273867!16s%2Fg%2F11b7cqtsy0!19sChIJHXKfbmapQjQRRV1t71e974o?authuser=0&hl=zh-TW&rclk=1,0x3442a9666e9f721d:0x8aefbd57ef6d5d45
2526,謝昇霖,5,4 年前,,2022-11-21,https://www.google.com.tw/maps/place/%E7%AF%89%E9%96%93%E5%B9%B8%E7%A6%8F%E9%8D%8B%E7%89%A9+%E5%8F%B0%E5%8C%97%E5%8D%97%E4%BA%AC%E4%B8%80%E5%BA%97/data=!4m7!3m6!1s0x3442a9666e9f721d:0x8aefbd57ef6d5d45!8m2!3d25.0518598!4d121.5273867!16s%2Fg%2F11b7cqtsy0!19sChIJHXKfbmapQjQRRV1t71e974o?authuser=0&hl=zh-TW&rclk=1,0x3442a9666e9f721d:0x8aefbd57ef6d5d45
2527,官弘智,5,4 年前,,2022-11-21,https://www.google.com.tw/maps/place/%E7%AF%89%E9%96%93%E5%B9%B8%E7%A6%8F%E9%8D%8B%E7%89%A9+%E5%8F%B0%E5%8C%97%E5%8D%97%E4%BA%AC%E4%B8%80%E5%BA%97/data=!4m7!3m6!1s0x3442a9666e9f721d:0x8aefbd57ef6d5d45!8m2!3d25.0518598!4d121.5273867!16s%2Fg%2F11b7cqtsy0!19sChIJHXKfbmapQjQRRV1t71e974o?authuser=0&hl=zh-TW&rclk=1,0x3442a9666e9f721d:0x8aefbd57ef6d5d45
2528,林Cherry,5,4 年前,"肉份量多 cP值高 環境舒適優雅

",2022-11-21,https://www.google.com.tw/maps/place/%E7%AF%89%E9%96%93%E5%B9%B8%E7%A6%8F%E9%8D%8B%E7%89%A9+%E5%8F%B0%E5%8C%97%E5%8D%97%E4%BA%AC%E4%B8%80%E5%BA%97/data=!4m7!3m6!1s0x3442a9666e9f721d:0x8aefbd57ef6d5d45!8m2!3d25.0518598!4d121.5273867!16s%2Fg%2F11b7cqtsy0!19sChIJHXKfbmapQjQRRV1t71e974o?authuser=0&hl=zh-TW&rclk=1,0x3442a9666e9f721d:0x8aefbd57ef6d5d45
2529,葉立德,5,4 年前,"好吃又吃得飽

",2022-11-21,https://www.google.com.tw/maps/place/%E7%AF%89%E9%96%93%E5%B9%B8%E7%A6%8F%E9%8D%8B%E7%89%A9+%E5%8F%B0%E5%8C%97%E5%8D%97%E4%BA%AC%E4%B8%80%E5%BA%97/data=!4m7!3m6!1s0x3442a9666e9f721d:0x8aefbd57ef6d5d45!8m2!3d25.0518598!4d121.5273867!16s%2Fg%2F11b7cqtsy0!19sChIJHXKfbmapQjQRRV1t71e974o?authuser=0&hl=zh-TW&rclk=1,0x3442a9666e9f721d:0x8aefbd57ef6d5d45
2530,陌生人,5,4 年前,,2022-11-21,https://www.google.com.tw/maps/place/%E7%AF%89%E9%96%93%E5%B9%B8%E7%A6%8F%E9%8D%8B%E7%89%A9+%E5%8F%B0%E5%8C%97%E5%8D%97%E4%BA%AC%E4%B8%80%E5%BA%97/data=!4m7!3m6!1s0x3442a9666e9f721d:0x8aefbd57ef6d5d45!8m2!3d25.0518598!4d121.5273867!16s%2Fg%2F11b7cqtsy0!19sChIJHXKfbmapQjQRRV1t71e974o?authuser=0&hl=zh-TW&rclk=1,0x3442a9666e9f721d:0x8aefbd57ef6d5d45
2531,Candy,4,4 年前,,2022-11-21,https://www.google.com.tw/maps/place/%E7%AF%89%E9%96%93%E5%B9%B8%E7%A6%8F%E9%8D%8B%E7%89%A9+%E5%8F%B0%E5%8C%97%E5%8D%97%E4%BA%AC%E4%B8%80%E5%BA%97/data=!4m7!3m6!1s0x3442a9666e9f721d:0x8aefbd57ef6d5d45!8m2!3d25.0518598!4d121.5273867!16s%2Fg%2F11b7cqtsy0!19sChIJHXKfbmapQjQRRV1t71e974o?authuser=0&hl=zh-TW&rclk=1,0x3442a9666e9f721d:0x8aefbd57ef6d5d45
2532,張天瀚,5,4 年前,"感覺不錯，價位也不算高

",2022-11-21,https://www.google.com.tw/maps/place/%E7%AF%89%E9%96%93%E5%B9%B8%E7%A6%8F%E9%8D%8B%E7%89%A9+%E5%8F%B0%E5%8C%97%E5%8D%97%E4%BA%AC%E4%B8%80%E5%BA%97/data=!4m7!3m6!1s0x3442a9666e9f721d:0x8aefbd57ef6d5d45!8m2!3d25.0518598!4d121.5273867!16s%2Fg%2F11b7cqtsy0!19sChIJHXKfbmapQjQRRV1t71e974o?authuser=0&hl=zh-TW&rclk=1,0x3442a9666e9f721d:0x8aefbd57ef6d5d45
2533,Lin,4,4 年前,"以此價位的火鍋算是還不錯的（280up）  
菜盤的菜給的還不錯，還有有包含兩隻蝦子～  
280元的鍋肉質普普，想吃好一點的肉可以點稍微貴一點的～  
優點是冰淇淋有很多口味！  
店裡味道蠻重的，建議如果想我一樣有潔癖的人可以帶個包包去把外套收起來，不然會全身都是味道唷。

",2022-11-21,https://www.google.com.tw/maps/place/%E7%AF%89%E9%96%93%E5%B9%B8%E7%A6%8F%E9%8D%8B%E7%89%A9+%E5%8F%B0%E5%8C%97%E5%8D%97%E4%BA%AC%E4%B8%80%E5%BA%97/data=!4m7!3m6!1s0x3442a9666e9f721d:0x8aefbd57ef6d5d45!8m2!3d25.0518598!4d121.5273867!16s%2Fg%2F11b7cqtsy0!19sChIJHXKfbmapQjQRRV1t71e974o?authuser=0&hl=zh-TW&rclk=1,0x3442a9666e9f721d:0x8aefbd57ef6d5d45
2534,Tony Hung,4,4 年前,,2022-11-21,https://www.google.com.tw/maps/place/%E7%AF%89%E9%96%93%E5%B9%B8%E7%A6%8F%E9%8D%8B%E7%89%A9+%E5%8F%B0%E5%8C%97%E5%8D%97%E4%BA%AC%E4%B8%80%E5%BA%97/data=!4m7!3m6!1s0x3442a9666e9f721d:0x8aefbd57ef6d5d45!8m2!3d25.0518598!4d121.5273867!16s%2Fg%2F11b7cqtsy0!19sChIJHXKfbmapQjQRRV1t71e974o?authuser=0&hl=zh-TW&rclk=1,0x3442a9666e9f721d:0x8aefbd57ef6d5d45
2535,Julia Mimi,4,4 年前,"點的鮭魚是冷凍過的，不算新鮮，飲料也不好喝，服務就是你湯底快煮到不到三分之一要叫服務人員他們才會來加湯。冰淇淋口味多是唯一亮點，建議訂位，有用歺時間90分限制。

",2022-11-21,https://www.google.com.tw/maps/place/%E7%AF%89%E9%96%93%E5%B9%B8%E7%A6%8F%E9%8D%8B%E7%89%A9+%E5%8F%B0%E5%8C%97%E5%8D%97%E4%BA%AC%E4%B8%80%E5%BA%97/data=!4m7!3m6!1s0x3442a9666e9f721d:0x8aefbd57ef6d5d45!8m2!3d25.0518598!4d121.5273867!16s%2Fg%2F11b7cqtsy0!19sChIJHXKfbmapQjQRRV1t71e974o?authuser=0&hl=zh-TW&rclk=1,0x3442a9666e9f721d:0x8aefbd57ef6d5d45
2536,517,2,4 年前,"很愛騙沒有雞腿了！隔壁桌點就有！而且遇過2次！也不是非吃雞腿不可啦！只是疑惑

",2022-11-21,https://www.google.com.tw/maps/place/%E7%AF%89%E9%96%93%E5%B9%B8%E7%A6%8F%E9%8D%8B%E7%89%A9+%E5%8F%B0%E5%8C%97%E5%8D%97%E4%BA%AC%E4%B8%80%E5%BA%97/data=!4m7!3m6!1s0x3442a9666e9f721d:0x8aefbd57ef6d5d45!8m2!3d25.0518598!4d121.5273867!16s%2Fg%2F11b7cqtsy0!19sChIJHXKfbmapQjQRRV1t71e974o?authuser=0&hl=zh-TW&rclk=1,0x3442a9666e9f721d:0x8aefbd57ef6d5d45
2537,I am Ni Ta,3,4 年前,"朋友推薦一起來吃 結果還好 朋友也說變了

",2022-11-21,https://www.google.com.tw/maps/place/%E7%AF%89%E9%96%93%E5%B9%B8%E7%A6%8F%E9%8D%8B%E7%89%A9+%E5%8F%B0%E5%8C%97%E5%8D%97%E4%BA%AC%E4%B8%80%E5%BA%97/data=!4m7!3m6!1s0x3442a9666e9f721d:0x8aefbd57ef6d5d45!8m2!3d25.0518598!4d121.5273867!16s%2Fg%2F11b7cqtsy0!19sChIJHXKfbmapQjQRRV1t71e974o?authuser=0&hl=zh-TW&rclk=1,0x3442a9666e9f721d:0x8aefbd57ef6d5d45
2538,Mark Peng,4,4 年前,,2022-11-21,https://www.google.com.tw/maps/place/%E7%AF%89%E9%96%93%E5%B9%B8%E7%A6%8F%E9%8D%8B%E7%89%A9+%E5%8F%B0%E5%8C%97%E5%8D%97%E4%BA%AC%E4%B8%80%E5%BA%97/data=!4m7!3m6!1s0x3442a9666e9f721d:0x8aefbd57ef6d5d45!8m2!3d25.0518598!4d121.5273867!16s%2Fg%2F11b7cqtsy0!19sChIJHXKfbmapQjQRRV1t71e974o?authuser=0&hl=zh-TW&rclk=1,0x3442a9666e9f721d:0x8aefbd57ef6d5d45
2539,陳俊文,3,4 年前,,2022-11-21,https://www.google.com.tw/maps/place/%E7%AF%89%E9%96%93%E5%B9%B8%E7%A6%8F%E9%8D%8B%E7%89%A9+%E5%8F%B0%E5%8C%97%E5%8D%97%E4%BA%AC%E4%B8%80%E5%BA%97/data=!4m7!3m6!1s0x3442a9666e9f721d:0x8aefbd57ef6d5d45!8m2!3d25.0518598!4d121.5273867!16s%2Fg%2F11b7cqtsy0!19sChIJHXKfbmapQjQRRV1t71e974o?authuser=0&hl=zh-TW&rclk=1,0x3442a9666e9f721d:0x8aefbd57ef6d5d45
2540,G小莉H簡,4,4 年前,,2022-11-21,https://www.google.com.tw/maps/place/%E7%AF%89%E9%96%93%E5%B9%B8%E7%A6%8F%E9%8D%8B%E7%89%A9+%E5%8F%B0%E5%8C%97%E5%8D%97%E4%BA%AC%E4%B8%80%E5%BA%97/data=!4m7!3m6!1s0x3442a9666e9f721d:0x8aefbd57ef6d5d45!8m2!3d25.0518598!4d121.5273867!16s%2Fg%2F11b7cqtsy0!19sChIJHXKfbmapQjQRRV1t71e974o?authuser=0&hl=zh-TW&rclk=1,0x3442a9666e9f721d:0x8aefbd57ef6d5d45
2541,Jimmy Li,5,4 年前,,2022-11-21,https://www.google.com.tw/maps/place/%E7%AF%89%E9%96%93%E5%B9%B8%E7%A6%8F%E9%8D%8B%E7%89%A9+%E5%8F%B0%E5%8C%97%E5%8D%97%E4%BA%AC%E4%B8%80%E5%BA%97/data=!4m7!3m6!1s0x3442a9666e9f721d:0x8aefbd57ef6d5d45!8m2!3d25.0518598!4d121.5273867!16s%2Fg%2F11b7cqtsy0!19sChIJHXKfbmapQjQRRV1t71e974o?authuser=0&hl=zh-TW&rclk=1,0x3442a9666e9f721d:0x8aefbd57ef6d5d45
2542,Gatto,1,4 年前,"來了那麼多次，今天真是很失望⋯⋯  
時間是2018.03.31 晚上，南京二店（二樓那一間）  
兩人來用餐，點了小肥牛。  
牛肉切得很小片，全部是筋。不誇張，每一口都是筋。  
  
詢問了現場服務人員，答案是廠商弄錯了。十字切如何如何，六片切成八片如何如何，其實我聽不太懂，總之是廠商切錯了。  
  
可是啊可是，廠商錯是你們跟廠商的事吧？應該跟他退款退貨重叫啊！我們是來吃飯的，為什麼花一樣的錢要幫你們消耗錯誤的食材呢？  
這種肉根本不應該端上來給客人啊...  
完全有失過去水準。  
  
一直很喜歡來這裡吃飯，一個月至少有一次。但是之後會多考慮一下了。  
  
ps. 為了不浪費食物，最後我們還是乖乖吃完了

",2022-11-21,https://www.google.com.tw/maps/place/%E7%AF%89%E9%96%93%E5%B9%B8%E7%A6%8F%E9%8D%8B%E7%89%A9+%E5%8F%B0%E5%8C%97%E5%8D%97%E4%BA%AC%E4%B8%80%E5%BA%97/data=!4m7!3m6!1s0x3442a9666e9f721d:0x8aefbd57ef6d5d45!8m2!3d25.0518598!4d121.5273867!16s%2Fg%2F11b7cqtsy0!19sChIJHXKfbmapQjQRRV1t71e974o?authuser=0&hl=zh-TW&rclk=1,0x3442a9666e9f721d:0x8aefbd57ef6d5d45
2543,江半糖,3,4 年前,,2022-11-21,https://www.google.com.tw/maps/place/%E7%AF%89%E9%96%93%E5%B9%B8%E7%A6%8F%E9%8D%8B%E7%89%A9+%E5%8F%B0%E5%8C%97%E5%8D%97%E4%BA%AC%E4%B8%80%E5%BA%97/data=!4m7!3m6!1s0x3442a9666e9f721d:0x8aefbd57ef6d5d45!8m2!3d25.0518598!4d121.5273867!16s%2Fg%2F11b7cqtsy0!19sChIJHXKfbmapQjQRRV1t71e974o?authuser=0&hl=zh-TW&rclk=1,0x3442a9666e9f721d:0x8aefbd57ef6d5d45
2544,Charlotte Lee,4,4 年前,,2022-11-21,https://www.google.com.tw/maps/place/%E7%AF%89%E9%96%93%E5%B9%B8%E7%A6%8F%E9%8D%8B%E7%89%A9+%E5%8F%B0%E5%8C%97%E5%8D%97%E4%BA%AC%E4%B8%80%E5%BA%97/data=!4m7!3m6!1s0x3442a9666e9f721d:0x8aefbd57ef6d5d45!8m2!3d25.0518598!4d121.5273867!16s%2Fg%2F11b7cqtsy0!19sChIJHXKfbmapQjQRRV1t71e974o?authuser=0&hl=zh-TW&rclk=1,0x3442a9666e9f721d:0x8aefbd57ef6d5d45
2545,小金,4,4 年前,,2022-11-21,https://www.google.com.tw/maps/place/%E7%AF%89%E9%96%93%E5%B9%B8%E7%A6%8F%E9%8D%8B%E7%89%A9+%E5%8F%B0%E5%8C%97%E5%8D%97%E4%BA%AC%E4%B8%80%E5%BA%97/data=!4m7!3m6!1s0x3442a9666e9f721d:0x8aefbd57ef6d5d45!8m2!3d25.0518598!4d121.5273867!16s%2Fg%2F11b7cqtsy0!19sChIJHXKfbmapQjQRRV1t71e974o?authuser=0&hl=zh-TW&rclk=1,0x3442a9666e9f721d:0x8aefbd57ef6d5d45
2546,蔣秀利,1,4 年前,,2022-11-21,https://www.google.com.tw/maps/place/%E7%AF%89%E9%96%93%E5%B9%B8%E7%A6%8F%E9%8D%8B%E7%89%A9+%E5%8F%B0%E5%8C%97%E5%8D%97%E4%BA%AC%E4%B8%80%E5%BA%97/data=!4m7!3m6!1s0x3442a9666e9f721d:0x8aefbd57ef6d5d45!8m2!3d25.0518598!4d121.5273867!16s%2Fg%2F11b7cqtsy0!19sChIJHXKfbmapQjQRRV1t71e974o?authuser=0&hl=zh-TW&rclk=1,0x3442a9666e9f721d:0x8aefbd57ef6d5d45
2547,Tungliang Chan,4,4 年前,,2022-11-21,https://www.google.com.tw/maps/place/%E7%AF%89%E9%96%93%E5%B9%B8%E7%A6%8F%E9%8D%8B%E7%89%A9+%E5%8F%B0%E5%8C%97%E5%8D%97%E4%BA%AC%E4%B8%80%E5%BA%97/data=!4m7!3m6!1s0x3442a9666e9f721d:0x8aefbd57ef6d5d45!8m2!3d25.0518598!4d121.5273867!16s%2Fg%2F11b7cqtsy0!19sChIJHXKfbmapQjQRRV1t71e974o?authuser=0&hl=zh-TW&rclk=1,0x3442a9666e9f721d:0x8aefbd57ef6d5d45
2548,王祥宇,4,4 年前,"食材新鮮 記得訂位喔

",2022-11-21,https://www.google.com.tw/maps/place/%E7%AF%89%E9%96%93%E5%B9%B8%E7%A6%8F%E9%8D%8B%E7%89%A9+%E5%8F%B0%E5%8C%97%E5%8D%97%E4%BA%AC%E4%B8%80%E5%BA%97/data=!4m7!3m6!1s0x3442a9666e9f721d:0x8aefbd57ef6d5d45!8m2!3d25.0518598!4d121.5273867!16s%2Fg%2F11b7cqtsy0!19sChIJHXKfbmapQjQRRV1t71e974o?authuser=0&hl=zh-TW&rclk=1,0x3442a9666e9f721d:0x8aefbd57ef6d5d45
2549,Heidy Ho,5,4 年前,"石頭火鍋湯底好吃

",2022-11-21,https://www.google.com.tw/maps/place/%E7%AF%89%E9%96%93%E5%B9%B8%E7%A6%8F%E9%8D%8B%E7%89%A9+%E5%8F%B0%E5%8C%97%E5%8D%97%E4%BA%AC%E4%B8%80%E5%BA%97/data=!4m7!3m6!1s0x3442a9666e9f721d:0x8aefbd57ef6d5d45!8m2!3d25.0518598!4d121.5273867!16s%2Fg%2F11b7cqtsy0!19sChIJHXKfbmapQjQRRV1t71e974o?authuser=0&hl=zh-TW&rclk=1,0x3442a9666e9f721d:0x8aefbd57ef6d5d45
2550,賴美燕,5,4 年前,,2022-11-21,https://www.google.com.tw/maps/place/%E7%AF%89%E9%96%93%E5%B9%B8%E7%A6%8F%E9%8D%8B%E7%89%A9+%E5%8F%B0%E5%8C%97%E5%8D%97%E4%BA%AC%E4%B8%80%E5%BA%97/data=!4m7!3m6!1s0x3442a9666e9f721d:0x8aefbd57ef6d5d45!8m2!3d25.0518598!4d121.5273867!16s%2Fg%2F11b7cqtsy0!19sChIJHXKfbmapQjQRRV1t71e974o?authuser=0&hl=zh-TW&rclk=1,0x3442a9666e9f721d:0x8aefbd57ef6d5d45
2551,傲小傲,4,4 年前,"價位從低價到高價都有，食材新鮮而且豐富，服務也不錯。

",2022-11-21,https://www.google.com.tw/maps/place/%E7%AF%89%E9%96%93%E5%B9%B8%E7%A6%8F%E9%8D%8B%E7%89%A9+%E5%8F%B0%E5%8C%97%E5%8D%97%E4%BA%AC%E4%B8%80%E5%BA%97/data=!4m7!3m6!1s0x3442a9666e9f721d:0x8aefbd57ef6d5d45!8m2!3d25.0518598!4d121.5273867!16s%2Fg%2F11b7cqtsy0!19sChIJHXKfbmapQjQRRV1t71e974o?authuser=0&hl=zh-TW&rclk=1,0x3442a9666e9f721d:0x8aefbd57ef6d5d45
2552,Yi Yang,4,4 年前,"還可以

",2022-11-21,https://www.google.com.tw/maps/place/%E7%AF%89%E9%96%93%E5%B9%B8%E7%A6%8F%E9%8D%8B%E7%89%A9+%E5%8F%B0%E5%8C%97%E5%8D%97%E4%BA%AC%E4%B8%80%E5%BA%97/data=!4m7!3m6!1s0x3442a9666e9f721d:0x8aefbd57ef6d5d45!8m2!3d25.0518598!4d121.5273867!16s%2Fg%2F11b7cqtsy0!19sChIJHXKfbmapQjQRRV1t71e974o?authuser=0&hl=zh-TW&rclk=1,0x3442a9666e9f721d:0x8aefbd57ef6d5d45
2553,陳小琳,5,4 年前,,2022-11-21,https://www.google.com.tw/maps/place/%E7%AF%89%E9%96%93%E5%B9%B8%E7%A6%8F%E9%8D%8B%E7%89%A9+%E5%8F%B0%E5%8C%97%E5%8D%97%E4%BA%AC%E4%B8%80%E5%BA%97/data=!4m7!3m6!1s0x3442a9666e9f721d:0x8aefbd57ef6d5d45!8m2!3d25.0518598!4d121.5273867!16s%2Fg%2F11b7cqtsy0!19sChIJHXKfbmapQjQRRV1t71e974o?authuser=0&hl=zh-TW&rclk=1,0x3442a9666e9f721d:0x8aefbd57ef6d5d45
2554,Chen Hsiang Weng,5,4 年前,,2022-11-21,https://www.google.com.tw/maps/place/%E7%AF%89%E9%96%93%E5%B9%B8%E7%A6%8F%E9%8D%8B%E7%89%A9+%E5%8F%B0%E5%8C%97%E5%8D%97%E4%BA%AC%E4%B8%80%E5%BA%97/data=!4m7!3m6!1s0x3442a9666e9f721d:0x8aefbd57ef6d5d45!8m2!3d25.0518598!4d121.5273867!16s%2Fg%2F11b7cqtsy0!19sChIJHXKfbmapQjQRRV1t71e974o?authuser=0&hl=zh-TW&rclk=1,0x3442a9666e9f721d:0x8aefbd57ef6d5d45
2555,鄭嘉雯,4,4 年前,"價位便宜，東西新鮮好吃

",2022-11-21,https://www.google.com.tw/maps/place/%E7%AF%89%E9%96%93%E5%B9%B8%E7%A6%8F%E9%8D%8B%E7%89%A9+%E5%8F%B0%E5%8C%97%E5%8D%97%E4%BA%AC%E4%B8%80%E5%BA%97/data=!4m7!3m6!1s0x3442a9666e9f721d:0x8aefbd57ef6d5d45!8m2!3d25.0518598!4d121.5273867!16s%2Fg%2F11b7cqtsy0!19sChIJHXKfbmapQjQRRV1t71e974o?authuser=0&hl=zh-TW&rclk=1,0x3442a9666e9f721d:0x8aefbd57ef6d5d45
2556,趙世國,5,4 年前,"朋友聚餐的好地方，服務品質不錯，會主動詢問需不需要加湯

",2022-11-21,https://www.google.com.tw/maps/place/%E7%AF%89%E9%96%93%E5%B9%B8%E7%A6%8F%E9%8D%8B%E7%89%A9+%E5%8F%B0%E5%8C%97%E5%8D%97%E4%BA%AC%E4%B8%80%E5%BA%97/data=!4m7!3m6!1s0x3442a9666e9f721d:0x8aefbd57ef6d5d45!8m2!3d25.0518598!4d121.5273867!16s%2Fg%2F11b7cqtsy0!19sChIJHXKfbmapQjQRRV1t71e974o?authuser=0&hl=zh-TW&rclk=1,0x3442a9666e9f721d:0x8aefbd57ef6d5d45
2557,Jill Chan,4,4 年前,,2022-11-21,https://www.google.com.tw/maps/place/%E7%AF%89%E9%96%93%E5%B9%B8%E7%A6%8F%E9%8D%8B%E7%89%A9+%E5%8F%B0%E5%8C%97%E5%8D%97%E4%BA%AC%E4%B8%80%E5%BA%97/data=!4m7!3m6!1s0x3442a9666e9f721d:0x8aefbd57ef6d5d45!8m2!3d25.0518598!4d121.5273867!16s%2Fg%2F11b7cqtsy0!19sChIJHXKfbmapQjQRRV1t71e974o?authuser=0&hl=zh-TW&rclk=1,0x3442a9666e9f721d:0x8aefbd57ef6d5d45
2558,鄧婕妮,4,4 年前,"肉拌炒滿香的，湯底也不錯，但可惜有時限，尖峰時刻會客氣催人離開。

",2022-11-21,https://www.google.com.tw/maps/place/%E7%AF%89%E9%96%93%E5%B9%B8%E7%A6%8F%E9%8D%8B%E7%89%A9+%E5%8F%B0%E5%8C%97%E5%8D%97%E4%BA%AC%E4%B8%80%E5%BA%97/data=!4m7!3m6!1s0x3442a9666e9f721d:0x8aefbd57ef6d5d45!8m2!3d25.0518598!4d121.5273867!16s%2Fg%2F11b7cqtsy0!19sChIJHXKfbmapQjQRRV1t71e974o?authuser=0&hl=zh-TW&rclk=1,0x3442a9666e9f721d:0x8aefbd57ef6d5d45
2559,Vic Chen,4,4 年前,,2022-11-21,https://www.google.com.tw/maps/place/%E7%AF%89%E9%96%93%E5%B9%B8%E7%A6%8F%E9%8D%8B%E7%89%A9+%E5%8F%B0%E5%8C%97%E5%8D%97%E4%BA%AC%E4%B8%80%E5%BA%97/data=!4m7!3m6!1s0x3442a9666e9f721d:0x8aefbd57ef6d5d45!8m2!3d25.0518598!4d121.5273867!16s%2Fg%2F11b7cqtsy0!19sChIJHXKfbmapQjQRRV1t71e974o?authuser=0&hl=zh-TW&rclk=1,0x3442a9666e9f721d:0x8aefbd57ef6d5d45
2560,Connie Lee,5,4 年前,,2022-11-21,https://www.google.com.tw/maps/place/%E7%AF%89%E9%96%93%E5%B9%B8%E7%A6%8F%E9%8D%8B%E7%89%A9+%E5%8F%B0%E5%8C%97%E5%8D%97%E4%BA%AC%E4%B8%80%E5%BA%97/data=!4m7!3m6!1s0x3442a9666e9f721d:0x8aefbd57ef6d5d45!8m2!3d25.0518598!4d121.5273867!16s%2Fg%2F11b7cqtsy0!19sChIJHXKfbmapQjQRRV1t71e974o?authuser=0&hl=zh-TW&rclk=1,0x3442a9666e9f721d:0x8aefbd57ef6d5d45
2561,Cindy,5,4 年前,"牛奶鍋的湯頭很好喝

",2022-11-21,https://www.google.com.tw/maps/place/%E7%AF%89%E9%96%93%E5%B9%B8%E7%A6%8F%E9%8D%8B%E7%89%A9+%E5%8F%B0%E5%8C%97%E5%8D%97%E4%BA%AC%E4%B8%80%E5%BA%97/data=!4m7!3m6!1s0x3442a9666e9f721d:0x8aefbd57ef6d5d45!8m2!3d25.0518598!4d121.5273867!16s%2Fg%2F11b7cqtsy0!19sChIJHXKfbmapQjQRRV1t71e974o?authuser=0&hl=zh-TW&rclk=1,0x3442a9666e9f721d:0x8aefbd57ef6d5d45
2562,S H,4,4 年前,,2022-11-21,https://www.google.com.tw/maps/place/%E7%AF%89%E9%96%93%E5%B9%B8%E7%A6%8F%E9%8D%8B%E7%89%A9+%E5%8F%B0%E5%8C%97%E5%8D%97%E4%BA%AC%E4%B8%80%E5%BA%97/data=!4m7!3m6!1s0x3442a9666e9f721d:0x8aefbd57ef6d5d45!8m2!3d25.0518598!4d121.5273867!16s%2Fg%2F11b7cqtsy0!19sChIJHXKfbmapQjQRRV1t71e974o?authuser=0&hl=zh-TW&rclk=1,0x3442a9666e9f721d:0x8aefbd57ef6d5d45
2563,沙米,5,4 年前,,2022-11-21,https://www.google.com.tw/maps/place/%E7%AF%89%E9%96%93%E5%B9%B8%E7%A6%8F%E9%8D%8B%E7%89%A9+%E5%8F%B0%E5%8C%97%E5%8D%97%E4%BA%AC%E4%B8%80%E5%BA%97/data=!4m7!3m6!1s0x3442a9666e9f721d:0x8aefbd57ef6d5d45!8m2!3d25.0518598!4d121.5273867!16s%2Fg%2F11b7cqtsy0!19sChIJHXKfbmapQjQRRV1t71e974o?authuser=0&hl=zh-TW&rclk=1,0x3442a9666e9f721d:0x8aefbd57ef6d5d45
2564,Frank Ho,5,4 年前,"(由 Google 提供翻譯) 非常好的服務，推薦給不想為火鍋超支的人。  
  
(原始評論)  
Very nice service, recommded for people who dont want to overspend for hot
pot.

",2022-11-21,https://www.google.com.tw/maps/place/%E7%AF%89%E9%96%93%E5%B9%B8%E7%A6%8F%E9%8D%8B%E7%89%A9+%E5%8F%B0%E5%8C%97%E5%8D%97%E4%BA%AC%E4%B8%80%E5%BA%97/data=!4m7!3m6!1s0x3442a9666e9f721d:0x8aefbd57ef6d5d45!8m2!3d25.0518598!4d121.5273867!16s%2Fg%2F11b7cqtsy0!19sChIJHXKfbmapQjQRRV1t71e974o?authuser=0&hl=zh-TW&rclk=1,0x3442a9666e9f721d:0x8aefbd57ef6d5d45
2565,黃維,4,4 年前,,2022-11-21,https://www.google.com.tw/maps/place/%E7%AF%89%E9%96%93%E5%B9%B8%E7%A6%8F%E9%8D%8B%E7%89%A9+%E5%8F%B0%E5%8C%97%E5%8D%97%E4%BA%AC%E4%B8%80%E5%BA%97/data=!4m7!3m6!1s0x3442a9666e9f721d:0x8aefbd57ef6d5d45!8m2!3d25.0518598!4d121.5273867!16s%2Fg%2F11b7cqtsy0!19sChIJHXKfbmapQjQRRV1t71e974o?authuser=0&hl=zh-TW&rclk=1,0x3442a9666e9f721d:0x8aefbd57ef6d5d45
2566,陳健發,3,4 年前,,2022-11-21,https://www.google.com.tw/maps/place/%E7%AF%89%E9%96%93%E5%B9%B8%E7%A6%8F%E9%8D%8B%E7%89%A9+%E5%8F%B0%E5%8C%97%E5%8D%97%E4%BA%AC%E4%B8%80%E5%BA%97/data=!4m7!3m6!1s0x3442a9666e9f721d:0x8aefbd57ef6d5d45!8m2!3d25.0518598!4d121.5273867!16s%2Fg%2F11b7cqtsy0!19sChIJHXKfbmapQjQRRV1t71e974o?authuser=0&hl=zh-TW&rclk=1,0x3442a9666e9f721d:0x8aefbd57ef6d5d45
2567,Dean Su,4,4 年前,,2022-11-21,https://www.google.com.tw/maps/place/%E7%AF%89%E9%96%93%E5%B9%B8%E7%A6%8F%E9%8D%8B%E7%89%A9+%E5%8F%B0%E5%8C%97%E5%8D%97%E4%BA%AC%E4%B8%80%E5%BA%97/data=!4m7!3m6!1s0x3442a9666e9f721d:0x8aefbd57ef6d5d45!8m2!3d25.0518598!4d121.5273867!16s%2Fg%2F11b7cqtsy0!19sChIJHXKfbmapQjQRRV1t71e974o?authuser=0&hl=zh-TW&rclk=1,0x3442a9666e9f721d:0x8aefbd57ef6d5d45
2568,范佐耀,5,4 年前,,2022-11-21,https://www.google.com.tw/maps/place/%E7%AF%89%E9%96%93%E5%B9%B8%E7%A6%8F%E9%8D%8B%E7%89%A9+%E5%8F%B0%E5%8C%97%E5%8D%97%E4%BA%AC%E4%B8%80%E5%BA%97/data=!4m7!3m6!1s0x3442a9666e9f721d:0x8aefbd57ef6d5d45!8m2!3d25.0518598!4d121.5273867!16s%2Fg%2F11b7cqtsy0!19sChIJHXKfbmapQjQRRV1t71e974o?authuser=0&hl=zh-TW&rclk=1,0x3442a9666e9f721d:0x8aefbd57ef6d5d45
2569,胖馬達（MoocBear）,5,4 年前,,2022-11-21,https://www.google.com.tw/maps/place/%E7%AF%89%E9%96%93%E5%B9%B8%E7%A6%8F%E9%8D%8B%E7%89%A9+%E5%8F%B0%E5%8C%97%E5%8D%97%E4%BA%AC%E4%B8%80%E5%BA%97/data=!4m7!3m6!1s0x3442a9666e9f721d:0x8aefbd57ef6d5d45!8m2!3d25.0518598!4d121.5273867!16s%2Fg%2F11b7cqtsy0!19sChIJHXKfbmapQjQRRV1t71e974o?authuser=0&hl=zh-TW&rclk=1,0x3442a9666e9f721d:0x8aefbd57ef6d5d45
2570,dtbow Yeh,5,4 年前,"海鮮鍋份量十足又新鮮

",2022-11-21,https://www.google.com.tw/maps/place/%E7%AF%89%E9%96%93%E5%B9%B8%E7%A6%8F%E9%8D%8B%E7%89%A9+%E5%8F%B0%E5%8C%97%E5%8D%97%E4%BA%AC%E4%B8%80%E5%BA%97/data=!4m7!3m6!1s0x3442a9666e9f721d:0x8aefbd57ef6d5d45!8m2!3d25.0518598!4d121.5273867!16s%2Fg%2F11b7cqtsy0!19sChIJHXKfbmapQjQRRV1t71e974o?authuser=0&hl=zh-TW&rclk=1,0x3442a9666e9f721d:0x8aefbd57ef6d5d45
2571,章致遠,4,4 年前,"湯頭好

",2022-11-21,https://www.google.com.tw/maps/place/%E7%AF%89%E9%96%93%E5%B9%B8%E7%A6%8F%E9%8D%8B%E7%89%A9+%E5%8F%B0%E5%8C%97%E5%8D%97%E4%BA%AC%E4%B8%80%E5%BA%97/data=!4m7!3m6!1s0x3442a9666e9f721d:0x8aefbd57ef6d5d45!8m2!3d25.0518598!4d121.5273867!16s%2Fg%2F11b7cqtsy0!19sChIJHXKfbmapQjQRRV1t71e974o?authuser=0&hl=zh-TW&rclk=1,0x3442a9666e9f721d:0x8aefbd57ef6d5d45
2572,施若婷,5,4 年前,"食材新鮮又好吃

",2022-11-21,https://www.google.com.tw/maps/place/%E7%AF%89%E9%96%93%E5%B9%B8%E7%A6%8F%E9%8D%8B%E7%89%A9+%E5%8F%B0%E5%8C%97%E5%8D%97%E4%BA%AC%E4%B8%80%E5%BA%97/data=!4m7!3m6!1s0x3442a9666e9f721d:0x8aefbd57ef6d5d45!8m2!3d25.0518598!4d121.5273867!16s%2Fg%2F11b7cqtsy0!19sChIJHXKfbmapQjQRRV1t71e974o?authuser=0&hl=zh-TW&rclk=1,0x3442a9666e9f721d:0x8aefbd57ef6d5d45
2573,Rui Yang Lin,5,4 年前,"吃不少次了 會再吃  
而且價錢不高，很有CP值

",2022-11-21,https://www.google.com.tw/maps/place/%E7%AF%89%E9%96%93%E5%B9%B8%E7%A6%8F%E9%8D%8B%E7%89%A9+%E5%8F%B0%E5%8C%97%E5%8D%97%E4%BA%AC%E4%B8%80%E5%BA%97/data=!4m7!3m6!1s0x3442a9666e9f721d:0x8aefbd57ef6d5d45!8m2!3d25.0518598!4d121.5273867!16s%2Fg%2F11b7cqtsy0!19sChIJHXKfbmapQjQRRV1t71e974o?authuser=0&hl=zh-TW&rclk=1,0x3442a9666e9f721d:0x8aefbd57ef6d5d45
2574,許浩平,5,4 年前,,2022-11-21,https://www.google.com.tw/maps/place/%E7%AF%89%E9%96%93%E5%B9%B8%E7%A6%8F%E9%8D%8B%E7%89%A9+%E5%8F%B0%E5%8C%97%E5%8D%97%E4%BA%AC%E4%B8%80%E5%BA%97/data=!4m7!3m6!1s0x3442a9666e9f721d:0x8aefbd57ef6d5d45!8m2!3d25.0518598!4d121.5273867!16s%2Fg%2F11b7cqtsy0!19sChIJHXKfbmapQjQRRV1t71e974o?authuser=0&hl=zh-TW&rclk=1,0x3442a9666e9f721d:0x8aefbd57ef6d5d45
2575,Jason Chen,5,4 年前,,2022-11-21,https://www.google.com.tw/maps/place/%E7%AF%89%E9%96%93%E5%B9%B8%E7%A6%8F%E9%8D%8B%E7%89%A9+%E5%8F%B0%E5%8C%97%E5%8D%97%E4%BA%AC%E4%B8%80%E5%BA%97/data=!4m7!3m6!1s0x3442a9666e9f721d:0x8aefbd57ef6d5d45!8m2!3d25.0518598!4d121.5273867!16s%2Fg%2F11b7cqtsy0!19sChIJHXKfbmapQjQRRV1t71e974o?authuser=0&hl=zh-TW&rclk=1,0x3442a9666e9f721d:0x8aefbd57ef6d5d45
2576,Eric Chang,4,4 年前,"湯頭食材俱佳

",2022-11-21,https://www.google.com.tw/maps/place/%E7%AF%89%E9%96%93%E5%B9%B8%E7%A6%8F%E9%8D%8B%E7%89%A9+%E5%8F%B0%E5%8C%97%E5%8D%97%E4%BA%AC%E4%B8%80%E5%BA%97/data=!4m7!3m6!1s0x3442a9666e9f721d:0x8aefbd57ef6d5d45!8m2!3d25.0518598!4d121.5273867!16s%2Fg%2F11b7cqtsy0!19sChIJHXKfbmapQjQRRV1t71e974o?authuser=0&hl=zh-TW&rclk=1,0x3442a9666e9f721d:0x8aefbd57ef6d5d45
2577,李長勳,5,4 年前,"鍋物很超值

",2022-11-21,https://www.google.com.tw/maps/place/%E7%AF%89%E9%96%93%E5%B9%B8%E7%A6%8F%E9%8D%8B%E7%89%A9+%E5%8F%B0%E5%8C%97%E5%8D%97%E4%BA%AC%E4%B8%80%E5%BA%97/data=!4m7!3m6!1s0x3442a9666e9f721d:0x8aefbd57ef6d5d45!8m2!3d25.0518598!4d121.5273867!16s%2Fg%2F11b7cqtsy0!19sChIJHXKfbmapQjQRRV1t71e974o?authuser=0&hl=zh-TW&rclk=1,0x3442a9666e9f721d:0x8aefbd57ef6d5d45
2578,Wu Migo,4,4 年前,,2022-11-21,https://www.google.com.tw/maps/place/%E7%AF%89%E9%96%93%E5%B9%B8%E7%A6%8F%E9%8D%8B%E7%89%A9+%E5%8F%B0%E5%8C%97%E5%8D%97%E4%BA%AC%E4%B8%80%E5%BA%97/data=!4m7!3m6!1s0x3442a9666e9f721d:0x8aefbd57ef6d5d45!8m2!3d25.0518598!4d121.5273867!16s%2Fg%2F11b7cqtsy0!19sChIJHXKfbmapQjQRRV1t71e974o?authuser=0&hl=zh-TW&rclk=1,0x3442a9666e9f721d:0x8aefbd57ef6d5d45
2579,蓁,1,4 年前,"去用餐根本是去受氣的！！  
一位長頭髮的中性女店員服務態度非常糟糕 一點微笑也沒有 忘記告知鍋底跟附餐反而教訓客人呢
難道是客人要主動告知？？那請服務生做什麼？其他桌的店員都有耐心的詢問客人 不懂為何要去那邊受氣 還在客人面前很兇的責備內場的員工 不知道他是主管還是店長
反正被你服務到的客人也真的很痛苦 收了服務費完全沒有被服務到的感覺 如果沒有熱忱服務客人那就不要繼續待在這個行業
就因為你再也不會去吃。謝謝。對了他一句謝謝也沒說過。

",2022-11-21,https://www.google.com.tw/maps/place/%E7%AF%89%E9%96%93%E5%B9%B8%E7%A6%8F%E9%8D%8B%E7%89%A9+%E5%8F%B0%E5%8C%97%E5%8D%97%E4%BA%AC%E4%B8%80%E5%BA%97/data=!4m7!3m6!1s0x3442a9666e9f721d:0x8aefbd57ef6d5d45!8m2!3d25.0518598!4d121.5273867!16s%2Fg%2F11b7cqtsy0!19sChIJHXKfbmapQjQRRV1t71e974o?authuser=0&hl=zh-TW&rclk=1,0x3442a9666e9f721d:0x8aefbd57ef6d5d45
2580,chuanyen,4,4 年前,"營業時間長、份量剛好、冰淇淋好吃、適合與朋友相約

",2022-11-21,https://www.google.com.tw/maps/place/%E7%AF%89%E9%96%93%E5%B9%B8%E7%A6%8F%E9%8D%8B%E7%89%A9+%E5%8F%B0%E5%8C%97%E5%8D%97%E4%BA%AC%E4%B8%80%E5%BA%97/data=!4m7!3m6!1s0x3442a9666e9f721d:0x8aefbd57ef6d5d45!8m2!3d25.0518598!4d121.5273867!16s%2Fg%2F11b7cqtsy0!19sChIJHXKfbmapQjQRRV1t71e974o?authuser=0&hl=zh-TW&rclk=1,0x3442a9666e9f721d:0x8aefbd57ef6d5d45
2581,yeta huang,5,4 年前,,2022-11-21,https://www.google.com.tw/maps/place/%E7%AF%89%E9%96%93%E5%B9%B8%E7%A6%8F%E9%8D%8B%E7%89%A9+%E5%8F%B0%E5%8C%97%E5%8D%97%E4%BA%AC%E4%B8%80%E5%BA%97/data=!4m7!3m6!1s0x3442a9666e9f721d:0x8aefbd57ef6d5d45!8m2!3d25.0518598!4d121.5273867!16s%2Fg%2F11b7cqtsy0!19sChIJHXKfbmapQjQRRV1t71e974o?authuser=0&hl=zh-TW&rclk=1,0x3442a9666e9f721d:0x8aefbd57ef6d5d45
2582,yagu yamamoto,4,4 年前,,2022-11-21,https://www.google.com.tw/maps/place/%E7%AF%89%E9%96%93%E5%B9%B8%E7%A6%8F%E9%8D%8B%E7%89%A9+%E5%8F%B0%E5%8C%97%E5%8D%97%E4%BA%AC%E4%B8%80%E5%BA%97/data=!4m7!3m6!1s0x3442a9666e9f721d:0x8aefbd57ef6d5d45!8m2!3d25.0518598!4d121.5273867!16s%2Fg%2F11b7cqtsy0!19sChIJHXKfbmapQjQRRV1t71e974o?authuser=0&hl=zh-TW&rclk=1,0x3442a9666e9f721d:0x8aefbd57ef6d5d45
2583,Henin Lain,3,4 年前,,2022-11-21,https://www.google.com.tw/maps/place/%E7%AF%89%E9%96%93%E5%B9%B8%E7%A6%8F%E9%8D%8B%E7%89%A9+%E5%8F%B0%E5%8C%97%E5%8D%97%E4%BA%AC%E4%B8%80%E5%BA%97/data=!4m7!3m6!1s0x3442a9666e9f721d:0x8aefbd57ef6d5d45!8m2!3d25.0518598!4d121.5273867!16s%2Fg%2F11b7cqtsy0!19sChIJHXKfbmapQjQRRV1t71e974o?authuser=0&hl=zh-TW&rclk=1,0x3442a9666e9f721d:0x8aefbd57ef6d5d45
2584,Jimmy Yu,5,4 年前,"超好吃

",2022-11-21,https://www.google.com.tw/maps/place/%E7%AF%89%E9%96%93%E5%B9%B8%E7%A6%8F%E9%8D%8B%E7%89%A9+%E5%8F%B0%E5%8C%97%E5%8D%97%E4%BA%AC%E4%B8%80%E5%BA%97/data=!4m7!3m6!1s0x3442a9666e9f721d:0x8aefbd57ef6d5d45!8m2!3d25.0518598!4d121.5273867!16s%2Fg%2F11b7cqtsy0!19sChIJHXKfbmapQjQRRV1t71e974o?authuser=0&hl=zh-TW&rclk=1,0x3442a9666e9f721d:0x8aefbd57ef6d5d45
2585,Daniel Shen,4,4 年前,"食材新鮮湯頭美味價格稍高

",2022-11-21,https://www.google.com.tw/maps/place/%E7%AF%89%E9%96%93%E5%B9%B8%E7%A6%8F%E9%8D%8B%E7%89%A9+%E5%8F%B0%E5%8C%97%E5%8D%97%E4%BA%AC%E4%B8%80%E5%BA%97/data=!4m7!3m6!1s0x3442a9666e9f721d:0x8aefbd57ef6d5d45!8m2!3d25.0518598!4d121.5273867!16s%2Fg%2F11b7cqtsy0!19sChIJHXKfbmapQjQRRV1t71e974o?authuser=0&hl=zh-TW&rclk=1,0x3442a9666e9f721d:0x8aefbd57ef6d5d45
2586,羅昭明,4,4 年前,,2022-11-21,https://www.google.com.tw/maps/place/%E7%AF%89%E9%96%93%E5%B9%B8%E7%A6%8F%E9%8D%8B%E7%89%A9+%E5%8F%B0%E5%8C%97%E5%8D%97%E4%BA%AC%E4%B8%80%E5%BA%97/data=!4m7!3m6!1s0x3442a9666e9f721d:0x8aefbd57ef6d5d45!8m2!3d25.0518598!4d121.5273867!16s%2Fg%2F11b7cqtsy0!19sChIJHXKfbmapQjQRRV1t71e974o?authuser=0&hl=zh-TW&rclk=1,0x3442a9666e9f721d:0x8aefbd57ef6d5d45
2587,洪乙安,5,4 年前,,2022-11-21,https://www.google.com.tw/maps/place/%E7%AF%89%E9%96%93%E5%B9%B8%E7%A6%8F%E9%8D%8B%E7%89%A9+%E5%8F%B0%E5%8C%97%E5%8D%97%E4%BA%AC%E4%B8%80%E5%BA%97/data=!4m7!3m6!1s0x3442a9666e9f721d:0x8aefbd57ef6d5d45!8m2!3d25.0518598!4d121.5273867!16s%2Fg%2F11b7cqtsy0!19sChIJHXKfbmapQjQRRV1t71e974o?authuser=0&hl=zh-TW&rclk=1,0x3442a9666e9f721d:0x8aefbd57ef6d5d45
2588,柯毓庭,4,4 年前,"服務佳，鍋物普通

",2022-11-21,https://www.google.com.tw/maps/place/%E7%AF%89%E9%96%93%E5%B9%B8%E7%A6%8F%E9%8D%8B%E7%89%A9+%E5%8F%B0%E5%8C%97%E5%8D%97%E4%BA%AC%E4%B8%80%E5%BA%97/data=!4m7!3m6!1s0x3442a9666e9f721d:0x8aefbd57ef6d5d45!8m2!3d25.0518598!4d121.5273867!16s%2Fg%2F11b7cqtsy0!19sChIJHXKfbmapQjQRRV1t71e974o?authuser=0&hl=zh-TW&rclk=1,0x3442a9666e9f721d:0x8aefbd57ef6d5d45
2589,류지원,5,4 年前,"(由 Google 提供翻譯) 這很酷。  
  
(原始評論)  
짱입니다.

",2022-11-21,https://www.google.com.tw/maps/place/%E7%AF%89%E9%96%93%E5%B9%B8%E7%A6%8F%E9%8D%8B%E7%89%A9+%E5%8F%B0%E5%8C%97%E5%8D%97%E4%BA%AC%E4%B8%80%E5%BA%97/data=!4m7!3m6!1s0x3442a9666e9f721d:0x8aefbd57ef6d5d45!8m2!3d25.0518598!4d121.5273867!16s%2Fg%2F11b7cqtsy0!19sChIJHXKfbmapQjQRRV1t71e974o?authuser=0&hl=zh-TW&rclk=1,0x3442a9666e9f721d:0x8aefbd57ef6d5d45
2590,Mars Von,3,4 年前,"覺得很普通啊，跟錢都除了價格也沒多大差別

",2022-11-21,https://www.google.com.tw/maps/place/%E7%AF%89%E9%96%93%E5%B9%B8%E7%A6%8F%E9%8D%8B%E7%89%A9+%E5%8F%B0%E5%8C%97%E5%8D%97%E4%BA%AC%E4%B8%80%E5%BA%97/data=!4m7!3m6!1s0x3442a9666e9f721d:0x8aefbd57ef6d5d45!8m2!3d25.0518598!4d121.5273867!16s%2Fg%2F11b7cqtsy0!19sChIJHXKfbmapQjQRRV1t71e974o?authuser=0&hl=zh-TW&rclk=1,0x3442a9666e9f721d:0x8aefbd57ef6d5d45
2591,Keisha Tsai,5,4 年前,"最近再訪，雖然菜單換了，但還是一樣好吃，份量超多。CP值高，人潮多，享受美食前最好先訂位，以防等候太久。

",2022-11-21,https://www.google.com.tw/maps/place/%E7%AF%89%E9%96%93%E5%B9%B8%E7%A6%8F%E9%8D%8B%E7%89%A9+%E5%8F%B0%E5%8C%97%E5%8D%97%E4%BA%AC%E4%B8%80%E5%BA%97/data=!4m7!3m6!1s0x3442a9666e9f721d:0x8aefbd57ef6d5d45!8m2!3d25.0518598!4d121.5273867!16s%2Fg%2F11b7cqtsy0!19sChIJHXKfbmapQjQRRV1t71e974o?authuser=0&hl=zh-TW&rclk=1,0x3442a9666e9f721d:0x8aefbd57ef6d5d45
2592,Emily Lin,3,4 年前,"不錯吃 覺得位子太小 有點可惜

",2022-11-21,https://www.google.com.tw/maps/place/%E7%AF%89%E9%96%93%E5%B9%B8%E7%A6%8F%E9%8D%8B%E7%89%A9+%E5%8F%B0%E5%8C%97%E5%8D%97%E4%BA%AC%E4%B8%80%E5%BA%97/data=!4m7!3m6!1s0x3442a9666e9f721d:0x8aefbd57ef6d5d45!8m2!3d25.0518598!4d121.5273867!16s%2Fg%2F11b7cqtsy0!19sChIJHXKfbmapQjQRRV1t71e974o?authuser=0&hl=zh-TW&rclk=1,0x3442a9666e9f721d:0x8aefbd57ef6d5d45
2593,Roy Yang,5,4 年前,"好吃，氣氛好

",2022-11-21,https://www.google.com.tw/maps/place/%E7%AF%89%E9%96%93%E5%B9%B8%E7%A6%8F%E9%8D%8B%E7%89%A9+%E5%8F%B0%E5%8C%97%E5%8D%97%E4%BA%AC%E4%B8%80%E5%BA%97/data=!4m7!3m6!1s0x3442a9666e9f721d:0x8aefbd57ef6d5d45!8m2!3d25.0518598!4d121.5273867!16s%2Fg%2F11b7cqtsy0!19sChIJHXKfbmapQjQRRV1t71e974o?authuser=0&hl=zh-TW&rclk=1,0x3442a9666e9f721d:0x8aefbd57ef6d5d45
2594,吳家瑜,5,4 年前,,2022-11-21,https://www.google.com.tw/maps/place/%E7%AF%89%E9%96%93%E5%B9%B8%E7%A6%8F%E9%8D%8B%E7%89%A9+%E5%8F%B0%E5%8C%97%E5%8D%97%E4%BA%AC%E4%B8%80%E5%BA%97/data=!4m7!3m6!1s0x3442a9666e9f721d:0x8aefbd57ef6d5d45!8m2!3d25.0518598!4d121.5273867!16s%2Fg%2F11b7cqtsy0!19sChIJHXKfbmapQjQRRV1t71e974o?authuser=0&hl=zh-TW&rclk=1,0x3442a9666e9f721d:0x8aefbd57ef6d5d45
2595,Kevin Yang,5,4 年前,"便宜好吃cp值高

",2022-11-21,https://www.google.com.tw/maps/place/%E7%AF%89%E9%96%93%E5%B9%B8%E7%A6%8F%E9%8D%8B%E7%89%A9+%E5%8F%B0%E5%8C%97%E5%8D%97%E4%BA%AC%E4%B8%80%E5%BA%97/data=!4m7!3m6!1s0x3442a9666e9f721d:0x8aefbd57ef6d5d45!8m2!3d25.0518598!4d121.5273867!16s%2Fg%2F11b7cqtsy0!19sChIJHXKfbmapQjQRRV1t71e974o?authuser=0&hl=zh-TW&rclk=1,0x3442a9666e9f721d:0x8aefbd57ef6d5d45
2596,黃富美,4,4 年前,,2022-11-21,https://www.google.com.tw/maps/place/%E7%AF%89%E9%96%93%E5%B9%B8%E7%A6%8F%E9%8D%8B%E7%89%A9+%E5%8F%B0%E5%8C%97%E5%8D%97%E4%BA%AC%E4%B8%80%E5%BA%97/data=!4m7!3m6!1s0x3442a9666e9f721d:0x8aefbd57ef6d5d45!8m2!3d25.0518598!4d121.5273867!16s%2Fg%2F11b7cqtsy0!19sChIJHXKfbmapQjQRRV1t71e974o?authuser=0&hl=zh-TW&rclk=1,0x3442a9666e9f721d:0x8aefbd57ef6d5d45
2597,李季安,1,4 年前,"第一次給評論，要點餐等超過10分鐘，點完到上鍋等超過30分鐘。午餐時間只有一人外場。叫上班族怎麼趕午休時間？

",2022-11-21,https://www.google.com.tw/maps/place/%E7%AF%89%E9%96%93%E5%B9%B8%E7%A6%8F%E9%8D%8B%E7%89%A9+%E5%8F%B0%E5%8C%97%E5%8D%97%E4%BA%AC%E4%B8%80%E5%BA%97/data=!4m7!3m6!1s0x3442a9666e9f721d:0x8aefbd57ef6d5d45!8m2!3d25.0518598!4d121.5273867!16s%2Fg%2F11b7cqtsy0!19sChIJHXKfbmapQjQRRV1t71e974o?authuser=0&hl=zh-TW&rclk=1,0x3442a9666e9f721d:0x8aefbd57ef6d5d45
2598,YouChu Chen,4,4 年前,,2022-11-21,https://www.google.com.tw/maps/place/%E7%AF%89%E9%96%93%E5%B9%B8%E7%A6%8F%E9%8D%8B%E7%89%A9+%E5%8F%B0%E5%8C%97%E5%8D%97%E4%BA%AC%E4%B8%80%E5%BA%97/data=!4m7!3m6!1s0x3442a9666e9f721d:0x8aefbd57ef6d5d45!8m2!3d25.0518598!4d121.5273867!16s%2Fg%2F11b7cqtsy0!19sChIJHXKfbmapQjQRRV1t71e974o?authuser=0&hl=zh-TW&rclk=1,0x3442a9666e9f721d:0x8aefbd57ef6d5d45
2599,卜筱萱,1,4 年前,"16:30至店裡用餐，2/3無坐人，店員表示前面有候位2組，等了約10分鐘，店員說要併桌，4人座不是對坐要左右坐，問理由店員表示裡面靠牆，對坐裡面的人會不好出來，想坐其他位子店員也不處理，一付你不想這樣坐就離開，吃過幾次這家店店員態度真的很散漫，不會再光顧用餐！

",2022-11-21,https://www.google.com.tw/maps/place/%E7%AF%89%E9%96%93%E5%B9%B8%E7%A6%8F%E9%8D%8B%E7%89%A9+%E5%8F%B0%E5%8C%97%E5%8D%97%E4%BA%AC%E4%B8%80%E5%BA%97/data=!4m7!3m6!1s0x3442a9666e9f721d:0x8aefbd57ef6d5d45!8m2!3d25.0518598!4d121.5273867!16s%2Fg%2F11b7cqtsy0!19sChIJHXKfbmapQjQRRV1t71e974o?authuser=0&hl=zh-TW&rclk=1,0x3442a9666e9f721d:0x8aefbd57ef6d5d45
2600,洪靖富,2,4 年前,,2022-11-21,https://www.google.com.tw/maps/place/%E7%AF%89%E9%96%93%E5%B9%B8%E7%A6%8F%E9%8D%8B%E7%89%A9+%E5%8F%B0%E5%8C%97%E5%8D%97%E4%BA%AC%E4%B8%80%E5%BA%97/data=!4m7!3m6!1s0x3442a9666e9f721d:0x8aefbd57ef6d5d45!8m2!3d25.0518598!4d121.5273867!16s%2Fg%2F11b7cqtsy0!19sChIJHXKfbmapQjQRRV1t71e974o?authuser=0&hl=zh-TW&rclk=1,0x3442a9666e9f721d:0x8aefbd57ef6d5d45
2601,Justin Wang,3,4 年前,"份量不少，但服務人員有點忙碌需要耐心等候。

",2022-11-21,https://www.google.com.tw/maps/place/%E7%AF%89%E9%96%93%E5%B9%B8%E7%A6%8F%E9%8D%8B%E7%89%A9+%E5%8F%B0%E5%8C%97%E5%8D%97%E4%BA%AC%E4%B8%80%E5%BA%97/data=!4m7!3m6!1s0x3442a9666e9f721d:0x8aefbd57ef6d5d45!8m2!3d25.0518598!4d121.5273867!16s%2Fg%2F11b7cqtsy0!19sChIJHXKfbmapQjQRRV1t71e974o?authuser=0&hl=zh-TW&rclk=1,0x3442a9666e9f721d:0x8aefbd57ef6d5d45
2602,李翎,4,4 年前,"麻辣湯頭很香很好喝  
不會負擔很重浮整層辣油  
有特色辣醬  
服務爽快有效率

",2022-11-21,https://www.google.com.tw/maps/place/%E7%AF%89%E9%96%93%E5%B9%B8%E7%A6%8F%E9%8D%8B%E7%89%A9+%E5%8F%B0%E5%8C%97%E5%8D%97%E4%BA%AC%E4%B8%80%E5%BA%97/data=!4m7!3m6!1s0x3442a9666e9f721d:0x8aefbd57ef6d5d45!8m2!3d25.0518598!4d121.5273867!16s%2Fg%2F11b7cqtsy0!19sChIJHXKfbmapQjQRRV1t71e974o?authuser=0&hl=zh-TW&rclk=1,0x3442a9666e9f721d:0x8aefbd57ef6d5d45
2603,Ranley,4,4 年前,"有一樓跟二樓喔！不要走錯地方

",2022-11-21,https://www.google.com.tw/maps/place/%E7%AF%89%E9%96%93%E5%B9%B8%E7%A6%8F%E9%8D%8B%E7%89%A9+%E5%8F%B0%E5%8C%97%E5%8D%97%E4%BA%AC%E4%B8%80%E5%BA%97/data=!4m7!3m6!1s0x3442a9666e9f721d:0x8aefbd57ef6d5d45!8m2!3d25.0518598!4d121.5273867!16s%2Fg%2F11b7cqtsy0!19sChIJHXKfbmapQjQRRV1t71e974o?authuser=0&hl=zh-TW&rclk=1,0x3442a9666e9f721d:0x8aefbd57ef6d5d45
2604,Jayson Chiang,4,4 年前,"好吃好飽

",2022-11-21,https://www.google.com.tw/maps/place/%E7%AF%89%E9%96%93%E5%B9%B8%E7%A6%8F%E9%8D%8B%E7%89%A9+%E5%8F%B0%E5%8C%97%E5%8D%97%E4%BA%AC%E4%B8%80%E5%BA%97/data=!4m7!3m6!1s0x3442a9666e9f721d:0x8aefbd57ef6d5d45!8m2!3d25.0518598!4d121.5273867!16s%2Fg%2F11b7cqtsy0!19sChIJHXKfbmapQjQRRV1t71e974o?authuser=0&hl=zh-TW&rclk=1,0x3442a9666e9f721d:0x8aefbd57ef6d5d45
2605,Janice Ch,5,4 年前,"CP值很高的中價位美食  
營業時間很到凌晨  
是夜貓族宵夜好選擇  
服務生人數較少  
服務等待時間要多一點  
但態度都很良好  
氛圍很不錯的一家店

",2022-11-21,https://www.google.com.tw/maps/place/%E7%AF%89%E9%96%93%E5%B9%B8%E7%A6%8F%E9%8D%8B%E7%89%A9+%E5%8F%B0%E5%8C%97%E5%8D%97%E4%BA%AC%E4%B8%80%E5%BA%97/data=!4m7!3m6!1s0x3442a9666e9f721d:0x8aefbd57ef6d5d45!8m2!3d25.0518598!4d121.5273867!16s%2Fg%2F11b7cqtsy0!19sChIJHXKfbmapQjQRRV1t71e974o?authuser=0&hl=zh-TW&rclk=1,0x3442a9666e9f721d:0x8aefbd57ef6d5d45
2606,5號鄭文逵,4,4 年前,"用餐環境佳 適合聚餐 食材乾淨新鮮

",2022-11-21,https://www.google.com.tw/maps/place/%E7%AF%89%E9%96%93%E5%B9%B8%E7%A6%8F%E9%8D%8B%E7%89%A9+%E5%8F%B0%E5%8C%97%E5%8D%97%E4%BA%AC%E4%B8%80%E5%BA%97/data=!4m7!3m6!1s0x3442a9666e9f721d:0x8aefbd57ef6d5d45!8m2!3d25.0518598!4d121.5273867!16s%2Fg%2F11b7cqtsy0!19sChIJHXKfbmapQjQRRV1t71e974o?authuser=0&hl=zh-TW&rclk=1,0x3442a9666e9f721d:0x8aefbd57ef6d5d45
2607,Chi Liu,4,4 年前,"湯頭還不錯  
雞腿肉也滿嫩的  
明治冰淇淋口味也很多可選擇  
飲料的檸檬紅茶和奶茶也好喝~

",2022-11-21,https://www.google.com.tw/maps/place/%E7%AF%89%E9%96%93%E5%B9%B8%E7%A6%8F%E9%8D%8B%E7%89%A9+%E5%8F%B0%E5%8C%97%E5%8D%97%E4%BA%AC%E4%B8%80%E5%BA%97/data=!4m7!3m6!1s0x3442a9666e9f721d:0x8aefbd57ef6d5d45!8m2!3d25.0518598!4d121.5273867!16s%2Fg%2F11b7cqtsy0!19sChIJHXKfbmapQjQRRV1t71e974o?authuser=0&hl=zh-TW&rclk=1,0x3442a9666e9f721d:0x8aefbd57ef6d5d45
2608,Helen Tseng,2,4 年前,"雞腿鍋肉質不錯，湯頭不錯，但蛤蠣貌似沒吐沙，醬料區衛生不佳，服務態度要改進，從點餐到加湯，沒見服務生主動過來詢問

",2022-11-21,https://www.google.com.tw/maps/place/%E7%AF%89%E9%96%93%E5%B9%B8%E7%A6%8F%E9%8D%8B%E7%89%A9+%E5%8F%B0%E5%8C%97%E5%8D%97%E4%BA%AC%E4%B8%80%E5%BA%97/data=!4m7!3m6!1s0x3442a9666e9f721d:0x8aefbd57ef6d5d45!8m2!3d25.0518598!4d121.5273867!16s%2Fg%2F11b7cqtsy0!19sChIJHXKfbmapQjQRRV1t71e974o?authuser=0&hl=zh-TW&rclk=1,0x3442a9666e9f721d:0x8aefbd57ef6d5d45
2609,Winnie Wang,5,4 年前,,2022-11-21,https://www.google.com.tw/maps/place/%E7%AF%89%E9%96%93%E5%B9%B8%E7%A6%8F%E9%8D%8B%E7%89%A9+%E5%8F%B0%E5%8C%97%E5%8D%97%E4%BA%AC%E4%B8%80%E5%BA%97/data=!4m7!3m6!1s0x3442a9666e9f721d:0x8aefbd57ef6d5d45!8m2!3d25.0518598!4d121.5273867!16s%2Fg%2F11b7cqtsy0!19sChIJHXKfbmapQjQRRV1t71e974o?authuser=0&hl=zh-TW&rclk=1,0x3442a9666e9f721d:0x8aefbd57ef6d5d45
2610,唐群凱,3,4 年前,"餐點不錯，但等待時間太長，與店員告知有出入

",2022-11-21,https://www.google.com.tw/maps/place/%E7%AF%89%E9%96%93%E5%B9%B8%E7%A6%8F%E9%8D%8B%E7%89%A9+%E5%8F%B0%E5%8C%97%E5%8D%97%E4%BA%AC%E4%B8%80%E5%BA%97/data=!4m7!3m6!1s0x3442a9666e9f721d:0x8aefbd57ef6d5d45!8m2!3d25.0518598!4d121.5273867!16s%2Fg%2F11b7cqtsy0!19sChIJHXKfbmapQjQRRV1t71e974o?authuser=0&hl=zh-TW&rclk=1,0x3442a9666e9f721d:0x8aefbd57ef6d5d45
2611,Mia Lin,5,4 年前,,2022-11-21,https://www.google.com.tw/maps/place/%E7%AF%89%E9%96%93%E5%B9%B8%E7%A6%8F%E9%8D%8B%E7%89%A9+%E5%8F%B0%E5%8C%97%E5%8D%97%E4%BA%AC%E4%B8%80%E5%BA%97/data=!4m7!3m6!1s0x3442a9666e9f721d:0x8aefbd57ef6d5d45!8m2!3d25.0518598!4d121.5273867!16s%2Fg%2F11b7cqtsy0!19sChIJHXKfbmapQjQRRV1t71e974o?authuser=0&hl=zh-TW&rclk=1,0x3442a9666e9f721d:0x8aefbd57ef6d5d45
2612,dennis lee,5,4 年前,,2022-11-21,https://www.google.com.tw/maps/place/%E7%AF%89%E9%96%93%E5%B9%B8%E7%A6%8F%E9%8D%8B%E7%89%A9+%E5%8F%B0%E5%8C%97%E5%8D%97%E4%BA%AC%E4%B8%80%E5%BA%97/data=!4m7!3m6!1s0x3442a9666e9f721d:0x8aefbd57ef6d5d45!8m2!3d25.0518598!4d121.5273867!16s%2Fg%2F11b7cqtsy0!19sChIJHXKfbmapQjQRRV1t71e974o?authuser=0&hl=zh-TW&rclk=1,0x3442a9666e9f721d:0x8aefbd57ef6d5d45
2613,梁Sandia勻瑄,3,4 年前,,2022-11-21,https://www.google.com.tw/maps/place/%E7%AF%89%E9%96%93%E5%B9%B8%E7%A6%8F%E9%8D%8B%E7%89%A9+%E5%8F%B0%E5%8C%97%E5%8D%97%E4%BA%AC%E4%B8%80%E5%BA%97/data=!4m7!3m6!1s0x3442a9666e9f721d:0x8aefbd57ef6d5d45!8m2!3d25.0518598!4d121.5273867!16s%2Fg%2F11b7cqtsy0!19sChIJHXKfbmapQjQRRV1t71e974o?authuser=0&hl=zh-TW&rclk=1,0x3442a9666e9f721d:0x8aefbd57ef6d5d45
2614,小路班比,4,4 年前,,2022-11-21,https://www.google.com.tw/maps/place/%E7%AF%89%E9%96%93%E5%B9%B8%E7%A6%8F%E9%8D%8B%E7%89%A9+%E5%8F%B0%E5%8C%97%E5%8D%97%E4%BA%AC%E4%B8%80%E5%BA%97/data=!4m7!3m6!1s0x3442a9666e9f721d:0x8aefbd57ef6d5d45!8m2!3d25.0518598!4d121.5273867!16s%2Fg%2F11b7cqtsy0!19sChIJHXKfbmapQjQRRV1t71e974o?authuser=0&hl=zh-TW&rclk=1,0x3442a9666e9f721d:0x8aefbd57ef6d5d45
2615,朱芷萱,4,4 年前,"和朋友聚餐還不錯

",2022-11-21,https://www.google.com.tw/maps/place/%E7%AF%89%E9%96%93%E5%B9%B8%E7%A6%8F%E9%8D%8B%E7%89%A9+%E5%8F%B0%E5%8C%97%E5%8D%97%E4%BA%AC%E4%B8%80%E5%BA%97/data=!4m7!3m6!1s0x3442a9666e9f721d:0x8aefbd57ef6d5d45!8m2!3d25.0518598!4d121.5273867!16s%2Fg%2F11b7cqtsy0!19sChIJHXKfbmapQjQRRV1t71e974o?authuser=0&hl=zh-TW&rclk=1,0x3442a9666e9f721d:0x8aefbd57ef6d5d45
2616,Peiring Tsai,4,4 年前,,2022-11-21,https://www.google.com.tw/maps/place/%E7%AF%89%E9%96%93%E5%B9%B8%E7%A6%8F%E9%8D%8B%E7%89%A9+%E5%8F%B0%E5%8C%97%E5%8D%97%E4%BA%AC%E4%B8%80%E5%BA%97/data=!4m7!3m6!1s0x3442a9666e9f721d:0x8aefbd57ef6d5d45!8m2!3d25.0518598!4d121.5273867!16s%2Fg%2F11b7cqtsy0!19sChIJHXKfbmapQjQRRV1t71e974o?authuser=0&hl=zh-TW&rclk=1,0x3442a9666e9f721d:0x8aefbd57ef6d5d45
2617,耿珮甄,4,4 年前,,2022-11-21,https://www.google.com.tw/maps/place/%E7%AF%89%E9%96%93%E5%B9%B8%E7%A6%8F%E9%8D%8B%E7%89%A9+%E5%8F%B0%E5%8C%97%E5%8D%97%E4%BA%AC%E4%B8%80%E5%BA%97/data=!4m7!3m6!1s0x3442a9666e9f721d:0x8aefbd57ef6d5d45!8m2!3d25.0518598!4d121.5273867!16s%2Fg%2F11b7cqtsy0!19sChIJHXKfbmapQjQRRV1t71e974o?authuser=0&hl=zh-TW&rclk=1,0x3442a9666e9f721d:0x8aefbd57ef6d5d45
2618,姜巧玲,5,4 年前,,2022-11-21,https://www.google.com.tw/maps/place/%E7%AF%89%E9%96%93%E5%B9%B8%E7%A6%8F%E9%8D%8B%E7%89%A9+%E5%8F%B0%E5%8C%97%E5%8D%97%E4%BA%AC%E4%B8%80%E5%BA%97/data=!4m7!3m6!1s0x3442a9666e9f721d:0x8aefbd57ef6d5d45!8m2!3d25.0518598!4d121.5273867!16s%2Fg%2F11b7cqtsy0!19sChIJHXKfbmapQjQRRV1t71e974o?authuser=0&hl=zh-TW&rclk=1,0x3442a9666e9f721d:0x8aefbd57ef6d5d45
2619,溫雅涵,4,4 年前,,2022-11-21,https://www.google.com.tw/maps/place/%E7%AF%89%E9%96%93%E5%B9%B8%E7%A6%8F%E9%8D%8B%E7%89%A9+%E5%8F%B0%E5%8C%97%E5%8D%97%E4%BA%AC%E4%B8%80%E5%BA%97/data=!4m7!3m6!1s0x3442a9666e9f721d:0x8aefbd57ef6d5d45!8m2!3d25.0518598!4d121.5273867!16s%2Fg%2F11b7cqtsy0!19sChIJHXKfbmapQjQRRV1t71e974o?authuser=0&hl=zh-TW&rclk=1,0x3442a9666e9f721d:0x8aefbd57ef6d5d45
2620,Aya,4,4 年前,"(由 Google 提供翻譯) 這是一家年輕人的熱門餐館，他們可以便宜地吃火鍋。  
當您從訂購表中選擇主要食品（牛肉，羊肉，鴨肉，雞肉，海鮮等）並選擇自己喜歡的湯時，將自動運輸已定好的蔬菜和蘑菇。  
ke牛和飲料是自助服務。  
在角落裡有各種各樣的配料，例如切碎的大蒜，蘿蔔絲，切碎的蔥，醋，醬油，切碎的辣椒和中式調味醬。  
基本上只有中文，一個會說英語的人從廚房出來，解釋說我很麻煩。  
年輕的男職員似乎很忙，但每個人都很好並且很好。  
我用了一個雞蛤混合鍋，真好吃！ ！  
  
(原始評論)  
安く一人鍋が食べられる若者に人気のお店。  
注文用紙からメイン(牛肉・羊肉・鴨肉・鶏肉・魚介類などなど)を選び、好きなスープを選ぶとセットの野菜やキノコ類が自動的に運ばれてくるシステムです。  
つけダレやドリンク類はセルフサービス。  
タレを作るコーナーには刻みニンニク・大根おろし・輪切りの長ネギ・お酢・醤油・輪切りの唐辛子・中華風のタレなど色んな材料が置いてあります。  
基本的に中国語オンリーで、私が困っていると厨房から英語の出来る男性がわざわざ出て来て説明してくれました。  
若い男性スタッフは忙しそうですが皆さん親切でいいお店です。  
私は鶏肉とハマグリのコンビ鍋にしました、美味しかったですよ！！

",2022-11-21,https://www.google.com.tw/maps/place/%E7%AF%89%E9%96%93%E5%B9%B8%E7%A6%8F%E9%8D%8B%E7%89%A9+%E5%8F%B0%E5%8C%97%E5%8D%97%E4%BA%AC%E4%B8%80%E5%BA%97/data=!4m7!3m6!1s0x3442a9666e9f721d:0x8aefbd57ef6d5d45!8m2!3d25.0518598!4d121.5273867!16s%2Fg%2F11b7cqtsy0!19sChIJHXKfbmapQjQRRV1t71e974o?authuser=0&hl=zh-TW&rclk=1,0x3442a9666e9f721d:0x8aefbd57ef6d5d45
2621,衛玥榛,2,4 年前,"石頭火鍋的麻油香味…略淡  
圖片是炒過的兩份肉片…

",2022-11-21,https://www.google.com.tw/maps/place/%E7%AF%89%E9%96%93%E5%B9%B8%E7%A6%8F%E9%8D%8B%E7%89%A9+%E5%8F%B0%E5%8C%97%E5%8D%97%E4%BA%AC%E4%B8%80%E5%BA%97/data=!4m7!3m6!1s0x3442a9666e9f721d:0x8aefbd57ef6d5d45!8m2!3d25.0518598!4d121.5273867!16s%2Fg%2F11b7cqtsy0!19sChIJHXKfbmapQjQRRV1t71e974o?authuser=0&hl=zh-TW&rclk=1,0x3442a9666e9f721d:0x8aefbd57ef6d5d45
2622,Jennifer T,4,4 年前,,2022-11-21,https://www.google.com.tw/maps/place/%E7%AF%89%E9%96%93%E5%B9%B8%E7%A6%8F%E9%8D%8B%E7%89%A9+%E5%8F%B0%E5%8C%97%E5%8D%97%E4%BA%AC%E4%B8%80%E5%BA%97/data=!4m7!3m6!1s0x3442a9666e9f721d:0x8aefbd57ef6d5d45!8m2!3d25.0518598!4d121.5273867!16s%2Fg%2F11b7cqtsy0!19sChIJHXKfbmapQjQRRV1t71e974o?authuser=0&hl=zh-TW&rclk=1,0x3442a9666e9f721d:0x8aefbd57ef6d5d45
2623,Giselle Lai,4,4 年前,"料多實在，冰淇淋好吃

",2022-11-21,https://www.google.com.tw/maps/place/%E7%AF%89%E9%96%93%E5%B9%B8%E7%A6%8F%E9%8D%8B%E7%89%A9+%E5%8F%B0%E5%8C%97%E5%8D%97%E4%BA%AC%E4%B8%80%E5%BA%97/data=!4m7!3m6!1s0x3442a9666e9f721d:0x8aefbd57ef6d5d45!8m2!3d25.0518598!4d121.5273867!16s%2Fg%2F11b7cqtsy0!19sChIJHXKfbmapQjQRRV1t71e974o?authuser=0&hl=zh-TW&rclk=1,0x3442a9666e9f721d:0x8aefbd57ef6d5d45
2624,莊文豐,3,4 年前,,2022-11-21,https://www.google.com.tw/maps/place/%E7%AF%89%E9%96%93%E5%B9%B8%E7%A6%8F%E9%8D%8B%E7%89%A9+%E5%8F%B0%E5%8C%97%E5%8D%97%E4%BA%AC%E4%B8%80%E5%BA%97/data=!4m7!3m6!1s0x3442a9666e9f721d:0x8aefbd57ef6d5d45!8m2!3d25.0518598!4d121.5273867!16s%2Fg%2F11b7cqtsy0!19sChIJHXKfbmapQjQRRV1t71e974o?authuser=0&hl=zh-TW&rclk=1,0x3442a9666e9f721d:0x8aefbd57ef6d5d45
2625,Larry Chen,4,4 年前,"CP值高

",2022-11-21,https://www.google.com.tw/maps/place/%E7%AF%89%E9%96%93%E5%B9%B8%E7%A6%8F%E9%8D%8B%E7%89%A9+%E5%8F%B0%E5%8C%97%E5%8D%97%E4%BA%AC%E4%B8%80%E5%BA%97/data=!4m7!3m6!1s0x3442a9666e9f721d:0x8aefbd57ef6d5d45!8m2!3d25.0518598!4d121.5273867!16s%2Fg%2F11b7cqtsy0!19sChIJHXKfbmapQjQRRV1t71e974o?authuser=0&hl=zh-TW&rclk=1,0x3442a9666e9f721d:0x8aefbd57ef6d5d45
2626,楊士杰,5,4 年前,,2022-11-21,https://www.google.com.tw/maps/place/%E7%AF%89%E9%96%93%E5%B9%B8%E7%A6%8F%E9%8D%8B%E7%89%A9+%E5%8F%B0%E5%8C%97%E5%8D%97%E4%BA%AC%E4%B8%80%E5%BA%97/data=!4m7!3m6!1s0x3442a9666e9f721d:0x8aefbd57ef6d5d45!8m2!3d25.0518598!4d121.5273867!16s%2Fg%2F11b7cqtsy0!19sChIJHXKfbmapQjQRRV1t71e974o?authuser=0&hl=zh-TW&rclk=1,0x3442a9666e9f721d:0x8aefbd57ef6d5d45
2627,王昱仁（鐵樂士）,4,4 年前,"好友聚餐的好地方，湯頭很特別的口感真的不錯，我推薦1樓用餐

",2022-11-21,https://www.google.com.tw/maps/place/%E7%AF%89%E9%96%93%E5%B9%B8%E7%A6%8F%E9%8D%8B%E7%89%A9+%E5%8F%B0%E5%8C%97%E5%8D%97%E4%BA%AC%E4%B8%80%E5%BA%97/data=!4m7!3m6!1s0x3442a9666e9f721d:0x8aefbd57ef6d5d45!8m2!3d25.0518598!4d121.5273867!16s%2Fg%2F11b7cqtsy0!19sChIJHXKfbmapQjQRRV1t71e974o?authuser=0&hl=zh-TW&rclk=1,0x3442a9666e9f721d:0x8aefbd57ef6d5d45
2628,Ada Yang,5,4 年前,,2022-11-21,https://www.google.com.tw/maps/place/%E7%AF%89%E9%96%93%E5%B9%B8%E7%A6%8F%E9%8D%8B%E7%89%A9+%E5%8F%B0%E5%8C%97%E5%8D%97%E4%BA%AC%E4%B8%80%E5%BA%97/data=!4m7!3m6!1s0x3442a9666e9f721d:0x8aefbd57ef6d5d45!8m2!3d25.0518598!4d121.5273867!16s%2Fg%2F11b7cqtsy0!19sChIJHXKfbmapQjQRRV1t71e974o?authuser=0&hl=zh-TW&rclk=1,0x3442a9666e9f721d:0x8aefbd57ef6d5d45
2629,sung ho jung,4,4 年前,"(由 Google 提供翻譯) 台灣Sha鍋餐廳湯  
  
(原始評論)  
대만의 샤브샤브 음식점 육수가 새로운 맛

",2022-11-21,https://www.google.com.tw/maps/place/%E7%AF%89%E9%96%93%E5%B9%B8%E7%A6%8F%E9%8D%8B%E7%89%A9+%E5%8F%B0%E5%8C%97%E5%8D%97%E4%BA%AC%E4%B8%80%E5%BA%97/data=!4m7!3m6!1s0x3442a9666e9f721d:0x8aefbd57ef6d5d45!8m2!3d25.0518598!4d121.5273867!16s%2Fg%2F11b7cqtsy0!19sChIJHXKfbmapQjQRRV1t71e974o?authuser=0&hl=zh-TW&rclk=1,0x3442a9666e9f721d:0x8aefbd57ef6d5d45
2630,江偉誌,4,4 年前,"入口是旁邊箱子，樓梯稍陡可搭電梯。服務人員及餐食都不錯。

",2022-11-21,https://www.google.com.tw/maps/place/%E7%AF%89%E9%96%93%E5%B9%B8%E7%A6%8F%E9%8D%8B%E7%89%A9+%E5%8F%B0%E5%8C%97%E5%8D%97%E4%BA%AC%E4%B8%80%E5%BA%97/data=!4m7!3m6!1s0x3442a9666e9f721d:0x8aefbd57ef6d5d45!8m2!3d25.0518598!4d121.5273867!16s%2Fg%2F11b7cqtsy0!19sChIJHXKfbmapQjQRRV1t71e974o?authuser=0&hl=zh-TW&rclk=1,0x3442a9666e9f721d:0x8aefbd57ef6d5d45
2631,Angie,5,4 年前,"雖然等待了一下下，但店員服務態度很好！天冷還拿熱茶給我們喝，可能是人手有點不足，看每個店員都忙進忙出蠻辛苦的！

",2022-11-21,https://www.google.com.tw/maps/place/%E7%AF%89%E9%96%93%E5%B9%B8%E7%A6%8F%E9%8D%8B%E7%89%A9+%E5%8F%B0%E5%8C%97%E5%8D%97%E4%BA%AC%E4%B8%80%E5%BA%97/data=!4m7!3m6!1s0x3442a9666e9f721d:0x8aefbd57ef6d5d45!8m2!3d25.0518598!4d121.5273867!16s%2Fg%2F11b7cqtsy0!19sChIJHXKfbmapQjQRRV1t71e974o?authuser=0&hl=zh-TW&rclk=1,0x3442a9666e9f721d:0x8aefbd57ef6d5d45
2632,A - chee,3,4 年前,"東西好吃  
但某幾位店員態度不太ok 客人說請謝謝抱歉的次數比店員多這真的很不可思議

",2022-11-21,https://www.google.com.tw/maps/place/%E7%AF%89%E9%96%93%E5%B9%B8%E7%A6%8F%E9%8D%8B%E7%89%A9+%E5%8F%B0%E5%8C%97%E5%8D%97%E4%BA%AC%E4%B8%80%E5%BA%97/data=!4m7!3m6!1s0x3442a9666e9f721d:0x8aefbd57ef6d5d45!8m2!3d25.0518598!4d121.5273867!16s%2Fg%2F11b7cqtsy0!19sChIJHXKfbmapQjQRRV1t71e974o?authuser=0&hl=zh-TW&rclk=1,0x3442a9666e9f721d:0x8aefbd57ef6d5d45
2633,sun kuo (sunKuo),5,4 年前,"與朋友們聊天聚會的好地方，價格上不算特別貴

",2022-11-21,https://www.google.com.tw/maps/place/%E7%AF%89%E9%96%93%E5%B9%B8%E7%A6%8F%E9%8D%8B%E7%89%A9+%E5%8F%B0%E5%8C%97%E5%8D%97%E4%BA%AC%E4%B8%80%E5%BA%97/data=!4m7!3m6!1s0x3442a9666e9f721d:0x8aefbd57ef6d5d45!8m2!3d25.0518598!4d121.5273867!16s%2Fg%2F11b7cqtsy0!19sChIJHXKfbmapQjQRRV1t71e974o?authuser=0&hl=zh-TW&rclk=1,0x3442a9666e9f721d:0x8aefbd57ef6d5d45
2634,Fang Mark,5,4 年前,"實惠的價格～優質的配料！真的很好吃

",2022-11-21,https://www.google.com.tw/maps/place/%E7%AF%89%E9%96%93%E5%B9%B8%E7%A6%8F%E9%8D%8B%E7%89%A9+%E5%8F%B0%E5%8C%97%E5%8D%97%E4%BA%AC%E4%B8%80%E5%BA%97/data=!4m7!3m6!1s0x3442a9666e9f721d:0x8aefbd57ef6d5d45!8m2!3d25.0518598!4d121.5273867!16s%2Fg%2F11b7cqtsy0!19sChIJHXKfbmapQjQRRV1t71e974o?authuser=0&hl=zh-TW&rclk=1,0x3442a9666e9f721d:0x8aefbd57ef6d5d45
2635,賴米琪,5,4 年前,"服務好食材新鮮，如果不是後面有其他客人在等待，店家不太會趕人，不會覺得用餐時間很緊繃

",2022-11-21,https://www.google.com.tw/maps/place/%E7%AF%89%E9%96%93%E5%B9%B8%E7%A6%8F%E9%8D%8B%E7%89%A9+%E5%8F%B0%E5%8C%97%E5%8D%97%E4%BA%AC%E4%B8%80%E5%BA%97/data=!4m7!3m6!1s0x3442a9666e9f721d:0x8aefbd57ef6d5d45!8m2!3d25.0518598!4d121.5273867!16s%2Fg%2F11b7cqtsy0!19sChIJHXKfbmapQjQRRV1t71e974o?authuser=0&hl=zh-TW&rclk=1,0x3442a9666e9f721d:0x8aefbd57ef6d5d45
2636,張瀧依,3,4 年前,,2022-11-21,https://www.google.com.tw/maps/place/%E7%AF%89%E9%96%93%E5%B9%B8%E7%A6%8F%E9%8D%8B%E7%89%A9+%E5%8F%B0%E5%8C%97%E5%8D%97%E4%BA%AC%E4%B8%80%E5%BA%97/data=!4m7!3m6!1s0x3442a9666e9f721d:0x8aefbd57ef6d5d45!8m2!3d25.0518598!4d121.5273867!16s%2Fg%2F11b7cqtsy0!19sChIJHXKfbmapQjQRRV1t71e974o?authuser=0&hl=zh-TW&rclk=1,0x3442a9666e9f721d:0x8aefbd57ef6d5d45
2637,Kenmos Chen,4,4 年前,"好吃!!服務也很好喔

",2022-11-21,https://www.google.com.tw/maps/place/%E7%AF%89%E9%96%93%E5%B9%B8%E7%A6%8F%E9%8D%8B%E7%89%A9+%E5%8F%B0%E5%8C%97%E5%8D%97%E4%BA%AC%E4%B8%80%E5%BA%97/data=!4m7!3m6!1s0x3442a9666e9f721d:0x8aefbd57ef6d5d45!8m2!3d25.0518598!4d121.5273867!16s%2Fg%2F11b7cqtsy0!19sChIJHXKfbmapQjQRRV1t71e974o?authuser=0&hl=zh-TW&rclk=1,0x3442a9666e9f721d:0x8aefbd57ef6d5d45
2638,Erica Love (Erica),5,4 年前,,2022-11-21,https://www.google.com.tw/maps/place/%E7%AF%89%E9%96%93%E5%B9%B8%E7%A6%8F%E9%8D%8B%E7%89%A9+%E5%8F%B0%E5%8C%97%E5%8D%97%E4%BA%AC%E4%B8%80%E5%BA%97/data=!4m7!3m6!1s0x3442a9666e9f721d:0x8aefbd57ef6d5d45!8m2!3d25.0518598!4d121.5273867!16s%2Fg%2F11b7cqtsy0!19sChIJHXKfbmapQjQRRV1t71e974o?authuser=0&hl=zh-TW&rclk=1,0x3442a9666e9f721d:0x8aefbd57ef6d5d45
2639,chen cindy,5,4 年前,,2022-11-21,https://www.google.com.tw/maps/place/%E7%AF%89%E9%96%93%E5%B9%B8%E7%A6%8F%E9%8D%8B%E7%89%A9+%E5%8F%B0%E5%8C%97%E5%8D%97%E4%BA%AC%E4%B8%80%E5%BA%97/data=!4m7!3m6!1s0x3442a9666e9f721d:0x8aefbd57ef6d5d45!8m2!3d25.0518598!4d121.5273867!16s%2Fg%2F11b7cqtsy0!19sChIJHXKfbmapQjQRRV1t71e974o?authuser=0&hl=zh-TW&rclk=1,0x3442a9666e9f721d:0x8aefbd57ef6d5d45
2640,陳孟鈞,5,4 年前,"用餐的好地方

",2022-11-21,https://www.google.com.tw/maps/place/%E7%AF%89%E9%96%93%E5%B9%B8%E7%A6%8F%E9%8D%8B%E7%89%A9+%E5%8F%B0%E5%8C%97%E5%8D%97%E4%BA%AC%E4%B8%80%E5%BA%97/data=!4m7!3m6!1s0x3442a9666e9f721d:0x8aefbd57ef6d5d45!8m2!3d25.0518598!4d121.5273867!16s%2Fg%2F11b7cqtsy0!19sChIJHXKfbmapQjQRRV1t71e974o?authuser=0&hl=zh-TW&rclk=1,0x3442a9666e9f721d:0x8aefbd57ef6d5d45
2641,小樂,5,4 年前,,2022-11-21,https://www.google.com.tw/maps/place/%E7%AF%89%E9%96%93%E5%B9%B8%E7%A6%8F%E9%8D%8B%E7%89%A9+%E5%8F%B0%E5%8C%97%E5%8D%97%E4%BA%AC%E4%B8%80%E5%BA%97/data=!4m7!3m6!1s0x3442a9666e9f721d:0x8aefbd57ef6d5d45!8m2!3d25.0518598!4d121.5273867!16s%2Fg%2F11b7cqtsy0!19sChIJHXKfbmapQjQRRV1t71e974o?authuser=0&hl=zh-TW&rclk=1,0x3442a9666e9f721d:0x8aefbd57ef6d5d45
2642,謝金喜,4,4 年前,,2022-11-21,https://www.google.com.tw/maps/place/%E7%AF%89%E9%96%93%E5%B9%B8%E7%A6%8F%E9%8D%8B%E7%89%A9+%E5%8F%B0%E5%8C%97%E5%8D%97%E4%BA%AC%E4%B8%80%E5%BA%97/data=!4m7!3m6!1s0x3442a9666e9f721d:0x8aefbd57ef6d5d45!8m2!3d25.0518598!4d121.5273867!16s%2Fg%2F11b7cqtsy0!19sChIJHXKfbmapQjQRRV1t71e974o?authuser=0&hl=zh-TW&rclk=1,0x3442a9666e9f721d:0x8aefbd57ef6d5d45
2643,bebi,4,4 年前,"湯鮮甜！肉盤餐盤豐富 ~

",2022-11-21,https://www.google.com.tw/maps/place/%E7%AF%89%E9%96%93%E5%B9%B8%E7%A6%8F%E9%8D%8B%E7%89%A9+%E5%8F%B0%E5%8C%97%E5%8D%97%E4%BA%AC%E4%B8%80%E5%BA%97/data=!4m7!3m6!1s0x3442a9666e9f721d:0x8aefbd57ef6d5d45!8m2!3d25.0518598!4d121.5273867!16s%2Fg%2F11b7cqtsy0!19sChIJHXKfbmapQjQRRV1t71e974o?authuser=0&hl=zh-TW&rclk=1,0x3442a9666e9f721d:0x8aefbd57ef6d5d45
2644,海森堡,1,4 年前,"店員處理事情的態度沒有很喜歡

",2022-11-21,https://www.google.com.tw/maps/place/%E7%AF%89%E9%96%93%E5%B9%B8%E7%A6%8F%E9%8D%8B%E7%89%A9+%E5%8F%B0%E5%8C%97%E5%8D%97%E4%BA%AC%E4%B8%80%E5%BA%97/data=!4m7!3m6!1s0x3442a9666e9f721d:0x8aefbd57ef6d5d45!8m2!3d25.0518598!4d121.5273867!16s%2Fg%2F11b7cqtsy0!19sChIJHXKfbmapQjQRRV1t71e974o?authuser=0&hl=zh-TW&rclk=1,0x3442a9666e9f721d:0x8aefbd57ef6d5d45
2645,Vira Wu,4,4 年前,"湯頭甜美 食材新鮮份量足  
環境也很舒服  
整體而言cp值算頗高

",2022-11-21,https://www.google.com.tw/maps/place/%E7%AF%89%E9%96%93%E5%B9%B8%E7%A6%8F%E9%8D%8B%E7%89%A9+%E5%8F%B0%E5%8C%97%E5%8D%97%E4%BA%AC%E4%B8%80%E5%BA%97/data=!4m7!3m6!1s0x3442a9666e9f721d:0x8aefbd57ef6d5d45!8m2!3d25.0518598!4d121.5273867!16s%2Fg%2F11b7cqtsy0!19sChIJHXKfbmapQjQRRV1t71e974o?authuser=0&hl=zh-TW&rclk=1,0x3442a9666e9f721d:0x8aefbd57ef6d5d45
2646,魏曉惠,5,4 年前,,2022-11-21,https://www.google.com.tw/maps/place/%E7%AF%89%E9%96%93%E5%B9%B8%E7%A6%8F%E9%8D%8B%E7%89%A9+%E5%8F%B0%E5%8C%97%E5%8D%97%E4%BA%AC%E4%B8%80%E5%BA%97/data=!4m7!3m6!1s0x3442a9666e9f721d:0x8aefbd57ef6d5d45!8m2!3d25.0518598!4d121.5273867!16s%2Fg%2F11b7cqtsy0!19sChIJHXKfbmapQjQRRV1t71e974o?authuser=0&hl=zh-TW&rclk=1,0x3442a9666e9f721d:0x8aefbd57ef6d5d45
2647,Jet Wu,4,4 年前,"限時一個半小時，但當天時間到沒有特別趕客，可能後面沒有客人在等；石頭火鍋先爆香炒肉片，味道出來很香，松阪豬肉質也不錯；明治冰淇淋八種口味吃到飽，算蠻有誠意，冰淇淋不會硬到很難挖。

",2022-11-21,https://www.google.com.tw/maps/place/%E7%AF%89%E9%96%93%E5%B9%B8%E7%A6%8F%E9%8D%8B%E7%89%A9+%E5%8F%B0%E5%8C%97%E5%8D%97%E4%BA%AC%E4%B8%80%E5%BA%97/data=!4m7!3m6!1s0x3442a9666e9f721d:0x8aefbd57ef6d5d45!8m2!3d25.0518598!4d121.5273867!16s%2Fg%2F11b7cqtsy0!19sChIJHXKfbmapQjQRRV1t71e974o?authuser=0&hl=zh-TW&rclk=1,0x3442a9666e9f721d:0x8aefbd57ef6d5d45
2648,連玉珠,4,4 年前,"用餐環境佳，食物擺放用心

",2022-11-21,https://www.google.com.tw/maps/place/%E7%AF%89%E9%96%93%E5%B9%B8%E7%A6%8F%E9%8D%8B%E7%89%A9+%E5%8F%B0%E5%8C%97%E5%8D%97%E4%BA%AC%E4%B8%80%E5%BA%97/data=!4m7!3m6!1s0x3442a9666e9f721d:0x8aefbd57ef6d5d45!8m2!3d25.0518598!4d121.5273867!16s%2Fg%2F11b7cqtsy0!19sChIJHXKfbmapQjQRRV1t71e974o?authuser=0&hl=zh-TW&rclk=1,0x3442a9666e9f721d:0x8aefbd57ef6d5d45
2649,王月英,3,4 年前,"鍋物還不賴

",2022-11-21,https://www.google.com.tw/maps/place/%E7%AF%89%E9%96%93%E5%B9%B8%E7%A6%8F%E9%8D%8B%E7%89%A9+%E5%8F%B0%E5%8C%97%E5%8D%97%E4%BA%AC%E4%B8%80%E5%BA%97/data=!4m7!3m6!1s0x3442a9666e9f721d:0x8aefbd57ef6d5d45!8m2!3d25.0518598!4d121.5273867!16s%2Fg%2F11b7cqtsy0!19sChIJHXKfbmapQjQRRV1t71e974o?authuser=0&hl=zh-TW&rclk=1,0x3442a9666e9f721d:0x8aefbd57ef6d5d45
2650,Gayren Jian,4,4 年前,"食材真的很新鮮，擺盤很漂亮，裝潢也很好  
可是不推薦點魚類是冷凍的

",2022-11-21,https://www.google.com.tw/maps/place/%E7%AF%89%E9%96%93%E5%B9%B8%E7%A6%8F%E9%8D%8B%E7%89%A9+%E5%8F%B0%E5%8C%97%E5%8D%97%E4%BA%AC%E4%B8%80%E5%BA%97/data=!4m7!3m6!1s0x3442a9666e9f721d:0x8aefbd57ef6d5d45!8m2!3d25.0518598!4d121.5273867!16s%2Fg%2F11b7cqtsy0!19sChIJHXKfbmapQjQRRV1t71e974o?authuser=0&hl=zh-TW&rclk=1,0x3442a9666e9f721d:0x8aefbd57ef6d5d45
2651,Randy Kuo,5,4 年前,"好吃

",2022-11-21,https://www.google.com.tw/maps/place/%E7%AF%89%E9%96%93%E5%B9%B8%E7%A6%8F%E9%8D%8B%E7%89%A9+%E5%8F%B0%E5%8C%97%E5%8D%97%E4%BA%AC%E4%B8%80%E5%BA%97/data=!4m7!3m6!1s0x3442a9666e9f721d:0x8aefbd57ef6d5d45!8m2!3d25.0518598!4d121.5273867!16s%2Fg%2F11b7cqtsy0!19sChIJHXKfbmapQjQRRV1t71e974o?authuser=0&hl=zh-TW&rclk=1,0x3442a9666e9f721d:0x8aefbd57ef6d5d45
2652,Albert Lin,5,4 年前,,2022-11-21,https://www.google.com.tw/maps/place/%E7%AF%89%E9%96%93%E5%B9%B8%E7%A6%8F%E9%8D%8B%E7%89%A9+%E5%8F%B0%E5%8C%97%E5%8D%97%E4%BA%AC%E4%B8%80%E5%BA%97/data=!4m7!3m6!1s0x3442a9666e9f721d:0x8aefbd57ef6d5d45!8m2!3d25.0518598!4d121.5273867!16s%2Fg%2F11b7cqtsy0!19sChIJHXKfbmapQjQRRV1t71e974o?authuser=0&hl=zh-TW&rclk=1,0x3442a9666e9f721d:0x8aefbd57ef6d5d45
2653,王琦,4,4 年前,,2022-11-21,https://www.google.com.tw/maps/place/%E7%AF%89%E9%96%93%E5%B9%B8%E7%A6%8F%E9%8D%8B%E7%89%A9+%E5%8F%B0%E5%8C%97%E5%8D%97%E4%BA%AC%E4%B8%80%E5%BA%97/data=!4m7!3m6!1s0x3442a9666e9f721d:0x8aefbd57ef6d5d45!8m2!3d25.0518598!4d121.5273867!16s%2Fg%2F11b7cqtsy0!19sChIJHXKfbmapQjQRRV1t71e974o?authuser=0&hl=zh-TW&rclk=1,0x3442a9666e9f721d:0x8aefbd57ef6d5d45
2654,_vivian C,2,4 年前,"店員處理事情態度超不ok⋯

",2022-11-21,https://www.google.com.tw/maps/place/%E7%AF%89%E9%96%93%E5%B9%B8%E7%A6%8F%E9%8D%8B%E7%89%A9+%E5%8F%B0%E5%8C%97%E5%8D%97%E4%BA%AC%E4%B8%80%E5%BA%97/data=!4m7!3m6!1s0x3442a9666e9f721d:0x8aefbd57ef6d5d45!8m2!3d25.0518598!4d121.5273867!16s%2Fg%2F11b7cqtsy0!19sChIJHXKfbmapQjQRRV1t71e974o?authuser=0&hl=zh-TW&rclk=1,0x3442a9666e9f721d:0x8aefbd57ef6d5d45
2655,Noreen,3,4 年前,,2022-11-21,https://www.google.com.tw/maps/place/%E7%AF%89%E9%96%93%E5%B9%B8%E7%A6%8F%E9%8D%8B%E7%89%A9+%E5%8F%B0%E5%8C%97%E5%8D%97%E4%BA%AC%E4%B8%80%E5%BA%97/data=!4m7!3m6!1s0x3442a9666e9f721d:0x8aefbd57ef6d5d45!8m2!3d25.0518598!4d121.5273867!16s%2Fg%2F11b7cqtsy0!19sChIJHXKfbmapQjQRRV1t71e974o?authuser=0&hl=zh-TW&rclk=1,0x3442a9666e9f721d:0x8aefbd57ef6d5d45
2656,林生輝,5,4 年前,,2022-11-21,https://www.google.com.tw/maps/place/%E7%AF%89%E9%96%93%E5%B9%B8%E7%A6%8F%E9%8D%8B%E7%89%A9+%E5%8F%B0%E5%8C%97%E5%8D%97%E4%BA%AC%E4%B8%80%E5%BA%97/data=!4m7!3m6!1s0x3442a9666e9f721d:0x8aefbd57ef6d5d45!8m2!3d25.0518598!4d121.5273867!16s%2Fg%2F11b7cqtsy0!19sChIJHXKfbmapQjQRRV1t71e974o?authuser=0&hl=zh-TW&rclk=1,0x3442a9666e9f721d:0x8aefbd57ef6d5d45
2657,Austin,5,4 年前,"好吃，但是價格不便宜

",2022-11-21,https://www.google.com.tw/maps/place/%E7%AF%89%E9%96%93%E5%B9%B8%E7%A6%8F%E9%8D%8B%E7%89%A9+%E5%8F%B0%E5%8C%97%E5%8D%97%E4%BA%AC%E4%B8%80%E5%BA%97/data=!4m7!3m6!1s0x3442a9666e9f721d:0x8aefbd57ef6d5d45!8m2!3d25.0518598!4d121.5273867!16s%2Fg%2F11b7cqtsy0!19sChIJHXKfbmapQjQRRV1t71e974o?authuser=0&hl=zh-TW&rclk=1,0x3442a9666e9f721d:0x8aefbd57ef6d5d45
2658,Mark Chou,4,4 年前,"還不錯

",2022-11-21,https://www.google.com.tw/maps/place/%E7%AF%89%E9%96%93%E5%B9%B8%E7%A6%8F%E9%8D%8B%E7%89%A9+%E5%8F%B0%E5%8C%97%E5%8D%97%E4%BA%AC%E4%B8%80%E5%BA%97/data=!4m7!3m6!1s0x3442a9666e9f721d:0x8aefbd57ef6d5d45!8m2!3d25.0518598!4d121.5273867!16s%2Fg%2F11b7cqtsy0!19sChIJHXKfbmapQjQRRV1t71e974o?authuser=0&hl=zh-TW&rclk=1,0x3442a9666e9f721d:0x8aefbd57ef6d5d45
2659,陳思妤,4,4 年前,,2022-11-21,https://www.google.com.tw/maps/place/%E7%AF%89%E9%96%93%E5%B9%B8%E7%A6%8F%E9%8D%8B%E7%89%A9+%E5%8F%B0%E5%8C%97%E5%8D%97%E4%BA%AC%E4%B8%80%E5%BA%97/data=!4m7!3m6!1s0x3442a9666e9f721d:0x8aefbd57ef6d5d45!8m2!3d25.0518598!4d121.5273867!16s%2Fg%2F11b7cqtsy0!19sChIJHXKfbmapQjQRRV1t71e974o?authuser=0&hl=zh-TW&rclk=1,0x3442a9666e9f721d:0x8aefbd57ef6d5d45
2660,Sara Sanchez,5,4 年前,,2022-11-21,https://www.google.com.tw/maps/place/%E7%AF%89%E9%96%93%E5%B9%B8%E7%A6%8F%E9%8D%8B%E7%89%A9+%E5%8F%B0%E5%8C%97%E5%8D%97%E4%BA%AC%E4%B8%80%E5%BA%97/data=!4m7!3m6!1s0x3442a9666e9f721d:0x8aefbd57ef6d5d45!8m2!3d25.0518598!4d121.5273867!16s%2Fg%2F11b7cqtsy0!19sChIJHXKfbmapQjQRRV1t71e974o?authuser=0&hl=zh-TW&rclk=1,0x3442a9666e9f721d:0x8aefbd57ef6d5d45
2661,Christina,4,4 年前,,2022-11-21,https://www.google.com.tw/maps/place/%E7%AF%89%E9%96%93%E5%B9%B8%E7%A6%8F%E9%8D%8B%E7%89%A9+%E5%8F%B0%E5%8C%97%E5%8D%97%E4%BA%AC%E4%B8%80%E5%BA%97/data=!4m7!3m6!1s0x3442a9666e9f721d:0x8aefbd57ef6d5d45!8m2!3d25.0518598!4d121.5273867!16s%2Fg%2F11b7cqtsy0!19sChIJHXKfbmapQjQRRV1t71e974o?authuser=0&hl=zh-TW&rclk=1,0x3442a9666e9f721d:0x8aefbd57ef6d5d45
2662,莊佳美,5,4 年前,,2022-11-21,https://www.google.com.tw/maps/place/%E7%AF%89%E9%96%93%E5%B9%B8%E7%A6%8F%E9%8D%8B%E7%89%A9+%E5%8F%B0%E5%8C%97%E5%8D%97%E4%BA%AC%E4%B8%80%E5%BA%97/data=!4m7!3m6!1s0x3442a9666e9f721d:0x8aefbd57ef6d5d45!8m2!3d25.0518598!4d121.5273867!16s%2Fg%2F11b7cqtsy0!19sChIJHXKfbmapQjQRRV1t71e974o?authuser=0&hl=zh-TW&rclk=1,0x3442a9666e9f721d:0x8aefbd57ef6d5d45
2663,Chun-Fang LAI,4,4 年前,"好吃乾淨

",2022-11-21,https://www.google.com.tw/maps/place/%E7%AF%89%E9%96%93%E5%B9%B8%E7%A6%8F%E9%8D%8B%E7%89%A9+%E5%8F%B0%E5%8C%97%E5%8D%97%E4%BA%AC%E4%B8%80%E5%BA%97/data=!4m7!3m6!1s0x3442a9666e9f721d:0x8aefbd57ef6d5d45!8m2!3d25.0518598!4d121.5273867!16s%2Fg%2F11b7cqtsy0!19sChIJHXKfbmapQjQRRV1t71e974o?authuser=0&hl=zh-TW&rclk=1,0x3442a9666e9f721d:0x8aefbd57ef6d5d45
2664,江煌煒,4,4 年前,"還好

",2022-11-21,https://www.google.com.tw/maps/place/%E7%AF%89%E9%96%93%E5%B9%B8%E7%A6%8F%E9%8D%8B%E7%89%A9+%E5%8F%B0%E5%8C%97%E5%8D%97%E4%BA%AC%E4%B8%80%E5%BA%97/data=!4m7!3m6!1s0x3442a9666e9f721d:0x8aefbd57ef6d5d45!8m2!3d25.0518598!4d121.5273867!16s%2Fg%2F11b7cqtsy0!19sChIJHXKfbmapQjQRRV1t71e974o?authuser=0&hl=zh-TW&rclk=1,0x3442a9666e9f721d:0x8aefbd57ef6d5d45
2665,龍馬先生,4,4 年前,,2022-11-21,https://www.google.com.tw/maps/place/%E7%AF%89%E9%96%93%E5%B9%B8%E7%A6%8F%E9%8D%8B%E7%89%A9+%E5%8F%B0%E5%8C%97%E5%8D%97%E4%BA%AC%E4%B8%80%E5%BA%97/data=!4m7!3m6!1s0x3442a9666e9f721d:0x8aefbd57ef6d5d45!8m2!3d25.0518598!4d121.5273867!16s%2Fg%2F11b7cqtsy0!19sChIJHXKfbmapQjQRRV1t71e974o?authuser=0&hl=zh-TW&rclk=1,0x3442a9666e9f721d:0x8aefbd57ef6d5d45
2666,黃敏熏,5,4 年前,,2022-11-21,https://www.google.com.tw/maps/place/%E7%AF%89%E9%96%93%E5%B9%B8%E7%A6%8F%E9%8D%8B%E7%89%A9+%E5%8F%B0%E5%8C%97%E5%8D%97%E4%BA%AC%E4%B8%80%E5%BA%97/data=!4m7!3m6!1s0x3442a9666e9f721d:0x8aefbd57ef6d5d45!8m2!3d25.0518598!4d121.5273867!16s%2Fg%2F11b7cqtsy0!19sChIJHXKfbmapQjQRRV1t71e974o?authuser=0&hl=zh-TW&rclk=1,0x3442a9666e9f721d:0x8aefbd57ef6d5d45
2667,Stella Lu (涵舍手工皂本舖),4,4 年前,"價格公道，東西實在，服務好

",2022-11-21,https://www.google.com.tw/maps/place/%E7%AF%89%E9%96%93%E5%B9%B8%E7%A6%8F%E9%8D%8B%E7%89%A9+%E5%8F%B0%E5%8C%97%E5%8D%97%E4%BA%AC%E4%B8%80%E5%BA%97/data=!4m7!3m6!1s0x3442a9666e9f721d:0x8aefbd57ef6d5d45!8m2!3d25.0518598!4d121.5273867!16s%2Fg%2F11b7cqtsy0!19sChIJHXKfbmapQjQRRV1t71e974o?authuser=0&hl=zh-TW&rclk=1,0x3442a9666e9f721d:0x8aefbd57ef6d5d45
2668,陳榮祥,4,4 年前,"食材新鮮 服務人員優 親切

",2022-11-21,https://www.google.com.tw/maps/place/%E7%AF%89%E9%96%93%E5%B9%B8%E7%A6%8F%E9%8D%8B%E7%89%A9+%E5%8F%B0%E5%8C%97%E5%8D%97%E4%BA%AC%E4%B8%80%E5%BA%97/data=!4m7!3m6!1s0x3442a9666e9f721d:0x8aefbd57ef6d5d45!8m2!3d25.0518598!4d121.5273867!16s%2Fg%2F11b7cqtsy0!19sChIJHXKfbmapQjQRRV1t71e974o?authuser=0&hl=zh-TW&rclk=1,0x3442a9666e9f721d:0x8aefbd57ef6d5d45
2669,張雅雯,5,4 年前,"肉質鮮嫩、菜色新鮮

",2022-11-21,https://www.google.com.tw/maps/place/%E7%AF%89%E9%96%93%E5%B9%B8%E7%A6%8F%E9%8D%8B%E7%89%A9+%E5%8F%B0%E5%8C%97%E5%8D%97%E4%BA%AC%E4%B8%80%E5%BA%97/data=!4m7!3m6!1s0x3442a9666e9f721d:0x8aefbd57ef6d5d45!8m2!3d25.0518598!4d121.5273867!16s%2Fg%2F11b7cqtsy0!19sChIJHXKfbmapQjQRRV1t71e974o?authuser=0&hl=zh-TW&rclk=1,0x3442a9666e9f721d:0x8aefbd57ef6d5d45
2670,陳如錦,4,4 年前,,2022-11-21,https://www.google.com.tw/maps/place/%E7%AF%89%E9%96%93%E5%B9%B8%E7%A6%8F%E9%8D%8B%E7%89%A9+%E5%8F%B0%E5%8C%97%E5%8D%97%E4%BA%AC%E4%B8%80%E5%BA%97/data=!4m7!3m6!1s0x3442a9666e9f721d:0x8aefbd57ef6d5d45!8m2!3d25.0518598!4d121.5273867!16s%2Fg%2F11b7cqtsy0!19sChIJHXKfbmapQjQRRV1t71e974o?authuser=0&hl=zh-TW&rclk=1,0x3442a9666e9f721d:0x8aefbd57ef6d5d45
2671,Sandra C,5,4 年前,,2022-11-21,https://www.google.com.tw/maps/place/%E7%AF%89%E9%96%93%E5%B9%B8%E7%A6%8F%E9%8D%8B%E7%89%A9+%E5%8F%B0%E5%8C%97%E5%8D%97%E4%BA%AC%E4%B8%80%E5%BA%97/data=!4m7!3m6!1s0x3442a9666e9f721d:0x8aefbd57ef6d5d45!8m2!3d25.0518598!4d121.5273867!16s%2Fg%2F11b7cqtsy0!19sChIJHXKfbmapQjQRRV1t71e974o?authuser=0&hl=zh-TW&rclk=1,0x3442a9666e9f721d:0x8aefbd57ef6d5d45
2672,楊家承,4,4 年前,,2022-11-21,https://www.google.com.tw/maps/place/%E7%AF%89%E9%96%93%E5%B9%B8%E7%A6%8F%E9%8D%8B%E7%89%A9+%E5%8F%B0%E5%8C%97%E5%8D%97%E4%BA%AC%E4%B8%80%E5%BA%97/data=!4m7!3m6!1s0x3442a9666e9f721d:0x8aefbd57ef6d5d45!8m2!3d25.0518598!4d121.5273867!16s%2Fg%2F11b7cqtsy0!19sChIJHXKfbmapQjQRRV1t71e974o?authuser=0&hl=zh-TW&rclk=1,0x3442a9666e9f721d:0x8aefbd57ef6d5d45
2673,wen yu chiang,5,4 年前,"築間分店中最喜歡的一家

",2022-11-21,https://www.google.com.tw/maps/place/%E7%AF%89%E9%96%93%E5%B9%B8%E7%A6%8F%E9%8D%8B%E7%89%A9+%E5%8F%B0%E5%8C%97%E5%8D%97%E4%BA%AC%E4%B8%80%E5%BA%97/data=!4m7!3m6!1s0x3442a9666e9f721d:0x8aefbd57ef6d5d45!8m2!3d25.0518598!4d121.5273867!16s%2Fg%2F11b7cqtsy0!19sChIJHXKfbmapQjQRRV1t71e974o?authuser=0&hl=zh-TW&rclk=1,0x3442a9666e9f721d:0x8aefbd57ef6d5d45
2674,Shing Zeng,1,4 年前,"結帳時有看到明細印出來，然而之後卻只給一張發票 ，根本不知道自己點多少錢  
希望結帳時可以給客人所點的餐點明細

",2022-11-21,https://www.google.com.tw/maps/place/%E7%AF%89%E9%96%93%E5%B9%B8%E7%A6%8F%E9%8D%8B%E7%89%A9+%E5%8F%B0%E5%8C%97%E5%8D%97%E4%BA%AC%E4%B8%80%E5%BA%97/data=!4m7!3m6!1s0x3442a9666e9f721d:0x8aefbd57ef6d5d45!8m2!3d25.0518598!4d121.5273867!16s%2Fg%2F11b7cqtsy0!19sChIJHXKfbmapQjQRRV1t71e974o?authuser=0&hl=zh-TW&rclk=1,0x3442a9666e9f721d:0x8aefbd57ef6d5d45
2675,Mikie Yang,5,4 年前,"吃了好幾次 便宜又好吃

",2022-11-21,https://www.google.com.tw/maps/place/%E7%AF%89%E9%96%93%E5%B9%B8%E7%A6%8F%E9%8D%8B%E7%89%A9+%E5%8F%B0%E5%8C%97%E5%8D%97%E4%BA%AC%E4%B8%80%E5%BA%97/data=!4m7!3m6!1s0x3442a9666e9f721d:0x8aefbd57ef6d5d45!8m2!3d25.0518598!4d121.5273867!16s%2Fg%2F11b7cqtsy0!19sChIJHXKfbmapQjQRRV1t71e974o?authuser=0&hl=zh-TW&rclk=1,0x3442a9666e9f721d:0x8aefbd57ef6d5d45
2676,許多,4,4 年前,"這家的石頭鍋  
沒有詢問要不要先炒肉就直接上鍋底了  
有點可惜，可能是員工也要吃飯了  
所以在服務上比較草率  
肉跟海鮮都無可挑惕  
很好吃 只要想吃鍋就會想到竹間  
推推

",2022-11-21,https://www.google.com.tw/maps/place/%E7%AF%89%E9%96%93%E5%B9%B8%E7%A6%8F%E9%8D%8B%E7%89%A9+%E5%8F%B0%E5%8C%97%E5%8D%97%E4%BA%AC%E4%B8%80%E5%BA%97/data=!4m7!3m6!1s0x3442a9666e9f721d:0x8aefbd57ef6d5d45!8m2!3d25.0518598!4d121.5273867!16s%2Fg%2F11b7cqtsy0!19sChIJHXKfbmapQjQRRV1t71e974o?authuser=0&hl=zh-TW&rclk=1,0x3442a9666e9f721d:0x8aefbd57ef6d5d45
2677,Yang Tina,1,4 年前,"服務態度非常需要加強!!!!!!  
剛開的時候滿喜歡的幾乎兩個禮拜會去吃一次!  
食材很不錯，東西又多，介紹了蠻多朋友去吃的!  
直到後來有幾次去吃服務態度非常不佳!  
讓我再也不進這一家店了。真的很可惜!  
1\. 有次跟家人去吃發現湯裡有衛生紙一樣的東西，跟服務員說還沒有很想要幫我們換的意思。  
2\.
隔了一個禮拜去吃，上菜速度慢，又一直趕我們吃，明明時間就還沒到就因為有一組客人在等。上甜點時，桌子都還是剛吃完的碗盤也不幫我們收。根本沒有地方擺，還要我們自己收桌子?!  
打電話給櫃公司的客服就隨隨便便道歉好像一點關係都沒有一樣，我就決定再也不來吃了!!

",2022-11-21,https://www.google.com.tw/maps/place/%E7%AF%89%E9%96%93%E5%B9%B8%E7%A6%8F%E9%8D%8B%E7%89%A9+%E5%8F%B0%E5%8C%97%E5%8D%97%E4%BA%AC%E4%B8%80%E5%BA%97/data=!4m7!3m6!1s0x3442a9666e9f721d:0x8aefbd57ef6d5d45!8m2!3d25.0518598!4d121.5273867!16s%2Fg%2F11b7cqtsy0!19sChIJHXKfbmapQjQRRV1t71e974o?authuser=0&hl=zh-TW&rclk=1,0x3442a9666e9f721d:0x8aefbd57ef6d5d45
2678,Linda Wang,2,4 年前,"火鍋實在不太喜歡吃那麼趕，料理覺得很普通，用餐的時候器皿不是很齊全，並沒有隨時補上，造成要等候而乾脆不吃的念頭

",2022-11-21,https://www.google.com.tw/maps/place/%E7%AF%89%E9%96%93%E5%B9%B8%E7%A6%8F%E9%8D%8B%E7%89%A9+%E5%8F%B0%E5%8C%97%E5%8D%97%E4%BA%AC%E4%B8%80%E5%BA%97/data=!4m7!3m6!1s0x3442a9666e9f721d:0x8aefbd57ef6d5d45!8m2!3d25.0518598!4d121.5273867!16s%2Fg%2F11b7cqtsy0!19sChIJHXKfbmapQjQRRV1t71e974o?authuser=0&hl=zh-TW&rclk=1,0x3442a9666e9f721d:0x8aefbd57ef6d5d45
2679,jyun-yuan siao,5,4 年前,"CP優不錯

",2022-11-21,https://www.google.com.tw/maps/place/%E7%AF%89%E9%96%93%E5%B9%B8%E7%A6%8F%E9%8D%8B%E7%89%A9+%E5%8F%B0%E5%8C%97%E5%8D%97%E4%BA%AC%E4%B8%80%E5%BA%97/data=!4m7!3m6!1s0x3442a9666e9f721d:0x8aefbd57ef6d5d45!8m2!3d25.0518598!4d121.5273867!16s%2Fg%2F11b7cqtsy0!19sChIJHXKfbmapQjQRRV1t71e974o?authuser=0&hl=zh-TW&rclk=1,0x3442a9666e9f721d:0x8aefbd57ef6d5d45
2680,烠珛,5,4 年前,"(由 Google 提供翻譯)
非常推薦他們的牛奶鍋，雖然要額外加50元，但是物超所值，上面還有小菇菇漂浮著，增添湯頭的鮮美，而且如果要求加湯的話，服務生也不是像外面一樣加高湯，沖淡牛奶的鮮甜，而是貨真價實的加入牛奶湯。另外對於他們所送上來的肉類餐點，除了滿足口腹之欲外，也是視覺的享受，像我朋友點的是牛肉，他的擺盤便將牛肉捲成一朵花，遠看就像是玫瑰一樣，而我點的雞腿肉，還可以配蛤蜊或魚肉，送上來非常大一份。另外醬料的部分，因為我個人非常嗜辣，難得有火鍋店的辣椒讓我覺得會辣，非常喜歡。對了，當天用餐時間並非在正餐時間，大概1：30吧，但是店內還是有很多人在用餐，我們是剛好有位子才坐進去，嗯，非常幸運，所以建議如果要來用餐的話要先預約。另外，這家店離松江南京捷運站有一小段距離，所以不論是用餐前的運動，或是用餐後的消食，這點距離的缺點我覺得是還Ok的。  
  
(原始評論)  
非常推薦他們的牛奶鍋，雖然要額外加50元，但是物超所值，上面還有小菇菇漂浮著，增添湯頭的鮮美，而且如果要求加湯的話，服務生也不是像外面一樣加高湯，沖淡牛奶的鮮甜，而是貨真價實的加入牛奶湯。另外對於他們所送上來的肉類餐點，除了滿足口腹之欲外，也是視覺的享受，像我朋友點的是牛肉，他的擺盤便將牛肉卷成一朵花，遠看就像是玫瑰一樣，而我點的雞腿肉，還可以配蛤蜊或魚肉，送上來非常大一份。另外醬料的部分，因為我個人非常嗜辣，難得有火鍋店的辣椒讓我覺得會辣，非常喜歡。對了，當天用餐時間並非在正餐時間，大概1：30吧，但是店內還是有很多人在用餐，我們是剛好有位子才坐進去，嗯，非常幸運，所以建議如果要來用餐的話要先預約。另外，這家店離松江南京捷運站有一小段距離，所以不論是用餐前的運動，或是用餐後的消食，這點距離的缺點我覺得是還Ok的。

",2022-11-21,https://www.google.com.tw/maps/place/%E7%AF%89%E9%96%93%E5%B9%B8%E7%A6%8F%E9%8D%8B%E7%89%A9+%E5%8F%B0%E5%8C%97%E5%8D%97%E4%BA%AC%E4%B8%80%E5%BA%97/data=!4m7!3m6!1s0x3442a9666e9f721d:0x8aefbd57ef6d5d45!8m2!3d25.0518598!4d121.5273867!16s%2Fg%2F11b7cqtsy0!19sChIJHXKfbmapQjQRRV1t71e974o?authuser=0&hl=zh-TW&rclk=1,0x3442a9666e9f721d:0x8aefbd57ef6d5d45
2681,YY,5,4 年前,,2022-11-21,https://www.google.com.tw/maps/place/%E7%AF%89%E9%96%93%E5%B9%B8%E7%A6%8F%E9%8D%8B%E7%89%A9+%E5%8F%B0%E5%8C%97%E5%8D%97%E4%BA%AC%E4%B8%80%E5%BA%97/data=!4m7!3m6!1s0x3442a9666e9f721d:0x8aefbd57ef6d5d45!8m2!3d25.0518598!4d121.5273867!16s%2Fg%2F11b7cqtsy0!19sChIJHXKfbmapQjQRRV1t71e974o?authuser=0&hl=zh-TW&rclk=1,0x3442a9666e9f721d:0x8aefbd57ef6d5d45
2682,lorence chou,4,4 年前,"環境不錯

",2022-11-21,https://www.google.com.tw/maps/place/%E7%AF%89%E9%96%93%E5%B9%B8%E7%A6%8F%E9%8D%8B%E7%89%A9+%E5%8F%B0%E5%8C%97%E5%8D%97%E4%BA%AC%E4%B8%80%E5%BA%97/data=!4m7!3m6!1s0x3442a9666e9f721d:0x8aefbd57ef6d5d45!8m2!3d25.0518598!4d121.5273867!16s%2Fg%2F11b7cqtsy0!19sChIJHXKfbmapQjQRRV1t71e974o?authuser=0&hl=zh-TW&rclk=1,0x3442a9666e9f721d:0x8aefbd57ef6d5d45
2683,黃伊羚,5,4 年前,,2022-11-21,https://www.google.com.tw/maps/place/%E7%AF%89%E9%96%93%E5%B9%B8%E7%A6%8F%E9%8D%8B%E7%89%A9+%E5%8F%B0%E5%8C%97%E5%8D%97%E4%BA%AC%E4%B8%80%E5%BA%97/data=!4m7!3m6!1s0x3442a9666e9f721d:0x8aefbd57ef6d5d45!8m2!3d25.0518598!4d121.5273867!16s%2Fg%2F11b7cqtsy0!19sChIJHXKfbmapQjQRRV1t71e974o?authuser=0&hl=zh-TW&rclk=1,0x3442a9666e9f721d:0x8aefbd57ef6d5d45
2684,showlin lin,4,4 年前,"好吃的火鍋店

",2022-11-21,https://www.google.com.tw/maps/place/%E7%AF%89%E9%96%93%E5%B9%B8%E7%A6%8F%E9%8D%8B%E7%89%A9+%E5%8F%B0%E5%8C%97%E5%8D%97%E4%BA%AC%E4%B8%80%E5%BA%97/data=!4m7!3m6!1s0x3442a9666e9f721d:0x8aefbd57ef6d5d45!8m2!3d25.0518598!4d121.5273867!16s%2Fg%2F11b7cqtsy0!19sChIJHXKfbmapQjQRRV1t71e974o?authuser=0&hl=zh-TW&rclk=1,0x3442a9666e9f721d:0x8aefbd57ef6d5d45
2685,美萱syuan,3,4 年前,,2022-11-21,https://www.google.com.tw/maps/place/%E7%AF%89%E9%96%93%E5%B9%B8%E7%A6%8F%E9%8D%8B%E7%89%A9+%E5%8F%B0%E5%8C%97%E5%8D%97%E4%BA%AC%E4%B8%80%E5%BA%97/data=!4m7!3m6!1s0x3442a9666e9f721d:0x8aefbd57ef6d5d45!8m2!3d25.0518598!4d121.5273867!16s%2Fg%2F11b7cqtsy0!19sChIJHXKfbmapQjQRRV1t71e974o?authuser=0&hl=zh-TW&rclk=1,0x3442a9666e9f721d:0x8aefbd57ef6d5d45
2686,yy chen,4,4 年前,"蠻好吃的 不會太貴

",2022-11-21,https://www.google.com.tw/maps/place/%E7%AF%89%E9%96%93%E5%B9%B8%E7%A6%8F%E9%8D%8B%E7%89%A9+%E5%8F%B0%E5%8C%97%E5%8D%97%E4%BA%AC%E4%B8%80%E5%BA%97/data=!4m7!3m6!1s0x3442a9666e9f721d:0x8aefbd57ef6d5d45!8m2!3d25.0518598!4d121.5273867!16s%2Fg%2F11b7cqtsy0!19sChIJHXKfbmapQjQRRV1t71e974o?authuser=0&hl=zh-TW&rclk=1,0x3442a9666e9f721d:0x8aefbd57ef6d5d45
2687,CYU CYU,4,4 年前,"湯頭好喝，如果點石頭火鍋，可以要求先炒過肉或者爆香再倒入高湯，會更鮮美。  
  
雞腿肉超好吃，可以任選蛤蜊或鯛魚搭成組合(只有雞腿肉才有)，這CP超高啊～
海鮮也都頗新鮮，尤其是蛤蜊，濃濃海味，附餐的烏龍麵也不錯吃，Q彈有勁，還有提供無限制的明治冰淇淋&雀巢飲料。  
  
最後不得不稱讚一下他們的菜盤，難得有這種單點火鍋的菜盤讓我覺得用料實在，玉米是選用水果玉米，蟹肉棒很大一條跟一般包膜那種不一樣，內附兩隻新鮮白蝦… 等  
  
總之，這是我個人全部吃完還覺得很滿足的菜盤，大推

",2022-11-21,https://www.google.com.tw/maps/place/%E7%AF%89%E9%96%93%E5%B9%B8%E7%A6%8F%E9%8D%8B%E7%89%A9+%E5%8F%B0%E5%8C%97%E5%8D%97%E4%BA%AC%E4%B8%80%E5%BA%97/data=!4m7!3m6!1s0x3442a9666e9f721d:0x8aefbd57ef6d5d45!8m2!3d25.0518598!4d121.5273867!16s%2Fg%2F11b7cqtsy0!19sChIJHXKfbmapQjQRRV1t71e974o?authuser=0&hl=zh-TW&rclk=1,0x3442a9666e9f721d:0x8aefbd57ef6d5d45
2688,曾文枝（花花）,5,4 年前,,2022-11-21,https://www.google.com.tw/maps/place/%E7%AF%89%E9%96%93%E5%B9%B8%E7%A6%8F%E9%8D%8B%E7%89%A9+%E5%8F%B0%E5%8C%97%E5%8D%97%E4%BA%AC%E4%B8%80%E5%BA%97/data=!4m7!3m6!1s0x3442a9666e9f721d:0x8aefbd57ef6d5d45!8m2!3d25.0518598!4d121.5273867!16s%2Fg%2F11b7cqtsy0!19sChIJHXKfbmapQjQRRV1t71e974o?authuser=0&hl=zh-TW&rclk=1,0x3442a9666e9f721d:0x8aefbd57ef6d5d45
2689,王銘祥,5,4 年前,"(由 Google 提供翻譯) 新鮮食材  
  
(原始評論)  
食材新鮮

",2022-11-21,https://www.google.com.tw/maps/place/%E7%AF%89%E9%96%93%E5%B9%B8%E7%A6%8F%E9%8D%8B%E7%89%A9+%E5%8F%B0%E5%8C%97%E5%8D%97%E4%BA%AC%E4%B8%80%E5%BA%97/data=!4m7!3m6!1s0x3442a9666e9f721d:0x8aefbd57ef6d5d45!8m2!3d25.0518598!4d121.5273867!16s%2Fg%2F11b7cqtsy0!19sChIJHXKfbmapQjQRRV1t71e974o?authuser=0&hl=zh-TW&rclk=1,0x3442a9666e9f721d:0x8aefbd57ef6d5d45
2690,鄭勝峰,4,4 年前,"偏高檔的涮涮鍋,食材新鮮氣氛佳~ ^^d

",2022-11-21,https://www.google.com.tw/maps/place/%E7%AF%89%E9%96%93%E5%B9%B8%E7%A6%8F%E9%8D%8B%E7%89%A9+%E5%8F%B0%E5%8C%97%E5%8D%97%E4%BA%AC%E4%B8%80%E5%BA%97/data=!4m7!3m6!1s0x3442a9666e9f721d:0x8aefbd57ef6d5d45!8m2!3d25.0518598!4d121.5273867!16s%2Fg%2F11b7cqtsy0!19sChIJHXKfbmapQjQRRV1t71e974o?authuser=0&hl=zh-TW&rclk=1,0x3442a9666e9f721d:0x8aefbd57ef6d5d45
2691,心羽,4,4 年前,,2022-11-21,https://www.google.com.tw/maps/place/%E7%AF%89%E9%96%93%E5%B9%B8%E7%A6%8F%E9%8D%8B%E7%89%A9+%E5%8F%B0%E5%8C%97%E5%8D%97%E4%BA%AC%E4%B8%80%E5%BA%97/data=!4m7!3m6!1s0x3442a9666e9f721d:0x8aefbd57ef6d5d45!8m2!3d25.0518598!4d121.5273867!16s%2Fg%2F11b7cqtsy0!19sChIJHXKfbmapQjQRRV1t71e974o?authuser=0&hl=zh-TW&rclk=1,0x3442a9666e9f721d:0x8aefbd57ef6d5d45
2692,Marseus,5,5 年前,"湯頭很棒尤其牛奶鍋，配料豐富，肉也是十分豪邁的份量

",2022-11-21,https://www.google.com.tw/maps/place/%E7%AF%89%E9%96%93%E5%B9%B8%E7%A6%8F%E9%8D%8B%E7%89%A9+%E5%8F%B0%E5%8C%97%E5%8D%97%E4%BA%AC%E4%B8%80%E5%BA%97/data=!4m7!3m6!1s0x3442a9666e9f721d:0x8aefbd57ef6d5d45!8m2!3d25.0518598!4d121.5273867!16s%2Fg%2F11b7cqtsy0!19sChIJHXKfbmapQjQRRV1t71e974o?authuser=0&hl=zh-TW&rclk=1,0x3442a9666e9f721d:0x8aefbd57ef6d5d45
2693,陳郁書,5,5 年前,"服務生親切，餐點好吃~便宜

",2022-11-21,https://www.google.com.tw/maps/place/%E7%AF%89%E9%96%93%E5%B9%B8%E7%A6%8F%E9%8D%8B%E7%89%A9+%E5%8F%B0%E5%8C%97%E5%8D%97%E4%BA%AC%E4%B8%80%E5%BA%97/data=!4m7!3m6!1s0x3442a9666e9f721d:0x8aefbd57ef6d5d45!8m2!3d25.0518598!4d121.5273867!16s%2Fg%2F11b7cqtsy0!19sChIJHXKfbmapQjQRRV1t71e974o?authuser=0&hl=zh-TW&rclk=1,0x3442a9666e9f721d:0x8aefbd57ef6d5d45
2694,Brian Lai,1,5 年前,"海鮮不是很新鮮，海鮮總匯裡面的蚵仔只有上面那顆是稍大一點的，其他的都凍縮成比葡萄乾大一些。蛤蜊有些是臭掉的。蝦子咬不動。  
服務態度還可以。

",2022-11-21,https://www.google.com.tw/maps/place/%E7%AF%89%E9%96%93%E5%B9%B8%E7%A6%8F%E9%8D%8B%E7%89%A9+%E5%8F%B0%E5%8C%97%E5%8D%97%E4%BA%AC%E4%B8%80%E5%BA%97/data=!4m7!3m6!1s0x3442a9666e9f721d:0x8aefbd57ef6d5d45!8m2!3d25.0518598!4d121.5273867!16s%2Fg%2F11b7cqtsy0!19sChIJHXKfbmapQjQRRV1t71e974o?authuser=0&hl=zh-TW&rclk=1,0x3442a9666e9f721d:0x8aefbd57ef6d5d45
2695,Kate Chang,4,5 年前,"服務不錯，火鍋也OK, 但限時90分鐘實在很趕，想悠哉聊天的不建議

",2022-11-21,https://www.google.com.tw/maps/place/%E7%AF%89%E9%96%93%E5%B9%B8%E7%A6%8F%E9%8D%8B%E7%89%A9+%E5%8F%B0%E5%8C%97%E5%8D%97%E4%BA%AC%E4%B8%80%E5%BA%97/data=!4m7!3m6!1s0x3442a9666e9f721d:0x8aefbd57ef6d5d45!8m2!3d25.0518598!4d121.5273867!16s%2Fg%2F11b7cqtsy0!19sChIJHXKfbmapQjQRRV1t71e974o?authuser=0&hl=zh-TW&rclk=1,0x3442a9666e9f721d:0x8aefbd57ef6d5d45
2696,賴建民,5,5 年前,"服務好，食材不錯，冰淇淋( muji)水準以上

",2022-11-21,https://www.google.com.tw/maps/place/%E7%AF%89%E9%96%93%E5%B9%B8%E7%A6%8F%E9%8D%8B%E7%89%A9+%E5%8F%B0%E5%8C%97%E5%8D%97%E4%BA%AC%E4%B8%80%E5%BA%97/data=!4m7!3m6!1s0x3442a9666e9f721d:0x8aefbd57ef6d5d45!8m2!3d25.0518598!4d121.5273867!16s%2Fg%2F11b7cqtsy0!19sChIJHXKfbmapQjQRRV1t71e974o?authuser=0&hl=zh-TW&rclk=1,0x3442a9666e9f721d:0x8aefbd57ef6d5d45
2697,黃郁傑,4,5 年前,,2022-11-21,https://www.google.com.tw/maps/place/%E7%AF%89%E9%96%93%E5%B9%B8%E7%A6%8F%E9%8D%8B%E7%89%A9+%E5%8F%B0%E5%8C%97%E5%8D%97%E4%BA%AC%E4%B8%80%E5%BA%97/data=!4m7!3m6!1s0x3442a9666e9f721d:0x8aefbd57ef6d5d45!8m2!3d25.0518598!4d121.5273867!16s%2Fg%2F11b7cqtsy0!19sChIJHXKfbmapQjQRRV1t71e974o?authuser=0&hl=zh-TW&rclk=1,0x3442a9666e9f721d:0x8aefbd57ef6d5d45
2698,ʕ ́•ᴥ•`ʔ妖精の国の住民（akukooo）,4,5 年前,"肉很好吃

",2022-11-21,https://www.google.com.tw/maps/place/%E7%AF%89%E9%96%93%E5%B9%B8%E7%A6%8F%E9%8D%8B%E7%89%A9+%E5%8F%B0%E5%8C%97%E5%8D%97%E4%BA%AC%E4%B8%80%E5%BA%97/data=!4m7!3m6!1s0x3442a9666e9f721d:0x8aefbd57ef6d5d45!8m2!3d25.0518598!4d121.5273867!16s%2Fg%2F11b7cqtsy0!19sChIJHXKfbmapQjQRRV1t71e974o?authuser=0&hl=zh-TW&rclk=1,0x3442a9666e9f721d:0x8aefbd57ef6d5d45
2699,Emily HSIUNG,5,5 年前,"好讚

",2022-11-21,https://www.google.com.tw/maps/place/%E7%AF%89%E9%96%93%E5%B9%B8%E7%A6%8F%E9%8D%8B%E7%89%A9+%E5%8F%B0%E5%8C%97%E5%8D%97%E4%BA%AC%E4%B8%80%E5%BA%97/data=!4m7!3m6!1s0x3442a9666e9f721d:0x8aefbd57ef6d5d45!8m2!3d25.0518598!4d121.5273867!16s%2Fg%2F11b7cqtsy0!19sChIJHXKfbmapQjQRRV1t71e974o?authuser=0&hl=zh-TW&rclk=1,0x3442a9666e9f721d:0x8aefbd57ef6d5d45
2700,Irene Chen,1,5 年前,"菜單給客人後都不用來點餐一直聊天，還要自己把菜單拿過去請他們點餐上菜，大半夜去也沒幾組客人，員工一直聊天不服務，然後旁邊有認識的朋友來就一直為他們服務加菜跟聊天，這是我看過最差勁的火鍋店還收我服務費，找錢也找錯根本心不在焉，絕對不會再去第二次(怒）如果有0分一定給0分

",2022-11-21,https://www.google.com.tw/maps/place/%E7%AF%89%E9%96%93%E5%B9%B8%E7%A6%8F%E9%8D%8B%E7%89%A9+%E5%8F%B0%E5%8C%97%E5%8D%97%E4%BA%AC%E4%B8%80%E5%BA%97/data=!4m7!3m6!1s0x3442a9666e9f721d:0x8aefbd57ef6d5d45!8m2!3d25.0518598!4d121.5273867!16s%2Fg%2F11b7cqtsy0!19sChIJHXKfbmapQjQRRV1t71e974o?authuser=0&hl=zh-TW&rclk=1,0x3442a9666e9f721d:0x8aefbd57ef6d5d45
2701,帶財看電影,4,5 年前,"這裡用餐環境還不錯，魚餃很好吃！花400多就吃很飽了。

",2022-11-21,https://www.google.com.tw/maps/place/%E7%AF%89%E9%96%93%E5%B9%B8%E7%A6%8F%E9%8D%8B%E7%89%A9+%E5%8F%B0%E5%8C%97%E5%8D%97%E4%BA%AC%E4%B8%80%E5%BA%97/data=!4m7!3m6!1s0x3442a9666e9f721d:0x8aefbd57ef6d5d45!8m2!3d25.0518598!4d121.5273867!16s%2Fg%2F11b7cqtsy0!19sChIJHXKfbmapQjQRRV1t71e974o?authuser=0&hl=zh-TW&rclk=1,0x3442a9666e9f721d:0x8aefbd57ef6d5d45
2702,Ikuo Nakajima,4,5 年前,"很好

",2022-11-21,https://www.google.com.tw/maps/place/%E7%AF%89%E9%96%93%E5%B9%B8%E7%A6%8F%E9%8D%8B%E7%89%A9+%E5%8F%B0%E5%8C%97%E5%8D%97%E4%BA%AC%E4%B8%80%E5%BA%97/data=!4m7!3m6!1s0x3442a9666e9f721d:0x8aefbd57ef6d5d45!8m2!3d25.0518598!4d121.5273867!16s%2Fg%2F11b7cqtsy0!19sChIJHXKfbmapQjQRRV1t71e974o?authuser=0&hl=zh-TW&rclk=1,0x3442a9666e9f721d:0x8aefbd57ef6d5d45
2703,林昱婷,5,5 年前,"cp值高，吃很飽

",2022-11-21,https://www.google.com.tw/maps/place/%E7%AF%89%E9%96%93%E5%B9%B8%E7%A6%8F%E9%8D%8B%E7%89%A9+%E5%8F%B0%E5%8C%97%E5%8D%97%E4%BA%AC%E4%B8%80%E5%BA%97/data=!4m7!3m6!1s0x3442a9666e9f721d:0x8aefbd57ef6d5d45!8m2!3d25.0518598!4d121.5273867!16s%2Fg%2F11b7cqtsy0!19sChIJHXKfbmapQjQRRV1t71e974o?authuser=0&hl=zh-TW&rclk=1,0x3442a9666e9f721d:0x8aefbd57ef6d5d45
2704,鄭老天,5,5 年前,"湯、料、冰淇淋都很棒！

",2022-11-21,https://www.google.com.tw/maps/place/%E7%AF%89%E9%96%93%E5%B9%B8%E7%A6%8F%E9%8D%8B%E7%89%A9+%E5%8F%B0%E5%8C%97%E5%8D%97%E4%BA%AC%E4%B8%80%E5%BA%97/data=!4m7!3m6!1s0x3442a9666e9f721d:0x8aefbd57ef6d5d45!8m2!3d25.0518598!4d121.5273867!16s%2Fg%2F11b7cqtsy0!19sChIJHXKfbmapQjQRRV1t71e974o?authuser=0&hl=zh-TW&rclk=1,0x3442a9666e9f721d:0x8aefbd57ef6d5d45
2705,H sing,2,5 年前,"星期日晚上7點來候位，小姐說大概等半小時～結果都過了一小時都還沒輪到......浪費客人時間。

",2022-11-21,https://www.google.com.tw/maps/place/%E7%AF%89%E9%96%93%E5%B9%B8%E7%A6%8F%E9%8D%8B%E7%89%A9+%E5%8F%B0%E5%8C%97%E5%8D%97%E4%BA%AC%E4%B8%80%E5%BA%97/data=!4m7!3m6!1s0x3442a9666e9f721d:0x8aefbd57ef6d5d45!8m2!3d25.0518598!4d121.5273867!16s%2Fg%2F11b7cqtsy0!19sChIJHXKfbmapQjQRRV1t71e974o?authuser=0&hl=zh-TW&rclk=1,0x3442a9666e9f721d:0x8aefbd57ef6d5d45
2706,alisa Bing,4,5 年前,"東西新鮮，份量大！坐位有點小

",2022-11-21,https://www.google.com.tw/maps/place/%E7%AF%89%E9%96%93%E5%B9%B8%E7%A6%8F%E9%8D%8B%E7%89%A9+%E5%8F%B0%E5%8C%97%E5%8D%97%E4%BA%AC%E4%B8%80%E5%BA%97/data=!4m7!3m6!1s0x3442a9666e9f721d:0x8aefbd57ef6d5d45!8m2!3d25.0518598!4d121.5273867!16s%2Fg%2F11b7cqtsy0!19sChIJHXKfbmapQjQRRV1t71e974o?authuser=0&hl=zh-TW&rclk=1,0x3442a9666e9f721d:0x8aefbd57ef6d5d45
2707,Nanablue,4,5 年前,"一樓二樓都常去，我喜歡二樓比較大  
肉份量蠻大份  
但有一次點海鮮，鮮蚵不新鮮，有臭味還爛爛的  
嚇到我們從那次以後都不敢點海鮮類

",2022-11-21,https://www.google.com.tw/maps/place/%E7%AF%89%E9%96%93%E5%B9%B8%E7%A6%8F%E9%8D%8B%E7%89%A9+%E5%8F%B0%E5%8C%97%E5%8D%97%E4%BA%AC%E4%B8%80%E5%BA%97/data=!4m7!3m6!1s0x3442a9666e9f721d:0x8aefbd57ef6d5d45!8m2!3d25.0518598!4d121.5273867!16s%2Fg%2F11b7cqtsy0!19sChIJHXKfbmapQjQRRV1t71e974o?authuser=0&hl=zh-TW&rclk=1,0x3442a9666e9f721d:0x8aefbd57ef6d5d45
2708,Ting Hui Sung,4,5 年前,"這次吃2F的築間，整體不錯，下次會想吃其他海鮮鍋。  
優點:石頭鍋的湯頭超讚，霜降牛肉質有咬勁，雪花牛滑嫩，鮭魚份量好多  
缺點:全身火鍋味，服務人員無表情但很勤快

",2022-11-21,https://www.google.com.tw/maps/place/%E7%AF%89%E9%96%93%E5%B9%B8%E7%A6%8F%E9%8D%8B%E7%89%A9+%E5%8F%B0%E5%8C%97%E5%8D%97%E4%BA%AC%E4%B8%80%E5%BA%97/data=!4m7!3m6!1s0x3442a9666e9f721d:0x8aefbd57ef6d5d45!8m2!3d25.0518598!4d121.5273867!16s%2Fg%2F11b7cqtsy0!19sChIJHXKfbmapQjQRRV1t71e974o?authuser=0&hl=zh-TW&rclk=1,0x3442a9666e9f721d:0x8aefbd57ef6d5d45
2709,黃小姐Linda,3,5 年前,,2022-11-21,https://www.google.com.tw/maps/place/%E7%AF%89%E9%96%93%E5%B9%B8%E7%A6%8F%E9%8D%8B%E7%89%A9+%E5%8F%B0%E5%8C%97%E5%8D%97%E4%BA%AC%E4%B8%80%E5%BA%97/data=!4m7!3m6!1s0x3442a9666e9f721d:0x8aefbd57ef6d5d45!8m2!3d25.0518598!4d121.5273867!16s%2Fg%2F11b7cqtsy0!19sChIJHXKfbmapQjQRRV1t71e974o?authuser=0&hl=zh-TW&rclk=1,0x3442a9666e9f721d:0x8aefbd57ef6d5d45
2710,徐小狗,4,5 年前,"二樓空間寬敞，海鮮新鮮，肉質不錯，還有無限飲料(雀巢檸檬紅茶和奶茶)跟明治冰淇淋。  
牛奶鍋裡面還有加香菇，味道很香，可惜會越煮越鹹。

",2022-11-21,https://www.google.com.tw/maps/place/%E7%AF%89%E9%96%93%E5%B9%B8%E7%A6%8F%E9%8D%8B%E7%89%A9+%E5%8F%B0%E5%8C%97%E5%8D%97%E4%BA%AC%E4%B8%80%E5%BA%97/data=!4m7!3m6!1s0x3442a9666e9f721d:0x8aefbd57ef6d5d45!8m2!3d25.0518598!4d121.5273867!16s%2Fg%2F11b7cqtsy0!19sChIJHXKfbmapQjQRRV1t71e974o?authuser=0&hl=zh-TW&rclk=1,0x3442a9666e9f721d:0x8aefbd57ef6d5d45
2711,蟹,1,5 年前,"態度不好，好不好吃都一樣

",2022-11-21,https://www.google.com.tw/maps/place/%E7%AF%89%E9%96%93%E5%B9%B8%E7%A6%8F%E9%8D%8B%E7%89%A9+%E5%8F%B0%E5%8C%97%E5%8D%97%E4%BA%AC%E4%B8%80%E5%BA%97/data=!4m7!3m6!1s0x3442a9666e9f721d:0x8aefbd57ef6d5d45!8m2!3d25.0518598!4d121.5273867!16s%2Fg%2F11b7cqtsy0!19sChIJHXKfbmapQjQRRV1t71e974o?authuser=0&hl=zh-TW&rclk=1,0x3442a9666e9f721d:0x8aefbd57ef6d5d45
2712,黃婉瑜,4,5 年前,"巨蝦鍋吃的很過癮  
比起其他分店，南京店的冷氣不會太強，但冰淇淋和飲料種類比較少！

",2022-11-21,https://www.google.com.tw/maps/place/%E7%AF%89%E9%96%93%E5%B9%B8%E7%A6%8F%E9%8D%8B%E7%89%A9+%E5%8F%B0%E5%8C%97%E5%8D%97%E4%BA%AC%E4%B8%80%E5%BA%97/data=!4m7!3m6!1s0x3442a9666e9f721d:0x8aefbd57ef6d5d45!8m2!3d25.0518598!4d121.5273867!16s%2Fg%2F11b7cqtsy0!19sChIJHXKfbmapQjQRRV1t71e974o?authuser=0&hl=zh-TW&rclk=1,0x3442a9666e9f721d:0x8aefbd57ef6d5d45
2713,Dian-Yu Kuo,1,5 年前,"白飯送超慢，服務態度很差，還收服務費，冰淇淋冷凍還壞掉，吃融一半的冰淇淋

",2022-11-21,https://www.google.com.tw/maps/place/%E7%AF%89%E9%96%93%E5%B9%B8%E7%A6%8F%E9%8D%8B%E7%89%A9+%E5%8F%B0%E5%8C%97%E5%8D%97%E4%BA%AC%E4%B8%80%E5%BA%97/data=!4m7!3m6!1s0x3442a9666e9f721d:0x8aefbd57ef6d5d45!8m2!3d25.0518598!4d121.5273867!16s%2Fg%2F11b7cqtsy0!19sChIJHXKfbmapQjQRRV1t71e974o?authuser=0&hl=zh-TW&rclk=1,0x3442a9666e9f721d:0x8aefbd57ef6d5d45
2714,郭信然,1,5 年前,"蛤蜊全部都是沙子十分噁心

",2022-11-21,https://www.google.com.tw/maps/place/%E7%AF%89%E9%96%93%E5%B9%B8%E7%A6%8F%E9%8D%8B%E7%89%A9+%E5%8F%B0%E5%8C%97%E5%8D%97%E4%BA%AC%E4%B8%80%E5%BA%97/data=!4m7!3m6!1s0x3442a9666e9f721d:0x8aefbd57ef6d5d45!8m2!3d25.0518598!4d121.5273867!16s%2Fg%2F11b7cqtsy0!19sChIJHXKfbmapQjQRRV1t71e974o?authuser=0&hl=zh-TW&rclk=1,0x3442a9666e9f721d:0x8aefbd57ef6d5d45
2715,詹筑雲,4,5 年前,,2022-11-21,https://www.google.com.tw/maps/place/%E7%AF%89%E9%96%93%E5%B9%B8%E7%A6%8F%E9%8D%8B%E7%89%A9+%E5%8F%B0%E5%8C%97%E5%8D%97%E4%BA%AC%E4%B8%80%E5%BA%97/data=!4m7!3m6!1s0x3442a9666e9f721d:0x8aefbd57ef6d5d45!8m2!3d25.0518598!4d121.5273867!16s%2Fg%2F11b7cqtsy0!19sChIJHXKfbmapQjQRRV1t71e974o?authuser=0&hl=zh-TW&rclk=1,0x3442a9666e9f721d:0x8aefbd57ef6d5d45
2716,Inch Lin,5,5 年前,"昨天去用餐醬料區 有用風扇改善 服務品質好 環境乾淨 還有很多正妹會在這用餐

",2022-11-21,https://www.google.com.tw/maps/place/%E7%AF%89%E9%96%93%E5%B9%B8%E7%A6%8F%E9%8D%8B%E7%89%A9+%E5%8F%B0%E5%8C%97%E5%8D%97%E4%BA%AC%E4%B8%80%E5%BA%97/data=!4m7!3m6!1s0x3442a9666e9f721d:0x8aefbd57ef6d5d45!8m2!3d25.0518598!4d121.5273867!16s%2Fg%2F11b7cqtsy0!19sChIJHXKfbmapQjQRRV1t71e974o?authuser=0&hl=zh-TW&rclk=1,0x3442a9666e9f721d:0x8aefbd57ef6d5d45
2717,Cia Lin,4,5 年前,"太多商品都是高價位的了，但湯頭不錯！只是飲料選項有點少

",2022-11-21,https://www.google.com.tw/maps/place/%E7%AF%89%E9%96%93%E5%B9%B8%E7%A6%8F%E9%8D%8B%E7%89%A9+%E5%8F%B0%E5%8C%97%E5%8D%97%E4%BA%AC%E4%B8%80%E5%BA%97/data=!4m7!3m6!1s0x3442a9666e9f721d:0x8aefbd57ef6d5d45!8m2!3d25.0518598!4d121.5273867!16s%2Fg%2F11b7cqtsy0!19sChIJHXKfbmapQjQRRV1t71e974o?authuser=0&hl=zh-TW&rclk=1,0x3442a9666e9f721d:0x8aefbd57ef6d5d45
2718,翁文珠,3,5 年前,,2022-11-21,https://www.google.com.tw/maps/place/%E7%AF%89%E9%96%93%E5%B9%B8%E7%A6%8F%E9%8D%8B%E7%89%A9+%E5%8F%B0%E5%8C%97%E5%8D%97%E4%BA%AC%E4%B8%80%E5%BA%97/data=!4m7!3m6!1s0x3442a9666e9f721d:0x8aefbd57ef6d5d45!8m2!3d25.0518598!4d121.5273867!16s%2Fg%2F11b7cqtsy0!19sChIJHXKfbmapQjQRRV1t71e974o?authuser=0&hl=zh-TW&rclk=1,0x3442a9666e9f721d:0x8aefbd57ef6d5d45
2719,江傅銓桂,3,5 年前,,2022-11-21,https://www.google.com.tw/maps/place/%E7%AF%89%E9%96%93%E5%B9%B8%E7%A6%8F%E9%8D%8B%E7%89%A9+%E5%8F%B0%E5%8C%97%E5%8D%97%E4%BA%AC%E4%B8%80%E5%BA%97/data=!4m7!3m6!1s0x3442a9666e9f721d:0x8aefbd57ef6d5d45!8m2!3d25.0518598!4d121.5273867!16s%2Fg%2F11b7cqtsy0!19sChIJHXKfbmapQjQRRV1t71e974o?authuser=0&hl=zh-TW&rclk=1,0x3442a9666e9f721d:0x8aefbd57ef6d5d45
2720,Murphy Huang,3,5 年前,"等比較久，不過東西挺好吃的！

",2022-11-21,https://www.google.com.tw/maps/place/%E7%AF%89%E9%96%93%E5%B9%B8%E7%A6%8F%E9%8D%8B%E7%89%A9+%E5%8F%B0%E5%8C%97%E5%8D%97%E4%BA%AC%E4%B8%80%E5%BA%97/data=!4m7!3m6!1s0x3442a9666e9f721d:0x8aefbd57ef6d5d45!8m2!3d25.0518598!4d121.5273867!16s%2Fg%2F11b7cqtsy0!19sChIJHXKfbmapQjQRRV1t71e974o?authuser=0&hl=zh-TW&rclk=1,0x3442a9666e9f721d:0x8aefbd57ef6d5d45
2721,Xin,4,5 年前,"好吃火鍋 推薦和牛

",2022-11-21,https://www.google.com.tw/maps/place/%E7%AF%89%E9%96%93%E5%B9%B8%E7%A6%8F%E9%8D%8B%E7%89%A9+%E5%8F%B0%E5%8C%97%E5%8D%97%E4%BA%AC%E4%B8%80%E5%BA%97/data=!4m7!3m6!1s0x3442a9666e9f721d:0x8aefbd57ef6d5d45!8m2!3d25.0518598!4d121.5273867!16s%2Fg%2F11b7cqtsy0!19sChIJHXKfbmapQjQRRV1t71e974o?authuser=0&hl=zh-TW&rclk=1,0x3442a9666e9f721d:0x8aefbd57ef6d5d45
2722,Howard Chung,4,5 年前,"湯頭不錯 料也對的起價位

",2022-11-21,https://www.google.com.tw/maps/place/%E7%AF%89%E9%96%93%E5%B9%B8%E7%A6%8F%E9%8D%8B%E7%89%A9+%E5%8F%B0%E5%8C%97%E5%8D%97%E4%BA%AC%E4%B8%80%E5%BA%97/data=!4m7!3m6!1s0x3442a9666e9f721d:0x8aefbd57ef6d5d45!8m2!3d25.0518598!4d121.5273867!16s%2Fg%2F11b7cqtsy0!19sChIJHXKfbmapQjQRRV1t71e974o?authuser=0&hl=zh-TW&rclk=1,0x3442a9666e9f721d:0x8aefbd57ef6d5d45
2723,Neo Kang,4,5 年前,"就鍋物本身
算是值回票價，可惜是上菜很慢而且海鮮的鮮蚵卻不大OK！但是安格斯牛小排不錯嫩，好吃！有點奇怪的是服務人員反應、動作都很慢，而且行徑動線詭異，幸好不是吃到飽類的要一直走動。

",2022-11-21,https://www.google.com.tw/maps/place/%E7%AF%89%E9%96%93%E5%B9%B8%E7%A6%8F%E9%8D%8B%E7%89%A9+%E5%8F%B0%E5%8C%97%E5%8D%97%E4%BA%AC%E4%B8%80%E5%BA%97/data=!4m7!3m6!1s0x3442a9666e9f721d:0x8aefbd57ef6d5d45!8m2!3d25.0518598!4d121.5273867!16s%2Fg%2F11b7cqtsy0!19sChIJHXKfbmapQjQRRV1t71e974o?authuser=0&hl=zh-TW&rclk=1,0x3442a9666e9f721d:0x8aefbd57ef6d5d45
2724,linsanity,1,5 年前,"上次用餐經驗就不錯 怎麼這次9點半來 聽到要跟別人並桌 那麼客滿那麼忙就想說算了 帶位後才發現一半以上都是空桌 只是店員沒去收
然後我跟我女友兩位就跟另外兩位並桌坐在走道邊 全場只有我並桌然後後面來的就把空桌收給新客 是有什麼困難嗎

",2022-11-21,https://www.google.com.tw/maps/place/%E7%AF%89%E9%96%93%E5%B9%B8%E7%A6%8F%E9%8D%8B%E7%89%A9+%E5%8F%B0%E5%8C%97%E5%8D%97%E4%BA%AC%E4%B8%80%E5%BA%97/data=!4m7!3m6!1s0x3442a9666e9f721d:0x8aefbd57ef6d5d45!8m2!3d25.0518598!4d121.5273867!16s%2Fg%2F11b7cqtsy0!19sChIJHXKfbmapQjQRRV1t71e974o?authuser=0&hl=zh-TW&rclk=1,0x3442a9666e9f721d:0x8aefbd57ef6d5d45
2725,Johnny,3,5 年前,"食材是不錯，但服務人員人力不足，很難叫到服務員，冰淇淋被吃完，請他們換也拖很久才換，口味也不是換原本的，想吃的口味也沒吃到，除了這個其他都還可以

",2022-11-21,https://www.google.com.tw/maps/place/%E7%AF%89%E9%96%93%E5%B9%B8%E7%A6%8F%E9%8D%8B%E7%89%A9+%E5%8F%B0%E5%8C%97%E5%8D%97%E4%BA%AC%E4%B8%80%E5%BA%97/data=!4m7!3m6!1s0x3442a9666e9f721d:0x8aefbd57ef6d5d45!8m2!3d25.0518598!4d121.5273867!16s%2Fg%2F11b7cqtsy0!19sChIJHXKfbmapQjQRRV1t71e974o?authuser=0&hl=zh-TW&rclk=1,0x3442a9666e9f721d:0x8aefbd57ef6d5d45
2726,李小範,5,5 年前,,2022-11-21,https://www.google.com.tw/maps/place/%E7%AF%89%E9%96%93%E5%B9%B8%E7%A6%8F%E9%8D%8B%E7%89%A9+%E5%8F%B0%E5%8C%97%E5%8D%97%E4%BA%AC%E4%B8%80%E5%BA%97/data=!4m7!3m6!1s0x3442a9666e9f721d:0x8aefbd57ef6d5d45!8m2!3d25.0518598!4d121.5273867!16s%2Fg%2F11b7cqtsy0!19sChIJHXKfbmapQjQRRV1t71e974o?authuser=0&hl=zh-TW&rclk=1,0x3442a9666e9f721d:0x8aefbd57ef6d5d45
2727,陳信芳,4,5 年前,,2022-11-21,https://www.google.com.tw/maps/place/%E7%AF%89%E9%96%93%E5%B9%B8%E7%A6%8F%E9%8D%8B%E7%89%A9+%E5%8F%B0%E5%8C%97%E5%8D%97%E4%BA%AC%E4%B8%80%E5%BA%97/data=!4m7!3m6!1s0x3442a9666e9f721d:0x8aefbd57ef6d5d45!8m2!3d25.0518598!4d121.5273867!16s%2Fg%2F11b7cqtsy0!19sChIJHXKfbmapQjQRRV1t71e974o?authuser=0&hl=zh-TW&rclk=1,0x3442a9666e9f721d:0x8aefbd57ef6d5d45
2728,vivian,5,5 年前,"價格實在

",2022-11-21,https://www.google.com.tw/maps/place/%E7%AF%89%E9%96%93%E5%B9%B8%E7%A6%8F%E9%8D%8B%E7%89%A9+%E5%8F%B0%E5%8C%97%E5%8D%97%E4%BA%AC%E4%B8%80%E5%BA%97/data=!4m7!3m6!1s0x3442a9666e9f721d:0x8aefbd57ef6d5d45!8m2!3d25.0518598!4d121.5273867!16s%2Fg%2F11b7cqtsy0!19sChIJHXKfbmapQjQRRV1t71e974o?authuser=0&hl=zh-TW&rclk=1,0x3442a9666e9f721d:0x8aefbd57ef6d5d45
2729,呂雅筑,4,5 年前,,2022-11-21,https://www.google.com.tw/maps/place/%E7%AF%89%E9%96%93%E5%B9%B8%E7%A6%8F%E9%8D%8B%E7%89%A9+%E5%8F%B0%E5%8C%97%E5%8D%97%E4%BA%AC%E4%B8%80%E5%BA%97/data=!4m7!3m6!1s0x3442a9666e9f721d:0x8aefbd57ef6d5d45!8m2!3d25.0518598!4d121.5273867!16s%2Fg%2F11b7cqtsy0!19sChIJHXKfbmapQjQRRV1t71e974o?authuser=0&hl=zh-TW&rclk=1,0x3442a9666e9f721d:0x8aefbd57ef6d5d45
2730,真,4,5 年前,"吃很飽，牛奶湯不錯

",2022-11-21,https://www.google.com.tw/maps/place/%E7%AF%89%E9%96%93%E5%B9%B8%E7%A6%8F%E9%8D%8B%E7%89%A9+%E5%8F%B0%E5%8C%97%E5%8D%97%E4%BA%AC%E4%B8%80%E5%BA%97/data=!4m7!3m6!1s0x3442a9666e9f721d:0x8aefbd57ef6d5d45!8m2!3d25.0518598!4d121.5273867!16s%2Fg%2F11b7cqtsy0!19sChIJHXKfbmapQjQRRV1t71e974o?authuser=0&hl=zh-TW&rclk=1,0x3442a9666e9f721d:0x8aefbd57ef6d5d45
2731,Wayne Chen,5,5 年前,"菜盤不錯居然給2隻蝦！主食竟然有伊比俐豬覺得神奇！湯頭有石頭火鍋湯可以選，真的好喝，冰是明治冰淇淋有8種口味，飲料的選擇比臺中少，整體而言很優！

",2022-11-21,https://www.google.com.tw/maps/place/%E7%AF%89%E9%96%93%E5%B9%B8%E7%A6%8F%E9%8D%8B%E7%89%A9+%E5%8F%B0%E5%8C%97%E5%8D%97%E4%BA%AC%E4%B8%80%E5%BA%97/data=!4m7!3m6!1s0x3442a9666e9f721d:0x8aefbd57ef6d5d45!8m2!3d25.0518598!4d121.5273867!16s%2Fg%2F11b7cqtsy0!19sChIJHXKfbmapQjQRRV1t71e974o?authuser=0&hl=zh-TW&rclk=1,0x3442a9666e9f721d:0x8aefbd57ef6d5d45
2732,高榮駿,3,5 年前,,2022-11-21,https://www.google.com.tw/maps/place/%E7%AF%89%E9%96%93%E5%B9%B8%E7%A6%8F%E9%8D%8B%E7%89%A9+%E5%8F%B0%E5%8C%97%E5%8D%97%E4%BA%AC%E4%B8%80%E5%BA%97/data=!4m7!3m6!1s0x3442a9666e9f721d:0x8aefbd57ef6d5d45!8m2!3d25.0518598!4d121.5273867!16s%2Fg%2F11b7cqtsy0!19sChIJHXKfbmapQjQRRV1t71e974o?authuser=0&hl=zh-TW&rclk=1,0x3442a9666e9f721d:0x8aefbd57ef6d5d45
2733,Rosalind Lee,2,5 年前,"服務態度待加強，一樓的不能直接炒石頭鍋要注意，應該事前就先在網頁上公告，當天去就是想吃石頭鍋才去結果被告知無法現炒，蠻失望。魚拼盤不推薦，有些腥味太重，ㄧ吃就知道冷凍很久。

",2022-11-21,https://www.google.com.tw/maps/place/%E7%AF%89%E9%96%93%E5%B9%B8%E7%A6%8F%E9%8D%8B%E7%89%A9+%E5%8F%B0%E5%8C%97%E5%8D%97%E4%BA%AC%E4%B8%80%E5%BA%97/data=!4m7!3m6!1s0x3442a9666e9f721d:0x8aefbd57ef6d5d45!8m2!3d25.0518598!4d121.5273867!16s%2Fg%2F11b7cqtsy0!19sChIJHXKfbmapQjQRRV1t71e974o?authuser=0&hl=zh-TW&rclk=1,0x3442a9666e9f721d:0x8aefbd57ef6d5d45
2734,frank Wang,4,5 年前,,2022-11-21,https://www.google.com.tw/maps/place/%E7%AF%89%E9%96%93%E5%B9%B8%E7%A6%8F%E9%8D%8B%E7%89%A9+%E5%8F%B0%E5%8C%97%E5%8D%97%E4%BA%AC%E4%B8%80%E5%BA%97/data=!4m7!3m6!1s0x3442a9666e9f721d:0x8aefbd57ef6d5d45!8m2!3d25.0518598!4d121.5273867!16s%2Fg%2F11b7cqtsy0!19sChIJHXKfbmapQjQRRV1t71e974o?authuser=0&hl=zh-TW&rclk=1,0x3442a9666e9f721d:0x8aefbd57ef6d5d45
2735,Vi Vi,3,5 年前,"以價位來說，很一般。

",2022-11-21,https://www.google.com.tw/maps/place/%E7%AF%89%E9%96%93%E5%B9%B8%E7%A6%8F%E9%8D%8B%E7%89%A9+%E5%8F%B0%E5%8C%97%E5%8D%97%E4%BA%AC%E4%B8%80%E5%BA%97/data=!4m7!3m6!1s0x3442a9666e9f721d:0x8aefbd57ef6d5d45!8m2!3d25.0518598!4d121.5273867!16s%2Fg%2F11b7cqtsy0!19sChIJHXKfbmapQjQRRV1t71e974o?authuser=0&hl=zh-TW&rclk=1,0x3442a9666e9f721d:0x8aefbd57ef6d5d45
2736,Ming-Dao Liu,5,5 年前,"以最低價位的餐來說完勝其他連鎖店. 菜盤的海新新鮮度一流, 湯頭也好. 肉的品質也是沒話說.

",2022-11-21,https://www.google.com.tw/maps/place/%E7%AF%89%E9%96%93%E5%B9%B8%E7%A6%8F%E9%8D%8B%E7%89%A9+%E5%8F%B0%E5%8C%97%E5%8D%97%E4%BA%AC%E4%B8%80%E5%BA%97/data=!4m7!3m6!1s0x3442a9666e9f721d:0x8aefbd57ef6d5d45!8m2!3d25.0518598!4d121.5273867!16s%2Fg%2F11b7cqtsy0!19sChIJHXKfbmapQjQRRV1t71e974o?authuser=0&hl=zh-TW&rclk=1,0x3442a9666e9f721d:0x8aefbd57ef6d5d45
2737,吳婉庭,5,5 年前,,2022-11-21,https://www.google.com.tw/maps/place/%E7%AF%89%E9%96%93%E5%B9%B8%E7%A6%8F%E9%8D%8B%E7%89%A9+%E5%8F%B0%E5%8C%97%E5%8D%97%E4%BA%AC%E4%B8%80%E5%BA%97/data=!4m7!3m6!1s0x3442a9666e9f721d:0x8aefbd57ef6d5d45!8m2!3d25.0518598!4d121.5273867!16s%2Fg%2F11b7cqtsy0!19sChIJHXKfbmapQjQRRV1t71e974o?authuser=0&hl=zh-TW&rclk=1,0x3442a9666e9f721d:0x8aefbd57ef6d5d45
2738,張景揚,5,5 年前,"服務好 上菜快 食材佳 CP值佳

",2022-11-21,https://www.google.com.tw/maps/place/%E7%AF%89%E9%96%93%E5%B9%B8%E7%A6%8F%E9%8D%8B%E7%89%A9+%E5%8F%B0%E5%8C%97%E5%8D%97%E4%BA%AC%E4%B8%80%E5%BA%97/data=!4m7!3m6!1s0x3442a9666e9f721d:0x8aefbd57ef6d5d45!8m2!3d25.0518598!4d121.5273867!16s%2Fg%2F11b7cqtsy0!19sChIJHXKfbmapQjQRRV1t71e974o?authuser=0&hl=zh-TW&rclk=1,0x3442a9666e9f721d:0x8aefbd57ef6d5d45
2739,Weichiuan Liao,5,5 年前,,2022-11-21,https://www.google.com.tw/maps/place/%E7%AF%89%E9%96%93%E5%B9%B8%E7%A6%8F%E9%8D%8B%E7%89%A9+%E5%8F%B0%E5%8C%97%E5%8D%97%E4%BA%AC%E4%B8%80%E5%BA%97/data=!4m7!3m6!1s0x3442a9666e9f721d:0x8aefbd57ef6d5d45!8m2!3d25.0518598!4d121.5273867!16s%2Fg%2F11b7cqtsy0!19sChIJHXKfbmapQjQRRV1t71e974o?authuser=0&hl=zh-TW&rclk=1,0x3442a9666e9f721d:0x8aefbd57ef6d5d45
2740,黃Howard 軍皓,3,5 年前,,2022-11-21,https://www.google.com.tw/maps/place/%E7%AF%89%E9%96%93%E5%B9%B8%E7%A6%8F%E9%8D%8B%E7%89%A9+%E5%8F%B0%E5%8C%97%E5%8D%97%E4%BA%AC%E4%B8%80%E5%BA%97/data=!4m7!3m6!1s0x3442a9666e9f721d:0x8aefbd57ef6d5d45!8m2!3d25.0518598!4d121.5273867!16s%2Fg%2F11b7cqtsy0!19sChIJHXKfbmapQjQRRV1t71e974o?authuser=0&hl=zh-TW&rclk=1,0x3442a9666e9f721d:0x8aefbd57ef6d5d45
2741,Kuanchin chen,1,5 年前,"服務態度很差，結帳時與朋友要分開結，服務員說不行，原因是快要沒有零錢可以找，我們說要刷卡，他也說不行，因為系統設定不行，這間店服務品質真的有待加強。食材普普，冰淇淋感覺放很久了，如果不想花冤望錢，且吃得一肚子火的，要去用餐請三思。

",2022-11-21,https://www.google.com.tw/maps/place/%E7%AF%89%E9%96%93%E5%B9%B8%E7%A6%8F%E9%8D%8B%E7%89%A9+%E5%8F%B0%E5%8C%97%E5%8D%97%E4%BA%AC%E4%B8%80%E5%BA%97/data=!4m7!3m6!1s0x3442a9666e9f721d:0x8aefbd57ef6d5d45!8m2!3d25.0518598!4d121.5273867!16s%2Fg%2F11b7cqtsy0!19sChIJHXKfbmapQjQRRV1t71e974o?authuser=0&hl=zh-TW&rclk=1,0x3442a9666e9f721d:0x8aefbd57ef6d5d45
2742,陳成義,4,5 年前,,2022-11-21,https://www.google.com.tw/maps/place/%E7%AF%89%E9%96%93%E5%B9%B8%E7%A6%8F%E9%8D%8B%E7%89%A9+%E5%8F%B0%E5%8C%97%E5%8D%97%E4%BA%AC%E4%B8%80%E5%BA%97/data=!4m7!3m6!1s0x3442a9666e9f721d:0x8aefbd57ef6d5d45!8m2!3d25.0518598!4d121.5273867!16s%2Fg%2F11b7cqtsy0!19sChIJHXKfbmapQjQRRV1t71e974o?authuser=0&hl=zh-TW&rclk=1,0x3442a9666e9f721d:0x8aefbd57ef6d5d45
2743,陳yuki涵蓁,4,5 年前,"以價位上來說呢，還蠻值得吃的，而且又營業到凌晨4點耶

",2022-11-21,https://www.google.com.tw/maps/place/%E7%AF%89%E9%96%93%E5%B9%B8%E7%A6%8F%E9%8D%8B%E7%89%A9+%E5%8F%B0%E5%8C%97%E5%8D%97%E4%BA%AC%E4%B8%80%E5%BA%97/data=!4m7!3m6!1s0x3442a9666e9f721d:0x8aefbd57ef6d5d45!8m2!3d25.0518598!4d121.5273867!16s%2Fg%2F11b7cqtsy0!19sChIJHXKfbmapQjQRRV1t71e974o?authuser=0&hl=zh-TW&rclk=1,0x3442a9666e9f721d:0x8aefbd57ef6d5d45
2744,Joyce Chang,5,5 年前,,2022-11-21,https://www.google.com.tw/maps/place/%E7%AF%89%E9%96%93%E5%B9%B8%E7%A6%8F%E9%8D%8B%E7%89%A9+%E5%8F%B0%E5%8C%97%E5%8D%97%E4%BA%AC%E4%B8%80%E5%BA%97/data=!4m7!3m6!1s0x3442a9666e9f721d:0x8aefbd57ef6d5d45!8m2!3d25.0518598!4d121.5273867!16s%2Fg%2F11b7cqtsy0!19sChIJHXKfbmapQjQRRV1t71e974o?authuser=0&hl=zh-TW&rclk=1,0x3442a9666e9f721d:0x8aefbd57ef6d5d45
2745,Frank Wei,5,5 年前,,2022-11-21,https://www.google.com.tw/maps/place/%E7%AF%89%E9%96%93%E5%B9%B8%E7%A6%8F%E9%8D%8B%E7%89%A9+%E5%8F%B0%E5%8C%97%E5%8D%97%E4%BA%AC%E4%B8%80%E5%BA%97/data=!4m7!3m6!1s0x3442a9666e9f721d:0x8aefbd57ef6d5d45!8m2!3d25.0518598!4d121.5273867!16s%2Fg%2F11b7cqtsy0!19sChIJHXKfbmapQjQRRV1t71e974o?authuser=0&hl=zh-TW&rclk=1,0x3442a9666e9f721d:0x8aefbd57ef6d5d45
2746,Kuopao tsai,4,5 年前,,2022-11-21,https://www.google.com.tw/maps/place/%E7%AF%89%E9%96%93%E5%B9%B8%E7%A6%8F%E9%8D%8B%E7%89%A9+%E5%8F%B0%E5%8C%97%E5%8D%97%E4%BA%AC%E4%B8%80%E5%BA%97/data=!4m7!3m6!1s0x3442a9666e9f721d:0x8aefbd57ef6d5d45!8m2!3d25.0518598!4d121.5273867!16s%2Fg%2F11b7cqtsy0!19sChIJHXKfbmapQjQRRV1t71e974o?authuser=0&hl=zh-TW&rclk=1,0x3442a9666e9f721d:0x8aefbd57ef6d5d45
2747,Gary/小蝸 Xu,4,5 年前,,2022-11-21,https://www.google.com.tw/maps/place/%E7%AF%89%E9%96%93%E5%B9%B8%E7%A6%8F%E9%8D%8B%E7%89%A9+%E5%8F%B0%E5%8C%97%E5%8D%97%E4%BA%AC%E4%B8%80%E5%BA%97/data=!4m7!3m6!1s0x3442a9666e9f721d:0x8aefbd57ef6d5d45!8m2!3d25.0518598!4d121.5273867!16s%2Fg%2F11b7cqtsy0!19sChIJHXKfbmapQjQRRV1t71e974o?authuser=0&hl=zh-TW&rclk=1,0x3442a9666e9f721d:0x8aefbd57ef6d5d45
2748,金羽,3,5 年前,,2022-11-21,https://www.google.com.tw/maps/place/%E7%AF%89%E9%96%93%E5%B9%B8%E7%A6%8F%E9%8D%8B%E7%89%A9+%E5%8F%B0%E5%8C%97%E5%8D%97%E4%BA%AC%E4%B8%80%E5%BA%97/data=!4m7!3m6!1s0x3442a9666e9f721d:0x8aefbd57ef6d5d45!8m2!3d25.0518598!4d121.5273867!16s%2Fg%2F11b7cqtsy0!19sChIJHXKfbmapQjQRRV1t71e974o?authuser=0&hl=zh-TW&rclk=1,0x3442a9666e9f721d:0x8aefbd57ef6d5d45
2749,賴則銘,3,5 年前,"冰只有八格選擇 飲料也比較少選擇  
其他東西跟其他竹間差不多  
竹間讚讚 平價好吃火鍋

",2022-11-21,https://www.google.com.tw/maps/place/%E7%AF%89%E9%96%93%E5%B9%B8%E7%A6%8F%E9%8D%8B%E7%89%A9+%E5%8F%B0%E5%8C%97%E5%8D%97%E4%BA%AC%E4%B8%80%E5%BA%97/data=!4m7!3m6!1s0x3442a9666e9f721d:0x8aefbd57ef6d5d45!8m2!3d25.0518598!4d121.5273867!16s%2Fg%2F11b7cqtsy0!19sChIJHXKfbmapQjQRRV1t71e974o?authuser=0&hl=zh-TW&rclk=1,0x3442a9666e9f721d:0x8aefbd57ef6d5d45
2750,Rollin Calvin,1,5 年前,"打電話問時 說三點最後接客  
我們大老遠2點55到以後  
說三點我們收客  
但是用餐時間半個小時  
3點半就要請我們離開  
  
請問半個小時 是要吃三小火鍋？？？  
如果真的三點最後收客 只能吃到三點半也沒差  
阿我們打電話問的時候 不會事先告知嗎？？

",2022-11-21,https://www.google.com.tw/maps/place/%E7%AF%89%E9%96%93%E5%B9%B8%E7%A6%8F%E9%8D%8B%E7%89%A9+%E5%8F%B0%E5%8C%97%E5%8D%97%E4%BA%AC%E4%B8%80%E5%BA%97/data=!4m7!3m6!1s0x3442a9666e9f721d:0x8aefbd57ef6d5d45!8m2!3d25.0518598!4d121.5273867!16s%2Fg%2F11b7cqtsy0!19sChIJHXKfbmapQjQRRV1t71e974o?authuser=0&hl=zh-TW&rclk=1,0x3442a9666e9f721d:0x8aefbd57ef6d5d45
2751,Sue Music,5,5 年前,"環境很舒適  
明治冰淇淋無限提供  
價格合理

",2022-11-21,https://www.google.com.tw/maps/place/%E7%AF%89%E9%96%93%E5%B9%B8%E7%A6%8F%E9%8D%8B%E7%89%A9+%E5%8F%B0%E5%8C%97%E5%8D%97%E4%BA%AC%E4%B8%80%E5%BA%97/data=!4m7!3m6!1s0x3442a9666e9f721d:0x8aefbd57ef6d5d45!8m2!3d25.0518598!4d121.5273867!16s%2Fg%2F11b7cqtsy0!19sChIJHXKfbmapQjQRRV1t71e974o?authuser=0&hl=zh-TW&rclk=1,0x3442a9666e9f721d:0x8aefbd57ef6d5d45
2752,Sheena lee,5,5 年前,"Cp很高  
南京店不像台中會催促用餐 可以慢慢享用

",2022-11-21,https://www.google.com.tw/maps/place/%E7%AF%89%E9%96%93%E5%B9%B8%E7%A6%8F%E9%8D%8B%E7%89%A9+%E5%8F%B0%E5%8C%97%E5%8D%97%E4%BA%AC%E4%B8%80%E5%BA%97/data=!4m7!3m6!1s0x3442a9666e9f721d:0x8aefbd57ef6d5d45!8m2!3d25.0518598!4d121.5273867!16s%2Fg%2F11b7cqtsy0!19sChIJHXKfbmapQjQRRV1t71e974o?authuser=0&hl=zh-TW&rclk=1,0x3442a9666e9f721d:0x8aefbd57ef6d5d45
2753,卡卡羅特,3,5 年前,"鴨血不太入味，東西還算可以

",2022-11-21,https://www.google.com.tw/maps/place/%E7%AF%89%E9%96%93%E5%B9%B8%E7%A6%8F%E9%8D%8B%E7%89%A9+%E5%8F%B0%E5%8C%97%E5%8D%97%E4%BA%AC%E4%B8%80%E5%BA%97/data=!4m7!3m6!1s0x3442a9666e9f721d:0x8aefbd57ef6d5d45!8m2!3d25.0518598!4d121.5273867!16s%2Fg%2F11b7cqtsy0!19sChIJHXKfbmapQjQRRV1t71e974o?authuser=0&hl=zh-TW&rclk=1,0x3442a9666e9f721d:0x8aefbd57ef6d5d45
2754,詹皓崴,5,5 年前,"海鮮很新鮮

",2022-11-21,https://www.google.com.tw/maps/place/%E7%AF%89%E9%96%93%E5%B9%B8%E7%A6%8F%E9%8D%8B%E7%89%A9+%E5%8F%B0%E5%8C%97%E5%8D%97%E4%BA%AC%E4%B8%80%E5%BA%97/data=!4m7!3m6!1s0x3442a9666e9f721d:0x8aefbd57ef6d5d45!8m2!3d25.0518598!4d121.5273867!16s%2Fg%2F11b7cqtsy0!19sChIJHXKfbmapQjQRRV1t71e974o?authuser=0&hl=zh-TW&rclk=1,0x3442a9666e9f721d:0x8aefbd57ef6d5d45
2755,王朵立,3,5 年前,,2022-11-21,https://www.google.com.tw/maps/place/%E7%AF%89%E9%96%93%E5%B9%B8%E7%A6%8F%E9%8D%8B%E7%89%A9+%E5%8F%B0%E5%8C%97%E5%8D%97%E4%BA%AC%E4%B8%80%E5%BA%97/data=!4m7!3m6!1s0x3442a9666e9f721d:0x8aefbd57ef6d5d45!8m2!3d25.0518598!4d121.5273867!16s%2Fg%2F11b7cqtsy0!19sChIJHXKfbmapQjQRRV1t71e974o?authuser=0&hl=zh-TW&rclk=1,0x3442a9666e9f721d:0x8aefbd57ef6d5d45
2756,Ben,4,5 年前,"不錯

",2022-11-21,https://www.google.com.tw/maps/place/%E7%AF%89%E9%96%93%E5%B9%B8%E7%A6%8F%E9%8D%8B%E7%89%A9+%E5%8F%B0%E5%8C%97%E5%8D%97%E4%BA%AC%E4%B8%80%E5%BA%97/data=!4m7!3m6!1s0x3442a9666e9f721d:0x8aefbd57ef6d5d45!8m2!3d25.0518598!4d121.5273867!16s%2Fg%2F11b7cqtsy0!19sChIJHXKfbmapQjQRRV1t71e974o?authuser=0&hl=zh-TW&rclk=1,0x3442a9666e9f721d:0x8aefbd57ef6d5d45
2757,kai-peng Tsai,3,5 年前,"菜盤不錯  
肉盤還可以  
算是中價位等級的涮涮鍋  
南京店很擠!!  
位置有點小

",2022-11-21,https://www.google.com.tw/maps/place/%E7%AF%89%E9%96%93%E5%B9%B8%E7%A6%8F%E9%8D%8B%E7%89%A9+%E5%8F%B0%E5%8C%97%E5%8D%97%E4%BA%AC%E4%B8%80%E5%BA%97/data=!4m7!3m6!1s0x3442a9666e9f721d:0x8aefbd57ef6d5d45!8m2!3d25.0518598!4d121.5273867!16s%2Fg%2F11b7cqtsy0!19sChIJHXKfbmapQjQRRV1t71e974o?authuser=0&hl=zh-TW&rclk=1,0x3442a9666e9f721d:0x8aefbd57ef6d5d45
2758,Lay Ray,4,5 年前,,2022-11-21,https://www.google.com.tw/maps/place/%E7%AF%89%E9%96%93%E5%B9%B8%E7%A6%8F%E9%8D%8B%E7%89%A9+%E5%8F%B0%E5%8C%97%E5%8D%97%E4%BA%AC%E4%B8%80%E5%BA%97/data=!4m7!3m6!1s0x3442a9666e9f721d:0x8aefbd57ef6d5d45!8m2!3d25.0518598!4d121.5273867!16s%2Fg%2F11b7cqtsy0!19sChIJHXKfbmapQjQRRV1t71e974o?authuser=0&hl=zh-TW&rclk=1,0x3442a9666e9f721d:0x8aefbd57ef6d5d45
2759,抱走小羊,4,5 年前,,2022-11-21,https://www.google.com.tw/maps/place/%E7%AF%89%E9%96%93%E5%B9%B8%E7%A6%8F%E9%8D%8B%E7%89%A9+%E5%8F%B0%E5%8C%97%E5%8D%97%E4%BA%AC%E4%B8%80%E5%BA%97/data=!4m7!3m6!1s0x3442a9666e9f721d:0x8aefbd57ef6d5d45!8m2!3d25.0518598!4d121.5273867!16s%2Fg%2F11b7cqtsy0!19sChIJHXKfbmapQjQRRV1t71e974o?authuser=0&hl=zh-TW&rclk=1,0x3442a9666e9f721d:0x8aefbd57ef6d5d45
2760,Zoey Wang,5,5 年前,"(由 Google 提供翻譯) 好食，擺盤也有註意到，只是冷氣需要再強些  
  
(原始評論)  
好食，擺盤也有注意到，只是冷氣需要再強些

",2022-11-21,https://www.google.com.tw/maps/place/%E7%AF%89%E9%96%93%E5%B9%B8%E7%A6%8F%E9%8D%8B%E7%89%A9+%E5%8F%B0%E5%8C%97%E5%8D%97%E4%BA%AC%E4%B8%80%E5%BA%97/data=!4m7!3m6!1s0x3442a9666e9f721d:0x8aefbd57ef6d5d45!8m2!3d25.0518598!4d121.5273867!16s%2Fg%2F11b7cqtsy0!19sChIJHXKfbmapQjQRRV1t71e974o?authuser=0&hl=zh-TW&rclk=1,0x3442a9666e9f721d:0x8aefbd57ef6d5d45
2761,James Hsieh,3,5 年前,"(由 Google 提供翻譯) 普通  
  
(原始評論)  
Soso

",2022-11-21,https://www.google.com.tw/maps/place/%E7%AF%89%E9%96%93%E5%B9%B8%E7%A6%8F%E9%8D%8B%E7%89%A9+%E5%8F%B0%E5%8C%97%E5%8D%97%E4%BA%AC%E4%B8%80%E5%BA%97/data=!4m7!3m6!1s0x3442a9666e9f721d:0x8aefbd57ef6d5d45!8m2!3d25.0518598!4d121.5273867!16s%2Fg%2F11b7cqtsy0!19sChIJHXKfbmapQjQRRV1t71e974o?authuser=0&hl=zh-TW&rclk=1,0x3442a9666e9f721d:0x8aefbd57ef6d5d45
2762,William Lai,4,5 年前,"好吃

",2022-11-21,https://www.google.com.tw/maps/place/%E7%AF%89%E9%96%93%E5%B9%B8%E7%A6%8F%E9%8D%8B%E7%89%A9+%E5%8F%B0%E5%8C%97%E5%8D%97%E4%BA%AC%E4%B8%80%E5%BA%97/data=!4m7!3m6!1s0x3442a9666e9f721d:0x8aefbd57ef6d5d45!8m2!3d25.0518598!4d121.5273867!16s%2Fg%2F11b7cqtsy0!19sChIJHXKfbmapQjQRRV1t71e974o?authuser=0&hl=zh-TW&rclk=1,0x3442a9666e9f721d:0x8aefbd57ef6d5d45
2763,Ching-Wen,1,5 年前,"上菜速度非常慢 還是我們客人說了才端來肉 服務生還很驚訝的臉 還沒送來唷？ 隔壁桌比我們慢來也比我們慢點 送湯、菜、肉速度都比我們快
另外加點的也是我跟服務生提醒 這裡還要收1成服務費我有點不懂 只是幫你端菜加湯而已  
希望貴店可以注意出餐速度跟順序

",2022-11-21,https://www.google.com.tw/maps/place/%E7%AF%89%E9%96%93%E5%B9%B8%E7%A6%8F%E9%8D%8B%E7%89%A9+%E5%8F%B0%E5%8C%97%E5%8D%97%E4%BA%AC%E4%B8%80%E5%BA%97/data=!4m7!3m6!1s0x3442a9666e9f721d:0x8aefbd57ef6d5d45!8m2!3d25.0518598!4d121.5273867!16s%2Fg%2F11b7cqtsy0!19sChIJHXKfbmapQjQRRV1t71e974o?authuser=0&hl=zh-TW&rclk=1,0x3442a9666e9f721d:0x8aefbd57ef6d5d45
2764,Cathy Chien,5,5 年前,"超推雞腿肉

",2022-11-21,https://www.google.com.tw/maps/place/%E7%AF%89%E9%96%93%E5%B9%B8%E7%A6%8F%E9%8D%8B%E7%89%A9+%E5%8F%B0%E5%8C%97%E5%8D%97%E4%BA%AC%E4%B8%80%E5%BA%97/data=!4m7!3m6!1s0x3442a9666e9f721d:0x8aefbd57ef6d5d45!8m2!3d25.0518598!4d121.5273867!16s%2Fg%2F11b7cqtsy0!19sChIJHXKfbmapQjQRRV1t71e974o?authuser=0&hl=zh-TW&rclk=1,0x3442a9666e9f721d:0x8aefbd57ef6d5d45
2765,裕盛邱,1,5 年前,,2022-11-21,https://www.google.com.tw/maps/place/%E7%AF%89%E9%96%93%E5%B9%B8%E7%A6%8F%E9%8D%8B%E7%89%A9+%E5%8F%B0%E5%8C%97%E5%8D%97%E4%BA%AC%E4%B8%80%E5%BA%97/data=!4m7!3m6!1s0x3442a9666e9f721d:0x8aefbd57ef6d5d45!8m2!3d25.0518598!4d121.5273867!16s%2Fg%2F11b7cqtsy0!19sChIJHXKfbmapQjQRRV1t71e974o?authuser=0&hl=zh-TW&rclk=1,0x3442a9666e9f721d:0x8aefbd57ef6d5d45
2766,魏甄儀,4,5 年前,,2022-11-21,https://www.google.com.tw/maps/place/%E7%AF%89%E9%96%93%E5%B9%B8%E7%A6%8F%E9%8D%8B%E7%89%A9+%E5%8F%B0%E5%8C%97%E5%8D%97%E4%BA%AC%E4%B8%80%E5%BA%97/data=!4m7!3m6!1s0x3442a9666e9f721d:0x8aefbd57ef6d5d45!8m2!3d25.0518598!4d121.5273867!16s%2Fg%2F11b7cqtsy0!19sChIJHXKfbmapQjQRRV1t71e974o?authuser=0&hl=zh-TW&rclk=1,0x3442a9666e9f721d:0x8aefbd57ef6d5d45
2767,a meowm,4,5 年前,,2022-11-21,https://www.google.com.tw/maps/place/%E7%AF%89%E9%96%93%E5%B9%B8%E7%A6%8F%E9%8D%8B%E7%89%A9+%E5%8F%B0%E5%8C%97%E5%8D%97%E4%BA%AC%E4%B8%80%E5%BA%97/data=!4m7!3m6!1s0x3442a9666e9f721d:0x8aefbd57ef6d5d45!8m2!3d25.0518598!4d121.5273867!16s%2Fg%2F11b7cqtsy0!19sChIJHXKfbmapQjQRRV1t71e974o?authuser=0&hl=zh-TW&rclk=1,0x3442a9666e9f721d:0x8aefbd57ef6d5d45
2768,牛奶出行,3,5 年前,"「綜合魚片」跟「羊肉」很不推  
其他都還不錯  
冰淇淋提供吃到飽有八種口味是明治的  
感覺服務人員的福利不是很好  
都反映在對客人的態度上了

",2022-11-21,https://www.google.com.tw/maps/place/%E7%AF%89%E9%96%93%E5%B9%B8%E7%A6%8F%E9%8D%8B%E7%89%A9+%E5%8F%B0%E5%8C%97%E5%8D%97%E4%BA%AC%E4%B8%80%E5%BA%97/data=!4m7!3m6!1s0x3442a9666e9f721d:0x8aefbd57ef6d5d45!8m2!3d25.0518598!4d121.5273867!16s%2Fg%2F11b7cqtsy0!19sChIJHXKfbmapQjQRRV1t71e974o?authuser=0&hl=zh-TW&rclk=1,0x3442a9666e9f721d:0x8aefbd57ef6d5d45
2769,Jean Lin,1,5 年前,"打電話訂位被安排在角落的座位，旁邊就是廁所。人太多無法換座位，所以在煮青菜肉片時，要一邊配著廁所芳香劑。飲料有檸檬汁跟雀巢檸檬紅茶。檸檬汁一喝就知道都是化學製品。冰淇淋是明治，但很難吃，可能是台製的吧。點了安格斯牛小排，肉片跟青菜沒什麼特別，應該很多地方也有一樣的東西。很難叫到人幫忙加湯。廁所地板都溼答答的，蠻噁心的。整家店的動線跟座位都很奇怪，醬料區根本就在走道上，走動非常麻煩，還要小心不要碰撞到坐在旁邊的客人。因為坐在廁所旁邊，所有人都必須經過我們後面的走道才能去廁所，但走道又很狹小，同行坐走道的人真的衰！桌子黏黏的，如果真的去了這家餐廳，記得自己擦桌子喔！

",2022-11-21,https://www.google.com.tw/maps/place/%E7%AF%89%E9%96%93%E5%B9%B8%E7%A6%8F%E9%8D%8B%E7%89%A9+%E5%8F%B0%E5%8C%97%E5%8D%97%E4%BA%AC%E4%B8%80%E5%BA%97/data=!4m7!3m6!1s0x3442a9666e9f721d:0x8aefbd57ef6d5d45!8m2!3d25.0518598!4d121.5273867!16s%2Fg%2F11b7cqtsy0!19sChIJHXKfbmapQjQRRV1t71e974o?authuser=0&hl=zh-TW&rclk=1,0x3442a9666e9f721d:0x8aefbd57ef6d5d45
2770,Ken Lin,5,5 年前,"很適合聚餐的地方

",2022-11-21,https://www.google.com.tw/maps/place/%E7%AF%89%E9%96%93%E5%B9%B8%E7%A6%8F%E9%8D%8B%E7%89%A9+%E5%8F%B0%E5%8C%97%E5%8D%97%E4%BA%AC%E4%B8%80%E5%BA%97/data=!4m7!3m6!1s0x3442a9666e9f721d:0x8aefbd57ef6d5d45!8m2!3d25.0518598!4d121.5273867!16s%2Fg%2F11b7cqtsy0!19sChIJHXKfbmapQjQRRV1t71e974o?authuser=0&hl=zh-TW&rclk=1,0x3442a9666e9f721d:0x8aefbd57ef6d5d45
2771,林晴雯,4,5 年前,"原本看評價擔心服務態度，但當天並無有任何服務不佳的問題。餐點平價，份量足夠。當天六人坐一桌很剛好！環境乾淨。

",2022-11-21,https://www.google.com.tw/maps/place/%E7%AF%89%E9%96%93%E5%B9%B8%E7%A6%8F%E9%8D%8B%E7%89%A9+%E5%8F%B0%E5%8C%97%E5%8D%97%E4%BA%AC%E4%B8%80%E5%BA%97/data=!4m7!3m6!1s0x3442a9666e9f721d:0x8aefbd57ef6d5d45!8m2!3d25.0518598!4d121.5273867!16s%2Fg%2F11b7cqtsy0!19sChIJHXKfbmapQjQRRV1t71e974o?authuser=0&hl=zh-TW&rclk=1,0x3442a9666e9f721d:0x8aefbd57ef6d5d45
2772,vito huang,4,5 年前,,2022-11-21,https://www.google.com.tw/maps/place/%E7%AF%89%E9%96%93%E5%B9%B8%E7%A6%8F%E9%8D%8B%E7%89%A9+%E5%8F%B0%E5%8C%97%E5%8D%97%E4%BA%AC%E4%B8%80%E5%BA%97/data=!4m7!3m6!1s0x3442a9666e9f721d:0x8aefbd57ef6d5d45!8m2!3d25.0518598!4d121.5273867!16s%2Fg%2F11b7cqtsy0!19sChIJHXKfbmapQjQRRV1t71e974o?authuser=0&hl=zh-TW&rclk=1,0x3442a9666e9f721d:0x8aefbd57ef6d5d45
2773,Eber Chen (Eber),5,5 年前,"北市難得一見的高CP 值餐廳，價位中下/ 餐點卻非常豐富，人潮偏多建議預約，離峰前往

",2022-11-21,https://www.google.com.tw/maps/place/%E7%AF%89%E9%96%93%E5%B9%B8%E7%A6%8F%E9%8D%8B%E7%89%A9+%E5%8F%B0%E5%8C%97%E5%8D%97%E4%BA%AC%E4%B8%80%E5%BA%97/data=!4m7!3m6!1s0x3442a9666e9f721d:0x8aefbd57ef6d5d45!8m2!3d25.0518598!4d121.5273867!16s%2Fg%2F11b7cqtsy0!19sChIJHXKfbmapQjQRRV1t71e974o?authuser=0&hl=zh-TW&rclk=1,0x3442a9666e9f721d:0x8aefbd57ef6d5d45
2774,Eddie F (Astill),4,5 年前,,2022-11-21,https://www.google.com.tw/maps/place/%E7%AF%89%E9%96%93%E5%B9%B8%E7%A6%8F%E9%8D%8B%E7%89%A9+%E5%8F%B0%E5%8C%97%E5%8D%97%E4%BA%AC%E4%B8%80%E5%BA%97/data=!4m7!3m6!1s0x3442a9666e9f721d:0x8aefbd57ef6d5d45!8m2!3d25.0518598!4d121.5273867!16s%2Fg%2F11b7cqtsy0!19sChIJHXKfbmapQjQRRV1t71e974o?authuser=0&hl=zh-TW&rclk=1,0x3442a9666e9f721d:0x8aefbd57ef6d5d45
2775,陳韋宏,5,5 年前,,2022-11-21,https://www.google.com.tw/maps/place/%E7%AF%89%E9%96%93%E5%B9%B8%E7%A6%8F%E9%8D%8B%E7%89%A9+%E5%8F%B0%E5%8C%97%E5%8D%97%E4%BA%AC%E4%B8%80%E5%BA%97/data=!4m7!3m6!1s0x3442a9666e9f721d:0x8aefbd57ef6d5d45!8m2!3d25.0518598!4d121.5273867!16s%2Fg%2F11b7cqtsy0!19sChIJHXKfbmapQjQRRV1t71e974o?authuser=0&hl=zh-TW&rclk=1,0x3442a9666e9f721d:0x8aefbd57ef6d5d45
2776,東京牛角董俊良,3,5 年前,"沒有高cp值餐點，服務屬於中上程度，還有進步空間

",2022-11-21,https://www.google.com.tw/maps/place/%E7%AF%89%E9%96%93%E5%B9%B8%E7%A6%8F%E9%8D%8B%E7%89%A9+%E5%8F%B0%E5%8C%97%E5%8D%97%E4%BA%AC%E4%B8%80%E5%BA%97/data=!4m7!3m6!1s0x3442a9666e9f721d:0x8aefbd57ef6d5d45!8m2!3d25.0518598!4d121.5273867!16s%2Fg%2F11b7cqtsy0!19sChIJHXKfbmapQjQRRV1t71e974o?authuser=0&hl=zh-TW&rclk=1,0x3442a9666e9f721d:0x8aefbd57ef6d5d45
2777,劉育禎,3,5 年前,"火鍋肉份量很夠但是菜部分較少，服務人員態度很差，食物部分我會給他5顆星，但人員服務只會給一顆星。

",2022-11-21,https://www.google.com.tw/maps/place/%E7%AF%89%E9%96%93%E5%B9%B8%E7%A6%8F%E9%8D%8B%E7%89%A9+%E5%8F%B0%E5%8C%97%E5%8D%97%E4%BA%AC%E4%B8%80%E5%BA%97/data=!4m7!3m6!1s0x3442a9666e9f721d:0x8aefbd57ef6d5d45!8m2!3d25.0518598!4d121.5273867!16s%2Fg%2F11b7cqtsy0!19sChIJHXKfbmapQjQRRV1t71e974o?authuser=0&hl=zh-TW&rclk=1,0x3442a9666e9f721d:0x8aefbd57ef6d5d45
2778,陳煥育,5,5 年前,"好吃，環境好

",2022-11-21,https://www.google.com.tw/maps/place/%E7%AF%89%E9%96%93%E5%B9%B8%E7%A6%8F%E9%8D%8B%E7%89%A9+%E5%8F%B0%E5%8C%97%E5%8D%97%E4%BA%AC%E4%B8%80%E5%BA%97/data=!4m7!3m6!1s0x3442a9666e9f721d:0x8aefbd57ef6d5d45!8m2!3d25.0518598!4d121.5273867!16s%2Fg%2F11b7cqtsy0!19sChIJHXKfbmapQjQRRV1t71e974o?authuser=0&hl=zh-TW&rclk=1,0x3442a9666e9f721d:0x8aefbd57ef6d5d45
2779,果汁,4,5 年前,,2022-11-21,https://www.google.com.tw/maps/place/%E7%AF%89%E9%96%93%E5%B9%B8%E7%A6%8F%E9%8D%8B%E7%89%A9+%E5%8F%B0%E5%8C%97%E5%8D%97%E4%BA%AC%E4%B8%80%E5%BA%97/data=!4m7!3m6!1s0x3442a9666e9f721d:0x8aefbd57ef6d5d45!8m2!3d25.0518598!4d121.5273867!16s%2Fg%2F11b7cqtsy0!19sChIJHXKfbmapQjQRRV1t71e974o?authuser=0&hl=zh-TW&rclk=1,0x3442a9666e9f721d:0x8aefbd57ef6d5d45
2780,Chin Chang,1,5 年前,,2022-11-21,https://www.google.com.tw/maps/place/%E7%AF%89%E9%96%93%E5%B9%B8%E7%A6%8F%E9%8D%8B%E7%89%A9+%E5%8F%B0%E5%8C%97%E5%8D%97%E4%BA%AC%E4%B8%80%E5%BA%97/data=!4m7!3m6!1s0x3442a9666e9f721d:0x8aefbd57ef6d5d45!8m2!3d25.0518598!4d121.5273867!16s%2Fg%2F11b7cqtsy0!19sChIJHXKfbmapQjQRRV1t71e974o?authuser=0&hl=zh-TW&rclk=1,0x3442a9666e9f721d:0x8aefbd57ef6d5d45
2781,花花,5,5 年前,,2022-11-21,https://www.google.com.tw/maps/place/%E7%AF%89%E9%96%93%E5%B9%B8%E7%A6%8F%E9%8D%8B%E7%89%A9+%E5%8F%B0%E5%8C%97%E5%8D%97%E4%BA%AC%E4%B8%80%E5%BA%97/data=!4m7!3m6!1s0x3442a9666e9f721d:0x8aefbd57ef6d5d45!8m2!3d25.0518598!4d121.5273867!16s%2Fg%2F11b7cqtsy0!19sChIJHXKfbmapQjQRRV1t71e974o?authuser=0&hl=zh-TW&rclk=1,0x3442a9666e9f721d:0x8aefbd57ef6d5d45
2782,白（小白）,2,5 年前,"菜盤品質不佳，服務人員不足，湯頭海鮮不錯，肉片太薄，屬高價位消費

",2022-11-21,https://www.google.com.tw/maps/place/%E7%AF%89%E9%96%93%E5%B9%B8%E7%A6%8F%E9%8D%8B%E7%89%A9+%E5%8F%B0%E5%8C%97%E5%8D%97%E4%BA%AC%E4%B8%80%E5%BA%97/data=!4m7!3m6!1s0x3442a9666e9f721d:0x8aefbd57ef6d5d45!8m2!3d25.0518598!4d121.5273867!16s%2Fg%2F11b7cqtsy0!19sChIJHXKfbmapQjQRRV1t71e974o?authuser=0&hl=zh-TW&rclk=1,0x3442a9666e9f721d:0x8aefbd57ef6d5d45
2783,larry yeh,4,5 年前,"比一般的涮涮鍋 精緻一些，當然 價錢也高一點，主餐食材 也有好一些，飲料、冰淇淋就一般，

",2022-11-21,https://www.google.com.tw/maps/place/%E7%AF%89%E9%96%93%E5%B9%B8%E7%A6%8F%E9%8D%8B%E7%89%A9+%E5%8F%B0%E5%8C%97%E5%8D%97%E4%BA%AC%E4%B8%80%E5%BA%97/data=!4m7!3m6!1s0x3442a9666e9f721d:0x8aefbd57ef6d5d45!8m2!3d25.0518598!4d121.5273867!16s%2Fg%2F11b7cqtsy0!19sChIJHXKfbmapQjQRRV1t71e974o?authuser=0&hl=zh-TW&rclk=1,0x3442a9666e9f721d:0x8aefbd57ef6d5d45
2784,apple mou,4,5 年前,"安靜

",2022-11-21,https://www.google.com.tw/maps/place/%E7%AF%89%E9%96%93%E5%B9%B8%E7%A6%8F%E9%8D%8B%E7%89%A9+%E5%8F%B0%E5%8C%97%E5%8D%97%E4%BA%AC%E4%B8%80%E5%BA%97/data=!4m7!3m6!1s0x3442a9666e9f721d:0x8aefbd57ef6d5d45!8m2!3d25.0518598!4d121.5273867!16s%2Fg%2F11b7cqtsy0!19sChIJHXKfbmapQjQRRV1t71e974o?authuser=0&hl=zh-TW&rclk=1,0x3442a9666e9f721d:0x8aefbd57ef6d5d45
2785,Mii Chang,3,5 年前,"湯頭不錯，肉品普通  
服務人員靈魂非常空洞  
詢問事情的時候他的眼神飄向遠方～  
有什麼心事說出來大家可以一起分擔呀～

",2022-11-21,https://www.google.com.tw/maps/place/%E7%AF%89%E9%96%93%E5%B9%B8%E7%A6%8F%E9%8D%8B%E7%89%A9+%E5%8F%B0%E5%8C%97%E5%8D%97%E4%BA%AC%E4%B8%80%E5%BA%97/data=!4m7!3m6!1s0x3442a9666e9f721d:0x8aefbd57ef6d5d45!8m2!3d25.0518598!4d121.5273867!16s%2Fg%2F11b7cqtsy0!19sChIJHXKfbmapQjQRRV1t71e974o?authuser=0&hl=zh-TW&rclk=1,0x3442a9666e9f721d:0x8aefbd57ef6d5d45
2786,Michelle Lai,4,5 年前,"海鮮很新鮮

",2022-11-21,https://www.google.com.tw/maps/place/%E7%AF%89%E9%96%93%E5%B9%B8%E7%A6%8F%E9%8D%8B%E7%89%A9+%E5%8F%B0%E5%8C%97%E5%8D%97%E4%BA%AC%E4%B8%80%E5%BA%97/data=!4m7!3m6!1s0x3442a9666e9f721d:0x8aefbd57ef6d5d45!8m2!3d25.0518598!4d121.5273867!16s%2Fg%2F11b7cqtsy0!19sChIJHXKfbmapQjQRRV1t71e974o?authuser=0&hl=zh-TW&rclk=1,0x3442a9666e9f721d:0x8aefbd57ef6d5d45
2787,Gary Lin,4,5 年前,"裝潢優美，餐點好吃

",2022-11-21,https://www.google.com.tw/maps/place/%E7%AF%89%E9%96%93%E5%B9%B8%E7%A6%8F%E9%8D%8B%E7%89%A9+%E5%8F%B0%E5%8C%97%E5%8D%97%E4%BA%AC%E4%B8%80%E5%BA%97/data=!4m7!3m6!1s0x3442a9666e9f721d:0x8aefbd57ef6d5d45!8m2!3d25.0518598!4d121.5273867!16s%2Fg%2F11b7cqtsy0!19sChIJHXKfbmapQjQRRV1t71e974o?authuser=0&hl=zh-TW&rclk=1,0x3442a9666e9f721d:0x8aefbd57ef6d5d45
2788,moe toro,4,5 年前,"(由 Google 提供翻譯) 牛肉有點令人失望，但其他成分是艾克爾  
  
(原始評論)  
牛肉はちょっと残念ですが他の食材はイケル

",2022-11-21,https://www.google.com.tw/maps/place/%E7%AF%89%E9%96%93%E5%B9%B8%E7%A6%8F%E9%8D%8B%E7%89%A9+%E5%8F%B0%E5%8C%97%E5%8D%97%E4%BA%AC%E4%B8%80%E5%BA%97/data=!4m7!3m6!1s0x3442a9666e9f721d:0x8aefbd57ef6d5d45!8m2!3d25.0518598!4d121.5273867!16s%2Fg%2F11b7cqtsy0!19sChIJHXKfbmapQjQRRV1t71e974o?authuser=0&hl=zh-TW&rclk=1,0x3442a9666e9f721d:0x8aefbd57ef6d5d45
2789,Jerry Wang,4,5 年前,,2022-11-21,https://www.google.com.tw/maps/place/%E7%AF%89%E9%96%93%E5%B9%B8%E7%A6%8F%E9%8D%8B%E7%89%A9+%E5%8F%B0%E5%8C%97%E5%8D%97%E4%BA%AC%E4%B8%80%E5%BA%97/data=!4m7!3m6!1s0x3442a9666e9f721d:0x8aefbd57ef6d5d45!8m2!3d25.0518598!4d121.5273867!16s%2Fg%2F11b7cqtsy0!19sChIJHXKfbmapQjQRRV1t71e974o?authuser=0&hl=zh-TW&rclk=1,0x3442a9666e9f721d:0x8aefbd57ef6d5d45
2790,謝岳峰,4,5 年前,"環境很別緻，價值蠻親民的

",2022-11-21,https://www.google.com.tw/maps/place/%E7%AF%89%E9%96%93%E5%B9%B8%E7%A6%8F%E9%8D%8B%E7%89%A9+%E5%8F%B0%E5%8C%97%E5%8D%97%E4%BA%AC%E4%B8%80%E5%BA%97/data=!4m7!3m6!1s0x3442a9666e9f721d:0x8aefbd57ef6d5d45!8m2!3d25.0518598!4d121.5273867!16s%2Fg%2F11b7cqtsy0!19sChIJHXKfbmapQjQRRV1t71e974o?authuser=0&hl=zh-TW&rclk=1,0x3442a9666e9f721d:0x8aefbd57ef6d5d45
2791,陳風,4,5 年前,,2022-11-21,https://www.google.com.tw/maps/place/%E7%AF%89%E9%96%93%E5%B9%B8%E7%A6%8F%E9%8D%8B%E7%89%A9+%E5%8F%B0%E5%8C%97%E5%8D%97%E4%BA%AC%E4%B8%80%E5%BA%97/data=!4m7!3m6!1s0x3442a9666e9f721d:0x8aefbd57ef6d5d45!8m2!3d25.0518598!4d121.5273867!16s%2Fg%2F11b7cqtsy0!19sChIJHXKfbmapQjQRRV1t71e974o?authuser=0&hl=zh-TW&rclk=1,0x3442a9666e9f721d:0x8aefbd57ef6d5d45
2792,杜威豪,4,5 年前,,2022-11-21,https://www.google.com.tw/maps/place/%E7%AF%89%E9%96%93%E5%B9%B8%E7%A6%8F%E9%8D%8B%E7%89%A9+%E5%8F%B0%E5%8C%97%E5%8D%97%E4%BA%AC%E4%B8%80%E5%BA%97/data=!4m7!3m6!1s0x3442a9666e9f721d:0x8aefbd57ef6d5d45!8m2!3d25.0518598!4d121.5273867!16s%2Fg%2F11b7cqtsy0!19sChIJHXKfbmapQjQRRV1t71e974o?authuser=0&hl=zh-TW&rclk=1,0x3442a9666e9f721d:0x8aefbd57ef6d5d45
2793,Ann Liu,4,5 年前,"二樓的位置動線怪怪的  
飲料選擇少  
醬料也好像少幾樣  
火鍋配料很多  
湯頭也不錯  
肉質很棒  
整體來說還是不錯

",2022-11-21,https://www.google.com.tw/maps/place/%E7%AF%89%E9%96%93%E5%B9%B8%E7%A6%8F%E9%8D%8B%E7%89%A9+%E5%8F%B0%E5%8C%97%E5%8D%97%E4%BA%AC%E4%B8%80%E5%BA%97/data=!4m7!3m6!1s0x3442a9666e9f721d:0x8aefbd57ef6d5d45!8m2!3d25.0518598!4d121.5273867!16s%2Fg%2F11b7cqtsy0!19sChIJHXKfbmapQjQRRV1t71e974o?authuser=0&hl=zh-TW&rclk=1,0x3442a9666e9f721d:0x8aefbd57ef6d5d45
2794,宸宸,4,5 年前,"牛奶鍋超讚 食材好吃

",2022-11-21,https://www.google.com.tw/maps/place/%E7%AF%89%E9%96%93%E5%B9%B8%E7%A6%8F%E9%8D%8B%E7%89%A9+%E5%8F%B0%E5%8C%97%E5%8D%97%E4%BA%AC%E4%B8%80%E5%BA%97/data=!4m7!3m6!1s0x3442a9666e9f721d:0x8aefbd57ef6d5d45!8m2!3d25.0518598!4d121.5273867!16s%2Fg%2F11b7cqtsy0!19sChIJHXKfbmapQjQRRV1t71e974o?authuser=0&hl=zh-TW&rclk=1,0x3442a9666e9f721d:0x8aefbd57ef6d5d45
2795,Chan Katy,5,5 年前,,2022-11-21,https://www.google.com.tw/maps/place/%E7%AF%89%E9%96%93%E5%B9%B8%E7%A6%8F%E9%8D%8B%E7%89%A9+%E5%8F%B0%E5%8C%97%E5%8D%97%E4%BA%AC%E4%B8%80%E5%BA%97/data=!4m7!3m6!1s0x3442a9666e9f721d:0x8aefbd57ef6d5d45!8m2!3d25.0518598!4d121.5273867!16s%2Fg%2F11b7cqtsy0!19sChIJHXKfbmapQjQRRV1t71e974o?authuser=0&hl=zh-TW&rclk=1,0x3442a9666e9f721d:0x8aefbd57ef6d5d45
2796,Yu-Yi Cheng,5,5 年前,,2022-11-21,https://www.google.com.tw/maps/place/%E7%AF%89%E9%96%93%E5%B9%B8%E7%A6%8F%E9%8D%8B%E7%89%A9+%E5%8F%B0%E5%8C%97%E5%8D%97%E4%BA%AC%E4%B8%80%E5%BA%97/data=!4m7!3m6!1s0x3442a9666e9f721d:0x8aefbd57ef6d5d45!8m2!3d25.0518598!4d121.5273867!16s%2Fg%2F11b7cqtsy0!19sChIJHXKfbmapQjQRRV1t71e974o?authuser=0&hl=zh-TW&rclk=1,0x3442a9666e9f721d:0x8aefbd57ef6d5d45
2797,苡安,5,5 年前,"便宜又好吃！深夜宵夜好選擇

",2022-11-21,https://www.google.com.tw/maps/place/%E7%AF%89%E9%96%93%E5%B9%B8%E7%A6%8F%E9%8D%8B%E7%89%A9+%E5%8F%B0%E5%8C%97%E5%8D%97%E4%BA%AC%E4%B8%80%E5%BA%97/data=!4m7!3m6!1s0x3442a9666e9f721d:0x8aefbd57ef6d5d45!8m2!3d25.0518598!4d121.5273867!16s%2Fg%2F11b7cqtsy0!19sChIJHXKfbmapQjQRRV1t71e974o?authuser=0&hl=zh-TW&rclk=1,0x3442a9666e9f721d:0x8aefbd57ef6d5d45
2798,允釗陳,4,5 年前,"不囉嗦，就是好吃，鮮味十足量夠大男人吃飽，由其有牛奶鍋是我的最愛！

",2022-11-21,https://www.google.com.tw/maps/place/%E7%AF%89%E9%96%93%E5%B9%B8%E7%A6%8F%E9%8D%8B%E7%89%A9+%E5%8F%B0%E5%8C%97%E5%8D%97%E4%BA%AC%E4%B8%80%E5%BA%97/data=!4m7!3m6!1s0x3442a9666e9f721d:0x8aefbd57ef6d5d45!8m2!3d25.0518598!4d121.5273867!16s%2Fg%2F11b7cqtsy0!19sChIJHXKfbmapQjQRRV1t71e974o?authuser=0&hl=zh-TW&rclk=1,0x3442a9666e9f721d:0x8aefbd57ef6d5d45
2799,安可,4,5 年前,,2022-11-21,https://www.google.com.tw/maps/place/%E7%AF%89%E9%96%93%E5%B9%B8%E7%A6%8F%E9%8D%8B%E7%89%A9+%E5%8F%B0%E5%8C%97%E5%8D%97%E4%BA%AC%E4%B8%80%E5%BA%97/data=!4m7!3m6!1s0x3442a9666e9f721d:0x8aefbd57ef6d5d45!8m2!3d25.0518598!4d121.5273867!16s%2Fg%2F11b7cqtsy0!19sChIJHXKfbmapQjQRRV1t71e974o?authuser=0&hl=zh-TW&rclk=1,0x3442a9666e9f721d:0x8aefbd57ef6d5d45
2800,轟炸機,3,5 年前,,2022-11-21,https://www.google.com.tw/maps/place/%E7%AF%89%E9%96%93%E5%B9%B8%E7%A6%8F%E9%8D%8B%E7%89%A9+%E5%8F%B0%E5%8C%97%E5%8D%97%E4%BA%AC%E4%B8%80%E5%BA%97/data=!4m7!3m6!1s0x3442a9666e9f721d:0x8aefbd57ef6d5d45!8m2!3d25.0518598!4d121.5273867!16s%2Fg%2F11b7cqtsy0!19sChIJHXKfbmapQjQRRV1t71e974o?authuser=0&hl=zh-TW&rclk=1,0x3442a9666e9f721d:0x8aefbd57ef6d5d45
2801,YUCHE LIAO,4,5 年前,"還不錯，用餐人潮較多需要排隊等候

",2022-11-21,https://www.google.com.tw/maps/place/%E7%AF%89%E9%96%93%E5%B9%B8%E7%A6%8F%E9%8D%8B%E7%89%A9+%E5%8F%B0%E5%8C%97%E5%8D%97%E4%BA%AC%E4%B8%80%E5%BA%97/data=!4m7!3m6!1s0x3442a9666e9f721d:0x8aefbd57ef6d5d45!8m2!3d25.0518598!4d121.5273867!16s%2Fg%2F11b7cqtsy0!19sChIJHXKfbmapQjQRRV1t71e974o?authuser=0&hl=zh-TW&rclk=1,0x3442a9666e9f721d:0x8aefbd57ef6d5d45
2802,Charlene Hsu,3,5 年前,"冰淇淋、飲料、醬料採自助式取用，湯頭味道不錯。

",2022-11-21,https://www.google.com.tw/maps/place/%E7%AF%89%E9%96%93%E5%B9%B8%E7%A6%8F%E9%8D%8B%E7%89%A9+%E5%8F%B0%E5%8C%97%E5%8D%97%E4%BA%AC%E4%B8%80%E5%BA%97/data=!4m7!3m6!1s0x3442a9666e9f721d:0x8aefbd57ef6d5d45!8m2!3d25.0518598!4d121.5273867!16s%2Fg%2F11b7cqtsy0!19sChIJHXKfbmapQjQRRV1t71e974o?authuser=0&hl=zh-TW&rclk=1,0x3442a9666e9f721d:0x8aefbd57ef6d5d45
2803,黃美善,4,5 年前,,2022-11-21,https://www.google.com.tw/maps/place/%E7%AF%89%E9%96%93%E5%B9%B8%E7%A6%8F%E9%8D%8B%E7%89%A9+%E5%8F%B0%E5%8C%97%E5%8D%97%E4%BA%AC%E4%B8%80%E5%BA%97/data=!4m7!3m6!1s0x3442a9666e9f721d:0x8aefbd57ef6d5d45!8m2!3d25.0518598!4d121.5273867!16s%2Fg%2F11b7cqtsy0!19sChIJHXKfbmapQjQRRV1t71e974o?authuser=0&hl=zh-TW&rclk=1,0x3442a9666e9f721d:0x8aefbd57ef6d5d45
2804,陳白白,4,5 年前,"湯頭很好喝

",2022-11-21,https://www.google.com.tw/maps/place/%E7%AF%89%E9%96%93%E5%B9%B8%E7%A6%8F%E9%8D%8B%E7%89%A9+%E5%8F%B0%E5%8C%97%E5%8D%97%E4%BA%AC%E4%B8%80%E5%BA%97/data=!4m7!3m6!1s0x3442a9666e9f721d:0x8aefbd57ef6d5d45!8m2!3d25.0518598!4d121.5273867!16s%2Fg%2F11b7cqtsy0!19sChIJHXKfbmapQjQRRV1t71e974o?authuser=0&hl=zh-TW&rclk=1,0x3442a9666e9f721d:0x8aefbd57ef6d5d45
2805,洪偉程,3,5 年前,,2022-11-21,https://www.google.com.tw/maps/place/%E7%AF%89%E9%96%93%E5%B9%B8%E7%A6%8F%E9%8D%8B%E7%89%A9+%E5%8F%B0%E5%8C%97%E5%8D%97%E4%BA%AC%E4%B8%80%E5%BA%97/data=!4m7!3m6!1s0x3442a9666e9f721d:0x8aefbd57ef6d5d45!8m2!3d25.0518598!4d121.5273867!16s%2Fg%2F11b7cqtsy0!19sChIJHXKfbmapQjQRRV1t71e974o?authuser=0&hl=zh-TW&rclk=1,0x3442a9666e9f721d:0x8aefbd57ef6d5d45
2806,Andree Hoolihan,4,5 年前,,2022-11-21,https://www.google.com.tw/maps/place/%E7%AF%89%E9%96%93%E5%B9%B8%E7%A6%8F%E9%8D%8B%E7%89%A9+%E5%8F%B0%E5%8C%97%E5%8D%97%E4%BA%AC%E4%B8%80%E5%BA%97/data=!4m7!3m6!1s0x3442a9666e9f721d:0x8aefbd57ef6d5d45!8m2!3d25.0518598!4d121.5273867!16s%2Fg%2F11b7cqtsy0!19sChIJHXKfbmapQjQRRV1t71e974o?authuser=0&hl=zh-TW&rclk=1,0x3442a9666e9f721d:0x8aefbd57ef6d5d45
2807,Lucas Fang,4,5 年前,,2022-11-21,https://www.google.com.tw/maps/place/%E7%AF%89%E9%96%93%E5%B9%B8%E7%A6%8F%E9%8D%8B%E7%89%A9+%E5%8F%B0%E5%8C%97%E5%8D%97%E4%BA%AC%E4%B8%80%E5%BA%97/data=!4m7!3m6!1s0x3442a9666e9f721d:0x8aefbd57ef6d5d45!8m2!3d25.0518598!4d121.5273867!16s%2Fg%2F11b7cqtsy0!19sChIJHXKfbmapQjQRRV1t71e974o?authuser=0&hl=zh-TW&rclk=1,0x3442a9666e9f721d:0x8aefbd57ef6d5d45
2808,陳蝶衣,5,5 年前,,2022-11-21,https://www.google.com.tw/maps/place/%E7%AF%89%E9%96%93%E5%B9%B8%E7%A6%8F%E9%8D%8B%E7%89%A9+%E5%8F%B0%E5%8C%97%E5%8D%97%E4%BA%AC%E4%B8%80%E5%BA%97/data=!4m7!3m6!1s0x3442a9666e9f721d:0x8aefbd57ef6d5d45!8m2!3d25.0518598!4d121.5273867!16s%2Fg%2F11b7cqtsy0!19sChIJHXKfbmapQjQRRV1t71e974o?authuser=0&hl=zh-TW&rclk=1,0x3442a9666e9f721d:0x8aefbd57ef6d5d45
2809,張雅芳,5,5 年前,,2022-11-21,https://www.google.com.tw/maps/place/%E7%AF%89%E9%96%93%E5%B9%B8%E7%A6%8F%E9%8D%8B%E7%89%A9+%E5%8F%B0%E5%8C%97%E5%8D%97%E4%BA%AC%E4%B8%80%E5%BA%97/data=!4m7!3m6!1s0x3442a9666e9f721d:0x8aefbd57ef6d5d45!8m2!3d25.0518598!4d121.5273867!16s%2Fg%2F11b7cqtsy0!19sChIJHXKfbmapQjQRRV1t71e974o?authuser=0&hl=zh-TW&rclk=1,0x3442a9666e9f721d:0x8aefbd57ef6d5d45
2810,方蘭心,5,5 年前,,2022-11-21,https://www.google.com.tw/maps/place/%E7%AF%89%E9%96%93%E5%B9%B8%E7%A6%8F%E9%8D%8B%E7%89%A9+%E5%8F%B0%E5%8C%97%E5%8D%97%E4%BA%AC%E4%B8%80%E5%BA%97/data=!4m7!3m6!1s0x3442a9666e9f721d:0x8aefbd57ef6d5d45!8m2!3d25.0518598!4d121.5273867!16s%2Fg%2F11b7cqtsy0!19sChIJHXKfbmapQjQRRV1t71e974o?authuser=0&hl=zh-TW&rclk=1,0x3442a9666e9f721d:0x8aefbd57ef6d5d45
2811,Xsiang,1,5 年前,"入座前未告知梅花豬肉和雞肉已經沒有了 不知道是真的沒有還是故意不送 服務態度不佳 與其他分店差很多

",2022-11-21,https://www.google.com.tw/maps/place/%E7%AF%89%E9%96%93%E5%B9%B8%E7%A6%8F%E9%8D%8B%E7%89%A9+%E5%8F%B0%E5%8C%97%E5%8D%97%E4%BA%AC%E4%B8%80%E5%BA%97/data=!4m7!3m6!1s0x3442a9666e9f721d:0x8aefbd57ef6d5d45!8m2!3d25.0518598!4d121.5273867!16s%2Fg%2F11b7cqtsy0!19sChIJHXKfbmapQjQRRV1t71e974o?authuser=0&hl=zh-TW&rclk=1,0x3442a9666e9f721d:0x8aefbd57ef6d5d45
2812,張依羚,5,5 年前,,2022-11-21,https://www.google.com.tw/maps/place/%E7%AF%89%E9%96%93%E5%B9%B8%E7%A6%8F%E9%8D%8B%E7%89%A9+%E5%8F%B0%E5%8C%97%E5%8D%97%E4%BA%AC%E4%B8%80%E5%BA%97/data=!4m7!3m6!1s0x3442a9666e9f721d:0x8aefbd57ef6d5d45!8m2!3d25.0518598!4d121.5273867!16s%2Fg%2F11b7cqtsy0!19sChIJHXKfbmapQjQRRV1t71e974o?authuser=0&hl=zh-TW&rclk=1,0x3442a9666e9f721d:0x8aefbd57ef6d5d45
2813,Hans Liao,5,5 年前,"(由 Google 提供翻譯) 愉快的氣氛和美味的食物。  
  
(原始評論)  
Enjoyable atmosphere and delicious food.

",2022-11-21,https://www.google.com.tw/maps/place/%E7%AF%89%E9%96%93%E5%B9%B8%E7%A6%8F%E9%8D%8B%E7%89%A9+%E5%8F%B0%E5%8C%97%E5%8D%97%E4%BA%AC%E4%B8%80%E5%BA%97/data=!4m7!3m6!1s0x3442a9666e9f721d:0x8aefbd57ef6d5d45!8m2!3d25.0518598!4d121.5273867!16s%2Fg%2F11b7cqtsy0!19sChIJHXKfbmapQjQRRV1t71e974o?authuser=0&hl=zh-TW&rclk=1,0x3442a9666e9f721d:0x8aefbd57ef6d5d45
2814,陳韋霖,5,5 年前,"環境佳服務好吃起來不錯

",2022-11-21,https://www.google.com.tw/maps/place/%E7%AF%89%E9%96%93%E5%B9%B8%E7%A6%8F%E9%8D%8B%E7%89%A9+%E5%8F%B0%E5%8C%97%E5%8D%97%E4%BA%AC%E4%B8%80%E5%BA%97/data=!4m7!3m6!1s0x3442a9666e9f721d:0x8aefbd57ef6d5d45!8m2!3d25.0518598!4d121.5273867!16s%2Fg%2F11b7cqtsy0!19sChIJHXKfbmapQjQRRV1t71e974o?authuser=0&hl=zh-TW&rclk=1,0x3442a9666e9f721d:0x8aefbd57ef6d5d45
2815,陳啟中,5,5 年前,,2022-11-21,https://www.google.com.tw/maps/place/%E7%AF%89%E9%96%93%E5%B9%B8%E7%A6%8F%E9%8D%8B%E7%89%A9+%E5%8F%B0%E5%8C%97%E5%8D%97%E4%BA%AC%E4%B8%80%E5%BA%97/data=!4m7!3m6!1s0x3442a9666e9f721d:0x8aefbd57ef6d5d45!8m2!3d25.0518598!4d121.5273867!16s%2Fg%2F11b7cqtsy0!19sChIJHXKfbmapQjQRRV1t71e974o?authuser=0&hl=zh-TW&rclk=1,0x3442a9666e9f721d:0x8aefbd57ef6d5d45
2816,林庭輝,4,5 年前,"用餐環境不錯 滿安靜的 食物也蠻好吃的 冰淇淋可以吃到飽 飲料喝到飽

",2022-11-21,https://www.google.com.tw/maps/place/%E7%AF%89%E9%96%93%E5%B9%B8%E7%A6%8F%E9%8D%8B%E7%89%A9+%E5%8F%B0%E5%8C%97%E5%8D%97%E4%BA%AC%E4%B8%80%E5%BA%97/data=!4m7!3m6!1s0x3442a9666e9f721d:0x8aefbd57ef6d5d45!8m2!3d25.0518598!4d121.5273867!16s%2Fg%2F11b7cqtsy0!19sChIJHXKfbmapQjQRRV1t71e974o?authuser=0&hl=zh-TW&rclk=1,0x3442a9666e9f721d:0x8aefbd57ef6d5d45
2817,陳妍伶,4,5 年前,"CP值高，吃飽飽

",2022-11-21,https://www.google.com.tw/maps/place/%E7%AF%89%E9%96%93%E5%B9%B8%E7%A6%8F%E9%8D%8B%E7%89%A9+%E5%8F%B0%E5%8C%97%E5%8D%97%E4%BA%AC%E4%B8%80%E5%BA%97/data=!4m7!3m6!1s0x3442a9666e9f721d:0x8aefbd57ef6d5d45!8m2!3d25.0518598!4d121.5273867!16s%2Fg%2F11b7cqtsy0!19sChIJHXKfbmapQjQRRV1t71e974o?authuser=0&hl=zh-TW&rclk=1,0x3442a9666e9f721d:0x8aefbd57ef6d5d45
2818,panda chao,1,5 年前,"蛤蜊超級不新鮮，菜盤一堆火鍋料（雖然可以換別的產品），鹿兒島豬$330霜降牛$380，肉質也不好，非常失望，吃錢都都比她厲害

",2022-11-21,https://www.google.com.tw/maps/place/%E7%AF%89%E9%96%93%E5%B9%B8%E7%A6%8F%E9%8D%8B%E7%89%A9+%E5%8F%B0%E5%8C%97%E5%8D%97%E4%BA%AC%E4%B8%80%E5%BA%97/data=!4m7!3m6!1s0x3442a9666e9f721d:0x8aefbd57ef6d5d45!8m2!3d25.0518598!4d121.5273867!16s%2Fg%2F11b7cqtsy0!19sChIJHXKfbmapQjQRRV1t71e974o?authuser=0&hl=zh-TW&rclk=1,0x3442a9666e9f721d:0x8aefbd57ef6d5d45
2819,Wallis Chiang,2,5 年前,"菜盤豐富東西好吃，但醬料區果蠅很多，位置動線設計很怪，服務生基本招呼語都沒有。

",2022-11-21,https://www.google.com.tw/maps/place/%E7%AF%89%E9%96%93%E5%B9%B8%E7%A6%8F%E9%8D%8B%E7%89%A9+%E5%8F%B0%E5%8C%97%E5%8D%97%E4%BA%AC%E4%B8%80%E5%BA%97/data=!4m7!3m6!1s0x3442a9666e9f721d:0x8aefbd57ef6d5d45!8m2!3d25.0518598!4d121.5273867!16s%2Fg%2F11b7cqtsy0!19sChIJHXKfbmapQjQRRV1t71e974o?authuser=0&hl=zh-TW&rclk=1,0x3442a9666e9f721d:0x8aefbd57ef6d5d45
2820,GIANT TOUGH,4,5 年前,"石頭鍋味道很香 湯頭順口 裝潢也很雅致  
  
(由 Google 提供翻譯)  
石頭鍋味道很香 湯頭順口 裝潢也很雅緻

",2022-11-21,https://www.google.com.tw/maps/place/%E7%AF%89%E9%96%93%E5%B9%B8%E7%A6%8F%E9%8D%8B%E7%89%A9+%E5%8F%B0%E5%8C%97%E5%8D%97%E4%BA%AC%E4%B8%80%E5%BA%97/data=!4m7!3m6!1s0x3442a9666e9f721d:0x8aefbd57ef6d5d45!8m2!3d25.0518598!4d121.5273867!16s%2Fg%2F11b7cqtsy0!19sChIJHXKfbmapQjQRRV1t71e974o?authuser=0&hl=zh-TW&rclk=1,0x3442a9666e9f721d:0x8aefbd57ef6d5d45
2821,Trinity Tsai,4,5 年前,"湯頭鮮甜  
甜點-明治冰淇淋口味多也好吃  
菜盤份量多，料也實在

",2022-11-21,https://www.google.com.tw/maps/place/%E7%AF%89%E9%96%93%E5%B9%B8%E7%A6%8F%E9%8D%8B%E7%89%A9+%E5%8F%B0%E5%8C%97%E5%8D%97%E4%BA%AC%E4%B8%80%E5%BA%97/data=!4m7!3m6!1s0x3442a9666e9f721d:0x8aefbd57ef6d5d45!8m2!3d25.0518598!4d121.5273867!16s%2Fg%2F11b7cqtsy0!19sChIJHXKfbmapQjQRRV1t71e974o?authuser=0&hl=zh-TW&rclk=1,0x3442a9666e9f721d:0x8aefbd57ef6d5d45
2822,Zen Lee,2,5 年前,"蛤蜊有沙，鯛魚是吃過火鍋店裡最不ok的

",2022-11-21,https://www.google.com.tw/maps/place/%E7%AF%89%E9%96%93%E5%B9%B8%E7%A6%8F%E9%8D%8B%E7%89%A9+%E5%8F%B0%E5%8C%97%E5%8D%97%E4%BA%AC%E4%B8%80%E5%BA%97/data=!4m7!3m6!1s0x3442a9666e9f721d:0x8aefbd57ef6d5d45!8m2!3d25.0518598!4d121.5273867!16s%2Fg%2F11b7cqtsy0!19sChIJHXKfbmapQjQRRV1t71e974o?authuser=0&hl=zh-TW&rclk=1,0x3442a9666e9f721d:0x8aefbd57ef6d5d45
2823,alex ho,3,5 年前,"沒用餐

",2022-11-21,https://www.google.com.tw/maps/place/%E7%AF%89%E9%96%93%E5%B9%B8%E7%A6%8F%E9%8D%8B%E7%89%A9+%E5%8F%B0%E5%8C%97%E5%8D%97%E4%BA%AC%E4%B8%80%E5%BA%97/data=!4m7!3m6!1s0x3442a9666e9f721d:0x8aefbd57ef6d5d45!8m2!3d25.0518598!4d121.5273867!16s%2Fg%2F11b7cqtsy0!19sChIJHXKfbmapQjQRRV1t71e974o?authuser=0&hl=zh-TW&rclk=1,0x3442a9666e9f721d:0x8aefbd57ef6d5d45
2824,Sophia Yang,1,5 年前,"清潔有待加強

",2022-11-21,https://www.google.com.tw/maps/place/%E7%AF%89%E9%96%93%E5%B9%B8%E7%A6%8F%E9%8D%8B%E7%89%A9+%E5%8F%B0%E5%8C%97%E5%8D%97%E4%BA%AC%E4%B8%80%E5%BA%97/data=!4m7!3m6!1s0x3442a9666e9f721d:0x8aefbd57ef6d5d45!8m2!3d25.0518598!4d121.5273867!16s%2Fg%2F11b7cqtsy0!19sChIJHXKfbmapQjQRRV1t71e974o?authuser=0&hl=zh-TW&rclk=1,0x3442a9666e9f721d:0x8aefbd57ef6d5d45
2825,G.J. Marty YU,3,5 年前,,2022-11-21,https://www.google.com.tw/maps/place/%E7%AF%89%E9%96%93%E5%B9%B8%E7%A6%8F%E9%8D%8B%E7%89%A9+%E5%8F%B0%E5%8C%97%E5%8D%97%E4%BA%AC%E4%B8%80%E5%BA%97/data=!4m7!3m6!1s0x3442a9666e9f721d:0x8aefbd57ef6d5d45!8m2!3d25.0518598!4d121.5273867!16s%2Fg%2F11b7cqtsy0!19sChIJHXKfbmapQjQRRV1t71e974o?authuser=0&hl=zh-TW&rclk=1,0x3442a9666e9f721d:0x8aefbd57ef6d5d45
2826,Steffi Lin,3,5 年前,"食物ok，不特別難忘。店裡整間座位的安排很奇怪，桌子是固定在地上的不能移動，導致很多客人必須併桌或是被迫共鍋，甚至是擠在一起坐在一個小角落。

",2022-11-21,https://www.google.com.tw/maps/place/%E7%AF%89%E9%96%93%E5%B9%B8%E7%A6%8F%E9%8D%8B%E7%89%A9+%E5%8F%B0%E5%8C%97%E5%8D%97%E4%BA%AC%E4%B8%80%E5%BA%97/data=!4m7!3m6!1s0x3442a9666e9f721d:0x8aefbd57ef6d5d45!8m2!3d25.0518598!4d121.5273867!16s%2Fg%2F11b7cqtsy0!19sChIJHXKfbmapQjQRRV1t71e974o?authuser=0&hl=zh-TW&rclk=1,0x3442a9666e9f721d:0x8aefbd57ef6d5d45
2827,Anna Lo,4,5 年前,"石頭鍋和牛奶都好吃，如果點兩百多的牛會比較肥。雪花牛好吃，桌和桌距離太近，服務不錯，說要加湯都立刻來，餐點也送的很快。

",2022-11-21,https://www.google.com.tw/maps/place/%E7%AF%89%E9%96%93%E5%B9%B8%E7%A6%8F%E9%8D%8B%E7%89%A9+%E5%8F%B0%E5%8C%97%E5%8D%97%E4%BA%AC%E4%B8%80%E5%BA%97/data=!4m7!3m6!1s0x3442a9666e9f721d:0x8aefbd57ef6d5d45!8m2!3d25.0518598!4d121.5273867!16s%2Fg%2F11b7cqtsy0!19sChIJHXKfbmapQjQRRV1t71e974o?authuser=0&hl=zh-TW&rclk=1,0x3442a9666e9f721d:0x8aefbd57ef6d5d45
2828,Irene Wang,3,5 年前,"口味清淡，服務普通

",2022-11-21,https://www.google.com.tw/maps/place/%E7%AF%89%E9%96%93%E5%B9%B8%E7%A6%8F%E9%8D%8B%E7%89%A9+%E5%8F%B0%E5%8C%97%E5%8D%97%E4%BA%AC%E4%B8%80%E5%BA%97/data=!4m7!3m6!1s0x3442a9666e9f721d:0x8aefbd57ef6d5d45!8m2!3d25.0518598!4d121.5273867!16s%2Fg%2F11b7cqtsy0!19sChIJHXKfbmapQjQRRV1t71e974o?authuser=0&hl=zh-TW&rclk=1,0x3442a9666e9f721d:0x8aefbd57ef6d5d45
2829,張子聖,1,5 年前,,2022-11-21,https://www.google.com.tw/maps/place/%E7%AF%89%E9%96%93%E5%B9%B8%E7%A6%8F%E9%8D%8B%E7%89%A9+%E5%8F%B0%E5%8C%97%E5%8D%97%E4%BA%AC%E4%B8%80%E5%BA%97/data=!4m7!3m6!1s0x3442a9666e9f721d:0x8aefbd57ef6d5d45!8m2!3d25.0518598!4d121.5273867!16s%2Fg%2F11b7cqtsy0!19sChIJHXKfbmapQjQRRV1t71e974o?authuser=0&hl=zh-TW&rclk=1,0x3442a9666e9f721d:0x8aefbd57ef6d5d45
2830,蘇老猴,4,5 年前,"此次點的是海鮮總匯鍋，海鮮還算豐富新鮮，菜盤份量也不錯，另外加點梅花豬肉份量也多，冰淇淋選用明治好吃。  
另外，看先前評論原以為服務會很雷，但此次去整體服務態度不錯，會適時詢問補湯，但看隔壁桌用餐時間快要到時，會收的很俐落以藉提醒時間。

",2022-11-21,https://www.google.com.tw/maps/place/%E7%AF%89%E9%96%93%E5%B9%B8%E7%A6%8F%E9%8D%8B%E7%89%A9+%E5%8F%B0%E5%8C%97%E5%8D%97%E4%BA%AC%E4%B8%80%E5%BA%97/data=!4m7!3m6!1s0x3442a9666e9f721d:0x8aefbd57ef6d5d45!8m2!3d25.0518598!4d121.5273867!16s%2Fg%2F11b7cqtsy0!19sChIJHXKfbmapQjQRRV1t71e974o?authuser=0&hl=zh-TW&rclk=1,0x3442a9666e9f721d:0x8aefbd57ef6d5d45
2831,張漢東,5,5 年前,,2022-11-21,https://www.google.com.tw/maps/place/%E7%AF%89%E9%96%93%E5%B9%B8%E7%A6%8F%E9%8D%8B%E7%89%A9+%E5%8F%B0%E5%8C%97%E5%8D%97%E4%BA%AC%E4%B8%80%E5%BA%97/data=!4m7!3m6!1s0x3442a9666e9f721d:0x8aefbd57ef6d5d45!8m2!3d25.0518598!4d121.5273867!16s%2Fg%2F11b7cqtsy0!19sChIJHXKfbmapQjQRRV1t71e974o?authuser=0&hl=zh-TW&rclk=1,0x3442a9666e9f721d:0x8aefbd57ef6d5d45
2832,Lauraovo,2,5 年前,"沒有那個價值，食材普通，沒很好吃，有更好選擇！

",2022-11-21,https://www.google.com.tw/maps/place/%E7%AF%89%E9%96%93%E5%B9%B8%E7%A6%8F%E9%8D%8B%E7%89%A9+%E5%8F%B0%E5%8C%97%E5%8D%97%E4%BA%AC%E4%B8%80%E5%BA%97/data=!4m7!3m6!1s0x3442a9666e9f721d:0x8aefbd57ef6d5d45!8m2!3d25.0518598!4d121.5273867!16s%2Fg%2F11b7cqtsy0!19sChIJHXKfbmapQjQRRV1t71e974o?authuser=0&hl=zh-TW&rclk=1,0x3442a9666e9f721d:0x8aefbd57ef6d5d45
2833,余昱璇,4,5 年前,,2022-11-21,https://www.google.com.tw/maps/place/%E7%AF%89%E9%96%93%E5%B9%B8%E7%A6%8F%E9%8D%8B%E7%89%A9+%E5%8F%B0%E5%8C%97%E5%8D%97%E4%BA%AC%E4%B8%80%E5%BA%97/data=!4m7!3m6!1s0x3442a9666e9f721d:0x8aefbd57ef6d5d45!8m2!3d25.0518598!4d121.5273867!16s%2Fg%2F11b7cqtsy0!19sChIJHXKfbmapQjQRRV1t71e974o?authuser=0&hl=zh-TW&rclk=1,0x3442a9666e9f721d:0x8aefbd57ef6d5d45
2834,蔡建亨,3,5 年前,,2022-11-21,https://www.google.com.tw/maps/place/%E7%AF%89%E9%96%93%E5%B9%B8%E7%A6%8F%E9%8D%8B%E7%89%A9+%E5%8F%B0%E5%8C%97%E5%8D%97%E4%BA%AC%E4%B8%80%E5%BA%97/data=!4m7!3m6!1s0x3442a9666e9f721d:0x8aefbd57ef6d5d45!8m2!3d25.0518598!4d121.5273867!16s%2Fg%2F11b7cqtsy0!19sChIJHXKfbmapQjQRRV1t71e974o?authuser=0&hl=zh-TW&rclk=1,0x3442a9666e9f721d:0x8aefbd57ef6d5d45
2835,唐秀珠（candy）,3,5 年前,,2022-11-21,https://www.google.com.tw/maps/place/%E7%AF%89%E9%96%93%E5%B9%B8%E7%A6%8F%E9%8D%8B%E7%89%A9+%E5%8F%B0%E5%8C%97%E5%8D%97%E4%BA%AC%E4%B8%80%E5%BA%97/data=!4m7!3m6!1s0x3442a9666e9f721d:0x8aefbd57ef6d5d45!8m2!3d25.0518598!4d121.5273867!16s%2Fg%2F11b7cqtsy0!19sChIJHXKfbmapQjQRRV1t71e974o?authuser=0&hl=zh-TW&rclk=1,0x3442a9666e9f721d:0x8aefbd57ef6d5d45
2836,郭愛米粒,5,5 年前,"蛤蜊很新鮮，青菜量夠，冰淇淋好吃

",2022-11-21,https://www.google.com.tw/maps/place/%E7%AF%89%E9%96%93%E5%B9%B8%E7%A6%8F%E9%8D%8B%E7%89%A9+%E5%8F%B0%E5%8C%97%E5%8D%97%E4%BA%AC%E4%B8%80%E5%BA%97/data=!4m7!3m6!1s0x3442a9666e9f721d:0x8aefbd57ef6d5d45!8m2!3d25.0518598!4d121.5273867!16s%2Fg%2F11b7cqtsy0!19sChIJHXKfbmapQjQRRV1t71e974o?authuser=0&hl=zh-TW&rclk=1,0x3442a9666e9f721d:0x8aefbd57ef6d5d45
2837,林駿綸,4,5 年前,,2022-11-21,https://www.google.com.tw/maps/place/%E7%AF%89%E9%96%93%E5%B9%B8%E7%A6%8F%E9%8D%8B%E7%89%A9+%E5%8F%B0%E5%8C%97%E5%8D%97%E4%BA%AC%E4%B8%80%E5%BA%97/data=!4m7!3m6!1s0x3442a9666e9f721d:0x8aefbd57ef6d5d45!8m2!3d25.0518598!4d121.5273867!16s%2Fg%2F11b7cqtsy0!19sChIJHXKfbmapQjQRRV1t71e974o?authuser=0&hl=zh-TW&rclk=1,0x3442a9666e9f721d:0x8aefbd57ef6d5d45
2838,Alex艾力克斯,4,5 年前,,2022-11-21,https://www.google.com.tw/maps/place/%E7%AF%89%E9%96%93%E5%B9%B8%E7%A6%8F%E9%8D%8B%E7%89%A9+%E5%8F%B0%E5%8C%97%E5%8D%97%E4%BA%AC%E4%B8%80%E5%BA%97/data=!4m7!3m6!1s0x3442a9666e9f721d:0x8aefbd57ef6d5d45!8m2!3d25.0518598!4d121.5273867!16s%2Fg%2F11b7cqtsy0!19sChIJHXKfbmapQjQRRV1t71e974o?authuser=0&hl=zh-TW&rclk=1,0x3442a9666e9f721d:0x8aefbd57ef6d5d45
2839,李鵬鵬,3,5 年前,"剛吃的時候真的很讓我驚艷 但食材越來越差 太可惜了

",2022-11-21,https://www.google.com.tw/maps/place/%E7%AF%89%E9%96%93%E5%B9%B8%E7%A6%8F%E9%8D%8B%E7%89%A9+%E5%8F%B0%E5%8C%97%E5%8D%97%E4%BA%AC%E4%B8%80%E5%BA%97/data=!4m7!3m6!1s0x3442a9666e9f721d:0x8aefbd57ef6d5d45!8m2!3d25.0518598!4d121.5273867!16s%2Fg%2F11b7cqtsy0!19sChIJHXKfbmapQjQRRV1t71e974o?authuser=0&hl=zh-TW&rclk=1,0x3442a9666e9f721d:0x8aefbd57ef6d5d45
2840,小ㄊˉ,4,5 年前,"乾淨新鮮，服務親切，

",2022-11-21,https://www.google.com.tw/maps/place/%E7%AF%89%E9%96%93%E5%B9%B8%E7%A6%8F%E9%8D%8B%E7%89%A9+%E5%8F%B0%E5%8C%97%E5%8D%97%E4%BA%AC%E4%B8%80%E5%BA%97/data=!4m7!3m6!1s0x3442a9666e9f721d:0x8aefbd57ef6d5d45!8m2!3d25.0518598!4d121.5273867!16s%2Fg%2F11b7cqtsy0!19sChIJHXKfbmapQjQRRV1t71e974o?authuser=0&hl=zh-TW&rclk=1,0x3442a9666e9f721d:0x8aefbd57ef6d5d45
2841,廖國勝,4,5 年前,"好吃

",2022-11-21,https://www.google.com.tw/maps/place/%E7%AF%89%E9%96%93%E5%B9%B8%E7%A6%8F%E9%8D%8B%E7%89%A9+%E5%8F%B0%E5%8C%97%E5%8D%97%E4%BA%AC%E4%B8%80%E5%BA%97/data=!4m7!3m6!1s0x3442a9666e9f721d:0x8aefbd57ef6d5d45!8m2!3d25.0518598!4d121.5273867!16s%2Fg%2F11b7cqtsy0!19sChIJHXKfbmapQjQRRV1t71e974o?authuser=0&hl=zh-TW&rclk=1,0x3442a9666e9f721d:0x8aefbd57ef6d5d45
2842,sun Bella,3,5 年前,"石頭火鍋

",2022-11-21,https://www.google.com.tw/maps/place/%E7%AF%89%E9%96%93%E5%B9%B8%E7%A6%8F%E9%8D%8B%E7%89%A9+%E5%8F%B0%E5%8C%97%E5%8D%97%E4%BA%AC%E4%B8%80%E5%BA%97/data=!4m7!3m6!1s0x3442a9666e9f721d:0x8aefbd57ef6d5d45!8m2!3d25.0518598!4d121.5273867!16s%2Fg%2F11b7cqtsy0!19sChIJHXKfbmapQjQRRV1t71e974o?authuser=0&hl=zh-TW&rclk=1,0x3442a9666e9f721d:0x8aefbd57ef6d5d45
2843,Simon Su,4,5 年前,"餐點不錯、新鮮！

",2022-11-21,https://www.google.com.tw/maps/place/%E7%AF%89%E9%96%93%E5%B9%B8%E7%A6%8F%E9%8D%8B%E7%89%A9+%E5%8F%B0%E5%8C%97%E5%8D%97%E4%BA%AC%E4%B8%80%E5%BA%97/data=!4m7!3m6!1s0x3442a9666e9f721d:0x8aefbd57ef6d5d45!8m2!3d25.0518598!4d121.5273867!16s%2Fg%2F11b7cqtsy0!19sChIJHXKfbmapQjQRRV1t71e974o?authuser=0&hl=zh-TW&rclk=1,0x3442a9666e9f721d:0x8aefbd57ef6d5d45
2844,李哇特,5,5 年前,"不貴，也很精緻

",2022-11-21,https://www.google.com.tw/maps/place/%E7%AF%89%E9%96%93%E5%B9%B8%E7%A6%8F%E9%8D%8B%E7%89%A9+%E5%8F%B0%E5%8C%97%E5%8D%97%E4%BA%AC%E4%B8%80%E5%BA%97/data=!4m7!3m6!1s0x3442a9666e9f721d:0x8aefbd57ef6d5d45!8m2!3d25.0518598!4d121.5273867!16s%2Fg%2F11b7cqtsy0!19sChIJHXKfbmapQjQRRV1t71e974o?authuser=0&hl=zh-TW&rclk=1,0x3442a9666e9f721d:0x8aefbd57ef6d5d45
2845,Leo Tam,5,5 年前,,2022-11-21,https://www.google.com.tw/maps/place/%E7%AF%89%E9%96%93%E5%B9%B8%E7%A6%8F%E9%8D%8B%E7%89%A9+%E5%8F%B0%E5%8C%97%E5%8D%97%E4%BA%AC%E4%B8%80%E5%BA%97/data=!4m7!3m6!1s0x3442a9666e9f721d:0x8aefbd57ef6d5d45!8m2!3d25.0518598!4d121.5273867!16s%2Fg%2F11b7cqtsy0!19sChIJHXKfbmapQjQRRV1t71e974o?authuser=0&hl=zh-TW&rclk=1,0x3442a9666e9f721d:0x8aefbd57ef6d5d45
2846,Marc Lu,4,5 年前,"整體讓CP算高的火鍋店

",2022-11-21,https://www.google.com.tw/maps/place/%E7%AF%89%E9%96%93%E5%B9%B8%E7%A6%8F%E9%8D%8B%E7%89%A9+%E5%8F%B0%E5%8C%97%E5%8D%97%E4%BA%AC%E4%B8%80%E5%BA%97/data=!4m7!3m6!1s0x3442a9666e9f721d:0x8aefbd57ef6d5d45!8m2!3d25.0518598!4d121.5273867!16s%2Fg%2F11b7cqtsy0!19sChIJHXKfbmapQjQRRV1t71e974o?authuser=0&hl=zh-TW&rclk=1,0x3442a9666e9f721d:0x8aefbd57ef6d5d45
2847,Bright Hunag,5,5 年前,"養生湯頭不錯 肉多 不錯 服務員誠懇

",2022-11-21,https://www.google.com.tw/maps/place/%E7%AF%89%E9%96%93%E5%B9%B8%E7%A6%8F%E9%8D%8B%E7%89%A9+%E5%8F%B0%E5%8C%97%E5%8D%97%E4%BA%AC%E4%B8%80%E5%BA%97/data=!4m7!3m6!1s0x3442a9666e9f721d:0x8aefbd57ef6d5d45!8m2!3d25.0518598!4d121.5273867!16s%2Fg%2F11b7cqtsy0!19sChIJHXKfbmapQjQRRV1t71e974o?authuser=0&hl=zh-TW&rclk=1,0x3442a9666e9f721d:0x8aefbd57ef6d5d45
2848,陳思嘉,4,5 年前,,2022-11-21,https://www.google.com.tw/maps/place/%E7%AF%89%E9%96%93%E5%B9%B8%E7%A6%8F%E9%8D%8B%E7%89%A9+%E5%8F%B0%E5%8C%97%E5%8D%97%E4%BA%AC%E4%B8%80%E5%BA%97/data=!4m7!3m6!1s0x3442a9666e9f721d:0x8aefbd57ef6d5d45!8m2!3d25.0518598!4d121.5273867!16s%2Fg%2F11b7cqtsy0!19sChIJHXKfbmapQjQRRV1t71e974o?authuser=0&hl=zh-TW&rclk=1,0x3442a9666e9f721d:0x8aefbd57ef6d5d45
2849,林致恆,4,5 年前,,2022-11-21,https://www.google.com.tw/maps/place/%E7%AF%89%E9%96%93%E5%B9%B8%E7%A6%8F%E9%8D%8B%E7%89%A9+%E5%8F%B0%E5%8C%97%E5%8D%97%E4%BA%AC%E4%B8%80%E5%BA%97/data=!4m7!3m6!1s0x3442a9666e9f721d:0x8aefbd57ef6d5d45!8m2!3d25.0518598!4d121.5273867!16s%2Fg%2F11b7cqtsy0!19sChIJHXKfbmapQjQRRV1t71e974o?authuser=0&hl=zh-TW&rclk=1,0x3442a9666e9f721d:0x8aefbd57ef6d5d45
2850,Evelyn W,4,5 年前,"份別造訪過兩家店, 分別在一二樓, 一樓的除了鍋物以外都是自助式(飲料甜點) , 二樓是服務到桌, 感覺食材比較好, 缺點是桌上現炒的鍋底味道較重,
不通風, 櫃台有提供衣物芳香劑.

",2022-11-21,https://www.google.com.tw/maps/place/%E7%AF%89%E9%96%93%E5%B9%B8%E7%A6%8F%E9%8D%8B%E7%89%A9+%E5%8F%B0%E5%8C%97%E5%8D%97%E4%BA%AC%E4%B8%80%E5%BA%97/data=!4m7!3m6!1s0x3442a9666e9f721d:0x8aefbd57ef6d5d45!8m2!3d25.0518598!4d121.5273867!16s%2Fg%2F11b7cqtsy0!19sChIJHXKfbmapQjQRRV1t71e974o?authuser=0&hl=zh-TW&rclk=1,0x3442a9666e9f721d:0x8aefbd57ef6d5d45
2851,Ning Mark,5,5 年前,,2022-11-21,https://www.google.com.tw/maps/place/%E7%AF%89%E9%96%93%E5%B9%B8%E7%A6%8F%E9%8D%8B%E7%89%A9+%E5%8F%B0%E5%8C%97%E5%8D%97%E4%BA%AC%E4%B8%80%E5%BA%97/data=!4m7!3m6!1s0x3442a9666e9f721d:0x8aefbd57ef6d5d45!8m2!3d25.0518598!4d121.5273867!16s%2Fg%2F11b7cqtsy0!19sChIJHXKfbmapQjQRRV1t71e974o?authuser=0&hl=zh-TW&rclk=1,0x3442a9666e9f721d:0x8aefbd57ef6d5d45
2852,阿鬼,3,5 年前,"有點可惜，店家表示肉品不是每天都進，所以那天去沒有吃到雞肉鍋...店家大概三天才進一次貨，賣完就沒有了QQ

",2022-11-21,https://www.google.com.tw/maps/place/%E7%AF%89%E9%96%93%E5%B9%B8%E7%A6%8F%E9%8D%8B%E7%89%A9+%E5%8F%B0%E5%8C%97%E5%8D%97%E4%BA%AC%E4%B8%80%E5%BA%97/data=!4m7!3m6!1s0x3442a9666e9f721d:0x8aefbd57ef6d5d45!8m2!3d25.0518598!4d121.5273867!16s%2Fg%2F11b7cqtsy0!19sChIJHXKfbmapQjQRRV1t71e974o?authuser=0&hl=zh-TW&rclk=1,0x3442a9666e9f721d:0x8aefbd57ef6d5d45
2853,Sai Io Ng,4,5 年前,"東西蠻好吃的。

",2022-11-21,https://www.google.com.tw/maps/place/%E7%AF%89%E9%96%93%E5%B9%B8%E7%A6%8F%E9%8D%8B%E7%89%A9+%E5%8F%B0%E5%8C%97%E5%8D%97%E4%BA%AC%E4%B8%80%E5%BA%97/data=!4m7!3m6!1s0x3442a9666e9f721d:0x8aefbd57ef6d5d45!8m2!3d25.0518598!4d121.5273867!16s%2Fg%2F11b7cqtsy0!19sChIJHXKfbmapQjQRRV1t71e974o?authuser=0&hl=zh-TW&rclk=1,0x3442a9666e9f721d:0x8aefbd57ef6d5d45
2854,Ryan Zhen,1,5 年前,,2022-11-21,https://www.google.com.tw/maps/place/%E7%AF%89%E9%96%93%E5%B9%B8%E7%A6%8F%E9%8D%8B%E7%89%A9+%E5%8F%B0%E5%8C%97%E5%8D%97%E4%BA%AC%E4%B8%80%E5%BA%97/data=!4m7!3m6!1s0x3442a9666e9f721d:0x8aefbd57ef6d5d45!8m2!3d25.0518598!4d121.5273867!16s%2Fg%2F11b7cqtsy0!19sChIJHXKfbmapQjQRRV1t71e974o?authuser=0&hl=zh-TW&rclk=1,0x3442a9666e9f721d:0x8aefbd57ef6d5d45
2855,Leah Sung,3,5 年前,,2022-11-21,https://www.google.com.tw/maps/place/%E7%AF%89%E9%96%93%E5%B9%B8%E7%A6%8F%E9%8D%8B%E7%89%A9+%E5%8F%B0%E5%8C%97%E5%8D%97%E4%BA%AC%E4%B8%80%E5%BA%97/data=!4m7!3m6!1s0x3442a9666e9f721d:0x8aefbd57ef6d5d45!8m2!3d25.0518598!4d121.5273867!16s%2Fg%2F11b7cqtsy0!19sChIJHXKfbmapQjQRRV1t71e974o?authuser=0&hl=zh-TW&rclk=1,0x3442a9666e9f721d:0x8aefbd57ef6d5d45
2856,Kevin Tseng,4,5 年前,,2022-11-21,https://www.google.com.tw/maps/place/%E7%AF%89%E9%96%93%E5%B9%B8%E7%A6%8F%E9%8D%8B%E7%89%A9+%E5%8F%B0%E5%8C%97%E5%8D%97%E4%BA%AC%E4%B8%80%E5%BA%97/data=!4m7!3m6!1s0x3442a9666e9f721d:0x8aefbd57ef6d5d45!8m2!3d25.0518598!4d121.5273867!16s%2Fg%2F11b7cqtsy0!19sChIJHXKfbmapQjQRRV1t71e974o?authuser=0&hl=zh-TW&rclk=1,0x3442a9666e9f721d:0x8aefbd57ef6d5d45
2857,Nachan LJC,4,5 年前,,2022-11-21,https://www.google.com.tw/maps/place/%E7%AF%89%E9%96%93%E5%B9%B8%E7%A6%8F%E9%8D%8B%E7%89%A9+%E5%8F%B0%E5%8C%97%E5%8D%97%E4%BA%AC%E4%B8%80%E5%BA%97/data=!4m7!3m6!1s0x3442a9666e9f721d:0x8aefbd57ef6d5d45!8m2!3d25.0518598!4d121.5273867!16s%2Fg%2F11b7cqtsy0!19sChIJHXKfbmapQjQRRV1t71e974o?authuser=0&hl=zh-TW&rclk=1,0x3442a9666e9f721d:0x8aefbd57ef6d5d45
2858,塗鎮嘉,4,5 年前,"有""石頭""口味的湯頭很特別，食材新鮮好吃。

",2022-11-21,https://www.google.com.tw/maps/place/%E7%AF%89%E9%96%93%E5%B9%B8%E7%A6%8F%E9%8D%8B%E7%89%A9+%E5%8F%B0%E5%8C%97%E5%8D%97%E4%BA%AC%E4%B8%80%E5%BA%97/data=!4m7!3m6!1s0x3442a9666e9f721d:0x8aefbd57ef6d5d45!8m2!3d25.0518598!4d121.5273867!16s%2Fg%2F11b7cqtsy0!19sChIJHXKfbmapQjQRRV1t71e974o?authuser=0&hl=zh-TW&rclk=1,0x3442a9666e9f721d:0x8aefbd57ef6d5d45
2859,ss155188,3,5 年前,,2022-11-21,https://www.google.com.tw/maps/place/%E7%AF%89%E9%96%93%E5%B9%B8%E7%A6%8F%E9%8D%8B%E7%89%A9+%E5%8F%B0%E5%8C%97%E5%8D%97%E4%BA%AC%E4%B8%80%E5%BA%97/data=!4m7!3m6!1s0x3442a9666e9f721d:0x8aefbd57ef6d5d45!8m2!3d25.0518598!4d121.5273867!16s%2Fg%2F11b7cqtsy0!19sChIJHXKfbmapQjQRRV1t71e974o?authuser=0&hl=zh-TW&rclk=1,0x3442a9666e9f721d:0x8aefbd57ef6d5d45
2860,張納豆,4,5 年前,,2022-11-21,https://www.google.com.tw/maps/place/%E7%AF%89%E9%96%93%E5%B9%B8%E7%A6%8F%E9%8D%8B%E7%89%A9+%E5%8F%B0%E5%8C%97%E5%8D%97%E4%BA%AC%E4%B8%80%E5%BA%97/data=!4m7!3m6!1s0x3442a9666e9f721d:0x8aefbd57ef6d5d45!8m2!3d25.0518598!4d121.5273867!16s%2Fg%2F11b7cqtsy0!19sChIJHXKfbmapQjQRRV1t71e974o?authuser=0&hl=zh-TW&rclk=1,0x3442a9666e9f721d:0x8aefbd57ef6d5d45
2861,YuChun Kao,5,5 年前,,2022-11-21,https://www.google.com.tw/maps/place/%E7%AF%89%E9%96%93%E5%B9%B8%E7%A6%8F%E9%8D%8B%E7%89%A9+%E5%8F%B0%E5%8C%97%E5%8D%97%E4%BA%AC%E4%B8%80%E5%BA%97/data=!4m7!3m6!1s0x3442a9666e9f721d:0x8aefbd57ef6d5d45!8m2!3d25.0518598!4d121.5273867!16s%2Fg%2F11b7cqtsy0!19sChIJHXKfbmapQjQRRV1t71e974o?authuser=0&hl=zh-TW&rclk=1,0x3442a9666e9f721d:0x8aefbd57ef6d5d45
2862,Juno Chou,4,5 年前,"好吃，但位置偏狹小

",2022-11-21,https://www.google.com.tw/maps/place/%E7%AF%89%E9%96%93%E5%B9%B8%E7%A6%8F%E9%8D%8B%E7%89%A9+%E5%8F%B0%E5%8C%97%E5%8D%97%E4%BA%AC%E4%B8%80%E5%BA%97/data=!4m7!3m6!1s0x3442a9666e9f721d:0x8aefbd57ef6d5d45!8m2!3d25.0518598!4d121.5273867!16s%2Fg%2F11b7cqtsy0!19sChIJHXKfbmapQjQRRV1t71e974o?authuser=0&hl=zh-TW&rclk=1,0x3442a9666e9f721d:0x8aefbd57ef6d5d45
2863,複滔FuTau,3,5 年前,,2022-11-21,https://www.google.com.tw/maps/place/%E7%AF%89%E9%96%93%E5%B9%B8%E7%A6%8F%E9%8D%8B%E7%89%A9+%E5%8F%B0%E5%8C%97%E5%8D%97%E4%BA%AC%E4%B8%80%E5%BA%97/data=!4m7!3m6!1s0x3442a9666e9f721d:0x8aefbd57ef6d5d45!8m2!3d25.0518598!4d121.5273867!16s%2Fg%2F11b7cqtsy0!19sChIJHXKfbmapQjQRRV1t71e974o?authuser=0&hl=zh-TW&rclk=1,0x3442a9666e9f721d:0x8aefbd57ef6d5d45
2864,marven lin,4,5 年前,"選擇蠻多的，肉品質也還可以，用餐環境滿舒適的，朋友聚餐挺適合。

",2022-11-21,https://www.google.com.tw/maps/place/%E7%AF%89%E9%96%93%E5%B9%B8%E7%A6%8F%E9%8D%8B%E7%89%A9+%E5%8F%B0%E5%8C%97%E5%8D%97%E4%BA%AC%E4%B8%80%E5%BA%97/data=!4m7!3m6!1s0x3442a9666e9f721d:0x8aefbd57ef6d5d45!8m2!3d25.0518598!4d121.5273867!16s%2Fg%2F11b7cqtsy0!19sChIJHXKfbmapQjQRRV1t71e974o?authuser=0&hl=zh-TW&rclk=1,0x3442a9666e9f721d:0x8aefbd57ef6d5d45
2865,Migo Chen,5,5 年前,,2022-11-21,https://www.google.com.tw/maps/place/%E7%AF%89%E9%96%93%E5%B9%B8%E7%A6%8F%E9%8D%8B%E7%89%A9+%E5%8F%B0%E5%8C%97%E5%8D%97%E4%BA%AC%E4%B8%80%E5%BA%97/data=!4m7!3m6!1s0x3442a9666e9f721d:0x8aefbd57ef6d5d45!8m2!3d25.0518598!4d121.5273867!16s%2Fg%2F11b7cqtsy0!19sChIJHXKfbmapQjQRRV1t71e974o?authuser=0&hl=zh-TW&rclk=1,0x3442a9666e9f721d:0x8aefbd57ef6d5d45
2866,謝俊健,4,5 年前,,2022-11-21,https://www.google.com.tw/maps/place/%E7%AF%89%E9%96%93%E5%B9%B8%E7%A6%8F%E9%8D%8B%E7%89%A9+%E5%8F%B0%E5%8C%97%E5%8D%97%E4%BA%AC%E4%B8%80%E5%BA%97/data=!4m7!3m6!1s0x3442a9666e9f721d:0x8aefbd57ef6d5d45!8m2!3d25.0518598!4d121.5273867!16s%2Fg%2F11b7cqtsy0!19sChIJHXKfbmapQjQRRV1t71e974o?authuser=0&hl=zh-TW&rclk=1,0x3442a9666e9f721d:0x8aefbd57ef6d5d45
2867,吳慧中,4,5 年前,"整體表現水平以上的一家店，可以一試！

",2022-11-21,https://www.google.com.tw/maps/place/%E7%AF%89%E9%96%93%E5%B9%B8%E7%A6%8F%E9%8D%8B%E7%89%A9+%E5%8F%B0%E5%8C%97%E5%8D%97%E4%BA%AC%E4%B8%80%E5%BA%97/data=!4m7!3m6!1s0x3442a9666e9f721d:0x8aefbd57ef6d5d45!8m2!3d25.0518598!4d121.5273867!16s%2Fg%2F11b7cqtsy0!19sChIJHXKfbmapQjQRRV1t71e974o?authuser=0&hl=zh-TW&rclk=1,0x3442a9666e9f721d:0x8aefbd57ef6d5d45
2868,Stanley Chen (史丹利),1,5 年前,"人神共憤

",2022-11-21,https://www.google.com.tw/maps/place/%E7%AF%89%E9%96%93%E5%B9%B8%E7%A6%8F%E9%8D%8B%E7%89%A9+%E5%8F%B0%E5%8C%97%E5%8D%97%E4%BA%AC%E4%B8%80%E5%BA%97/data=!4m7!3m6!1s0x3442a9666e9f721d:0x8aefbd57ef6d5d45!8m2!3d25.0518598!4d121.5273867!16s%2Fg%2F11b7cqtsy0!19sChIJHXKfbmapQjQRRV1t71e974o?authuser=0&hl=zh-TW&rclk=1,0x3442a9666e9f721d:0x8aefbd57ef6d5d45
2869,陳豫宏,5,5 年前,"精緻好吃，價格合理

",2022-11-21,https://www.google.com.tw/maps/place/%E7%AF%89%E9%96%93%E5%B9%B8%E7%A6%8F%E9%8D%8B%E7%89%A9+%E5%8F%B0%E5%8C%97%E5%8D%97%E4%BA%AC%E4%B8%80%E5%BA%97/data=!4m7!3m6!1s0x3442a9666e9f721d:0x8aefbd57ef6d5d45!8m2!3d25.0518598!4d121.5273867!16s%2Fg%2F11b7cqtsy0!19sChIJHXKfbmapQjQRRV1t71e974o?authuser=0&hl=zh-TW&rclk=1,0x3442a9666e9f721d:0x8aefbd57ef6d5d45
2870,Wen Piiling,1,5 年前,"服務不是普通的差，服務鈴根本虛設的吧，按了也不會來，主動說我們要點餐，限時九十分鐘，但是光等你們來點餐就等了十幾分鐘。一鍋鴨肉一鍋牛肉，炒完牛肉的直接使用同一套餐具去炒鴨肉，完全沒問直接混下去炒。說要加湯，加到別桌去，完全忽略我們，別桌比我們晚到十幾分鐘的白飯都來了，我們的卻被遺忘！服務很不優，態度又不佳。

",2022-11-21,https://www.google.com.tw/maps/place/%E7%AF%89%E9%96%93%E5%B9%B8%E7%A6%8F%E9%8D%8B%E7%89%A9+%E5%8F%B0%E5%8C%97%E5%8D%97%E4%BA%AC%E4%B8%80%E5%BA%97/data=!4m7!3m6!1s0x3442a9666e9f721d:0x8aefbd57ef6d5d45!8m2!3d25.0518598!4d121.5273867!16s%2Fg%2F11b7cqtsy0!19sChIJHXKfbmapQjQRRV1t71e974o?authuser=0&hl=zh-TW&rclk=1,0x3442a9666e9f721d:0x8aefbd57ef6d5d45
2871,Deric Wu,5,5 年前,,2022-11-21,https://www.google.com.tw/maps/place/%E7%AF%89%E9%96%93%E5%B9%B8%E7%A6%8F%E9%8D%8B%E7%89%A9+%E5%8F%B0%E5%8C%97%E5%8D%97%E4%BA%AC%E4%B8%80%E5%BA%97/data=!4m7!3m6!1s0x3442a9666e9f721d:0x8aefbd57ef6d5d45!8m2!3d25.0518598!4d121.5273867!16s%2Fg%2F11b7cqtsy0!19sChIJHXKfbmapQjQRRV1t71e974o?authuser=0&hl=zh-TW&rclk=1,0x3442a9666e9f721d:0x8aefbd57ef6d5d45
2872,Yu Ray,5,5 年前,"CP值高，比X都貴一點，質感好很多。

",2022-11-21,https://www.google.com.tw/maps/place/%E7%AF%89%E9%96%93%E5%B9%B8%E7%A6%8F%E9%8D%8B%E7%89%A9+%E5%8F%B0%E5%8C%97%E5%8D%97%E4%BA%AC%E4%B8%80%E5%BA%97/data=!4m7!3m6!1s0x3442a9666e9f721d:0x8aefbd57ef6d5d45!8m2!3d25.0518598!4d121.5273867!16s%2Fg%2F11b7cqtsy0!19sChIJHXKfbmapQjQRRV1t71e974o?authuser=0&hl=zh-TW&rclk=1,0x3442a9666e9f721d:0x8aefbd57ef6d5d45
2873,Chao ShihChieh,4,5 年前,"肉質好， 海鮮新鮮、爆香湯頭！

",2022-11-21,https://www.google.com.tw/maps/place/%E7%AF%89%E9%96%93%E5%B9%B8%E7%A6%8F%E9%8D%8B%E7%89%A9+%E5%8F%B0%E5%8C%97%E5%8D%97%E4%BA%AC%E4%B8%80%E5%BA%97/data=!4m7!3m6!1s0x3442a9666e9f721d:0x8aefbd57ef6d5d45!8m2!3d25.0518598!4d121.5273867!16s%2Fg%2F11b7cqtsy0!19sChIJHXKfbmapQjQRRV1t71e974o?authuser=0&hl=zh-TW&rclk=1,0x3442a9666e9f721d:0x8aefbd57ef6d5d45
2874,陳睿鴻,5,5 年前,,2022-11-21,https://www.google.com.tw/maps/place/%E7%AF%89%E9%96%93%E5%B9%B8%E7%A6%8F%E9%8D%8B%E7%89%A9+%E5%8F%B0%E5%8C%97%E5%8D%97%E4%BA%AC%E4%B8%80%E5%BA%97/data=!4m7!3m6!1s0x3442a9666e9f721d:0x8aefbd57ef6d5d45!8m2!3d25.0518598!4d121.5273867!16s%2Fg%2F11b7cqtsy0!19sChIJHXKfbmapQjQRRV1t71e974o?authuser=0&hl=zh-TW&rclk=1,0x3442a9666e9f721d:0x8aefbd57ef6d5d45
2875,甘士奇,4,5 年前,,2022-11-21,https://www.google.com.tw/maps/place/%E7%AF%89%E9%96%93%E5%B9%B8%E7%A6%8F%E9%8D%8B%E7%89%A9+%E5%8F%B0%E5%8C%97%E5%8D%97%E4%BA%AC%E4%B8%80%E5%BA%97/data=!4m7!3m6!1s0x3442a9666e9f721d:0x8aefbd57ef6d5d45!8m2!3d25.0518598!4d121.5273867!16s%2Fg%2F11b7cqtsy0!19sChIJHXKfbmapQjQRRV1t71e974o?authuser=0&hl=zh-TW&rclk=1,0x3442a9666e9f721d:0x8aefbd57ef6d5d45
2876,Dolly Chen,2,5 年前,"肉品和海鮮都比預期的差，肉的脂肪太多，魚也有土味

",2022-11-21,https://www.google.com.tw/maps/place/%E7%AF%89%E9%96%93%E5%B9%B8%E7%A6%8F%E9%8D%8B%E7%89%A9+%E5%8F%B0%E5%8C%97%E5%8D%97%E4%BA%AC%E4%B8%80%E5%BA%97/data=!4m7!3m6!1s0x3442a9666e9f721d:0x8aefbd57ef6d5d45!8m2!3d25.0518598!4d121.5273867!16s%2Fg%2F11b7cqtsy0!19sChIJHXKfbmapQjQRRV1t71e974o?authuser=0&hl=zh-TW&rclk=1,0x3442a9666e9f721d:0x8aefbd57ef6d5d45
2877,李昆諭,5,5 年前,,2022-11-21,https://www.google.com.tw/maps/place/%E7%AF%89%E9%96%93%E5%B9%B8%E7%A6%8F%E9%8D%8B%E7%89%A9+%E5%8F%B0%E5%8C%97%E5%8D%97%E4%BA%AC%E4%B8%80%E5%BA%97/data=!4m7!3m6!1s0x3442a9666e9f721d:0x8aefbd57ef6d5d45!8m2!3d25.0518598!4d121.5273867!16s%2Fg%2F11b7cqtsy0!19sChIJHXKfbmapQjQRRV1t71e974o?authuser=0&hl=zh-TW&rclk=1,0x3442a9666e9f721d:0x8aefbd57ef6d5d45
2878,Vivid Chyi,4,5 年前,"食物很實在，肉給得多，櫃台服務可以更好。

",2022-11-21,https://www.google.com.tw/maps/place/%E7%AF%89%E9%96%93%E5%B9%B8%E7%A6%8F%E9%8D%8B%E7%89%A9+%E5%8F%B0%E5%8C%97%E5%8D%97%E4%BA%AC%E4%B8%80%E5%BA%97/data=!4m7!3m6!1s0x3442a9666e9f721d:0x8aefbd57ef6d5d45!8m2!3d25.0518598!4d121.5273867!16s%2Fg%2F11b7cqtsy0!19sChIJHXKfbmapQjQRRV1t71e974o?authuser=0&hl=zh-TW&rclk=1,0x3442a9666e9f721d:0x8aefbd57ef6d5d45
2879,林建成,5,5 年前,"食物新鮮，湯頭美味

",2022-11-21,https://www.google.com.tw/maps/place/%E7%AF%89%E9%96%93%E5%B9%B8%E7%A6%8F%E9%8D%8B%E7%89%A9+%E5%8F%B0%E5%8C%97%E5%8D%97%E4%BA%AC%E4%B8%80%E5%BA%97/data=!4m7!3m6!1s0x3442a9666e9f721d:0x8aefbd57ef6d5d45!8m2!3d25.0518598!4d121.5273867!16s%2Fg%2F11b7cqtsy0!19sChIJHXKfbmapQjQRRV1t71e974o?authuser=0&hl=zh-TW&rclk=1,0x3442a9666e9f721d:0x8aefbd57ef6d5d45
2880,Liou Vivian,5,5 年前,"有石頭火鍋，2樓肉片可以爆炒比較香，1樓 只能爆香

",2022-11-21,https://www.google.com.tw/maps/place/%E7%AF%89%E9%96%93%E5%B9%B8%E7%A6%8F%E9%8D%8B%E7%89%A9+%E5%8F%B0%E5%8C%97%E5%8D%97%E4%BA%AC%E4%B8%80%E5%BA%97/data=!4m7!3m6!1s0x3442a9666e9f721d:0x8aefbd57ef6d5d45!8m2!3d25.0518598!4d121.5273867!16s%2Fg%2F11b7cqtsy0!19sChIJHXKfbmapQjQRRV1t71e974o?authuser=0&hl=zh-TW&rclk=1,0x3442a9666e9f721d:0x8aefbd57ef6d5d45
2881,AK King,3,5 年前,"好吃但是空間侷促...

",2022-11-21,https://www.google.com.tw/maps/place/%E7%AF%89%E9%96%93%E5%B9%B8%E7%A6%8F%E9%8D%8B%E7%89%A9+%E5%8F%B0%E5%8C%97%E5%8D%97%E4%BA%AC%E4%B8%80%E5%BA%97/data=!4m7!3m6!1s0x3442a9666e9f721d:0x8aefbd57ef6d5d45!8m2!3d25.0518598!4d121.5273867!16s%2Fg%2F11b7cqtsy0!19sChIJHXKfbmapQjQRRV1t71e974o?authuser=0&hl=zh-TW&rclk=1,0x3442a9666e9f721d:0x8aefbd57ef6d5d45
2882,Kenny Yang,4,5 年前,"品質棒

",2022-11-21,https://www.google.com.tw/maps/place/%E7%AF%89%E9%96%93%E5%B9%B8%E7%A6%8F%E9%8D%8B%E7%89%A9+%E5%8F%B0%E5%8C%97%E5%8D%97%E4%BA%AC%E4%B8%80%E5%BA%97/data=!4m7!3m6!1s0x3442a9666e9f721d:0x8aefbd57ef6d5d45!8m2!3d25.0518598!4d121.5273867!16s%2Fg%2F11b7cqtsy0!19sChIJHXKfbmapQjQRRV1t71e974o?authuser=0&hl=zh-TW&rclk=1,0x3442a9666e9f721d:0x8aefbd57ef6d5d45
2883,Aden Yang,4,5 年前,"食材跟味道不錯，服務可以更好

",2022-11-21,https://www.google.com.tw/maps/place/%E7%AF%89%E9%96%93%E5%B9%B8%E7%A6%8F%E9%8D%8B%E7%89%A9+%E5%8F%B0%E5%8C%97%E5%8D%97%E4%BA%AC%E4%B8%80%E5%BA%97/data=!4m7!3m6!1s0x3442a9666e9f721d:0x8aefbd57ef6d5d45!8m2!3d25.0518598!4d121.5273867!16s%2Fg%2F11b7cqtsy0!19sChIJHXKfbmapQjQRRV1t71e974o?authuser=0&hl=zh-TW&rclk=1,0x3442a9666e9f721d:0x8aefbd57ef6d5d45
2884,Yuping Shen,4,5 年前,"湯頭不錯 菜盤普普

",2022-11-21,https://www.google.com.tw/maps/place/%E7%AF%89%E9%96%93%E5%B9%B8%E7%A6%8F%E9%8D%8B%E7%89%A9+%E5%8F%B0%E5%8C%97%E5%8D%97%E4%BA%AC%E4%B8%80%E5%BA%97/data=!4m7!3m6!1s0x3442a9666e9f721d:0x8aefbd57ef6d5d45!8m2!3d25.0518598!4d121.5273867!16s%2Fg%2F11b7cqtsy0!19sChIJHXKfbmapQjQRRV1t71e974o?authuser=0&hl=zh-TW&rclk=1,0x3442a9666e9f721d:0x8aefbd57ef6d5d45
2885,黄士桔,3,5 年前,,2022-11-21,https://www.google.com.tw/maps/place/%E7%AF%89%E9%96%93%E5%B9%B8%E7%A6%8F%E9%8D%8B%E7%89%A9+%E5%8F%B0%E5%8C%97%E5%8D%97%E4%BA%AC%E4%B8%80%E5%BA%97/data=!4m7!3m6!1s0x3442a9666e9f721d:0x8aefbd57ef6d5d45!8m2!3d25.0518598!4d121.5273867!16s%2Fg%2F11b7cqtsy0!19sChIJHXKfbmapQjQRRV1t71e974o?authuser=0&hl=zh-TW&rclk=1,0x3442a9666e9f721d:0x8aefbd57ef6d5d45
2886,L B,4,5 年前,"價位中等，食材不錯！

",2022-11-21,https://www.google.com.tw/maps/place/%E7%AF%89%E9%96%93%E5%B9%B8%E7%A6%8F%E9%8D%8B%E7%89%A9+%E5%8F%B0%E5%8C%97%E5%8D%97%E4%BA%AC%E4%B8%80%E5%BA%97/data=!4m7!3m6!1s0x3442a9666e9f721d:0x8aefbd57ef6d5d45!8m2!3d25.0518598!4d121.5273867!16s%2Fg%2F11b7cqtsy0!19sChIJHXKfbmapQjQRRV1t71e974o?authuser=0&hl=zh-TW&rclk=1,0x3442a9666e9f721d:0x8aefbd57ef6d5d45
2887,Charles Chang,4,5 年前,,2022-11-21,https://www.google.com.tw/maps/place/%E7%AF%89%E9%96%93%E5%B9%B8%E7%A6%8F%E9%8D%8B%E7%89%A9+%E5%8F%B0%E5%8C%97%E5%8D%97%E4%BA%AC%E4%B8%80%E5%BA%97/data=!4m7!3m6!1s0x3442a9666e9f721d:0x8aefbd57ef6d5d45!8m2!3d25.0518598!4d121.5273867!16s%2Fg%2F11b7cqtsy0!19sChIJHXKfbmapQjQRRV1t71e974o?authuser=0&hl=zh-TW&rclk=1,0x3442a9666e9f721d:0x8aefbd57ef6d5d45
2888,卓坤德,4,5 年前,"石頭火鍋我最愛，食材與價格合理，推薦

",2022-11-21,https://www.google.com.tw/maps/place/%E7%AF%89%E9%96%93%E5%B9%B8%E7%A6%8F%E9%8D%8B%E7%89%A9+%E5%8F%B0%E5%8C%97%E5%8D%97%E4%BA%AC%E4%B8%80%E5%BA%97/data=!4m7!3m6!1s0x3442a9666e9f721d:0x8aefbd57ef6d5d45!8m2!3d25.0518598!4d121.5273867!16s%2Fg%2F11b7cqtsy0!19sChIJHXKfbmapQjQRRV1t71e974o?authuser=0&hl=zh-TW&rclk=1,0x3442a9666e9f721d:0x8aefbd57ef6d5d45
2889,Wu Jason,3,5 年前,,2022-11-21,https://www.google.com.tw/maps/place/%E7%AF%89%E9%96%93%E5%B9%B8%E7%A6%8F%E9%8D%8B%E7%89%A9+%E5%8F%B0%E5%8C%97%E5%8D%97%E4%BA%AC%E4%B8%80%E5%BA%97/data=!4m7!3m6!1s0x3442a9666e9f721d:0x8aefbd57ef6d5d45!8m2!3d25.0518598!4d121.5273867!16s%2Fg%2F11b7cqtsy0!19sChIJHXKfbmapQjQRRV1t71e974o?authuser=0&hl=zh-TW&rclk=1,0x3442a9666e9f721d:0x8aefbd57ef6d5d45
2890,hwsimon60113,4,5 年前,"可兩人共鍋

",2022-11-21,https://www.google.com.tw/maps/place/%E7%AF%89%E9%96%93%E5%B9%B8%E7%A6%8F%E9%8D%8B%E7%89%A9+%E5%8F%B0%E5%8C%97%E5%8D%97%E4%BA%AC%E4%B8%80%E5%BA%97/data=!4m7!3m6!1s0x3442a9666e9f721d:0x8aefbd57ef6d5d45!8m2!3d25.0518598!4d121.5273867!16s%2Fg%2F11b7cqtsy0!19sChIJHXKfbmapQjQRRV1t71e974o?authuser=0&hl=zh-TW&rclk=1,0x3442a9666e9f721d:0x8aefbd57ef6d5d45
2891,C呱葛格,2,5 年前,,2022-11-21,https://www.google.com.tw/maps/place/%E7%AF%89%E9%96%93%E5%B9%B8%E7%A6%8F%E9%8D%8B%E7%89%A9+%E5%8F%B0%E5%8C%97%E5%8D%97%E4%BA%AC%E4%B8%80%E5%BA%97/data=!4m7!3m6!1s0x3442a9666e9f721d:0x8aefbd57ef6d5d45!8m2!3d25.0518598!4d121.5273867!16s%2Fg%2F11b7cqtsy0!19sChIJHXKfbmapQjQRRV1t71e974o?authuser=0&hl=zh-TW&rclk=1,0x3442a9666e9f721d:0x8aefbd57ef6d5d45
2892,Ron Yen,3,5 年前,"有點擠

",2022-11-21,https://www.google.com.tw/maps/place/%E7%AF%89%E9%96%93%E5%B9%B8%E7%A6%8F%E9%8D%8B%E7%89%A9+%E5%8F%B0%E5%8C%97%E5%8D%97%E4%BA%AC%E4%B8%80%E5%BA%97/data=!4m7!3m6!1s0x3442a9666e9f721d:0x8aefbd57ef6d5d45!8m2!3d25.0518598!4d121.5273867!16s%2Fg%2F11b7cqtsy0!19sChIJHXKfbmapQjQRRV1t71e974o?authuser=0&hl=zh-TW&rclk=1,0x3442a9666e9f721d:0x8aefbd57ef6d5d45
2893,CJ W,1,5 年前,"以前常來的店，但上個月來吃過後以後應該不會再來，原因是店家送上來的菜盤，菜盤大白菜的部份零零散散感覺不是很衛生，跟店家反應，回覆是菜價很貴沒辦法～～無言

",2022-11-21,https://www.google.com.tw/maps/place/%E7%AF%89%E9%96%93%E5%B9%B8%E7%A6%8F%E9%8D%8B%E7%89%A9+%E5%8F%B0%E5%8C%97%E5%8D%97%E4%BA%AC%E4%B8%80%E5%BA%97/data=!4m7!3m6!1s0x3442a9666e9f721d:0x8aefbd57ef6d5d45!8m2!3d25.0518598!4d121.5273867!16s%2Fg%2F11b7cqtsy0!19sChIJHXKfbmapQjQRRV1t71e974o?authuser=0&hl=zh-TW&rclk=1,0x3442a9666e9f721d:0x8aefbd57ef6d5d45
2894,兆正蘇,5,5 年前,"食材新鮮～肉品好吃～  
對應價格可接受～  
藥膳湯底香氣十足～  
環境舒適～

",2022-11-21,https://www.google.com.tw/maps/place/%E7%AF%89%E9%96%93%E5%B9%B8%E7%A6%8F%E9%8D%8B%E7%89%A9+%E5%8F%B0%E5%8C%97%E5%8D%97%E4%BA%AC%E4%B8%80%E5%BA%97/data=!4m7!3m6!1s0x3442a9666e9f721d:0x8aefbd57ef6d5d45!8m2!3d25.0518598!4d121.5273867!16s%2Fg%2F11b7cqtsy0!19sChIJHXKfbmapQjQRRV1t71e974o?authuser=0&hl=zh-TW&rclk=1,0x3442a9666e9f721d:0x8aefbd57ef6d5d45
2895,J.S Lee,5,5 年前,"食材新鮮 價格不貴

",2022-11-21,https://www.google.com.tw/maps/place/%E7%AF%89%E9%96%93%E5%B9%B8%E7%A6%8F%E9%8D%8B%E7%89%A9+%E5%8F%B0%E5%8C%97%E5%8D%97%E4%BA%AC%E4%B8%80%E5%BA%97/data=!4m7!3m6!1s0x3442a9666e9f721d:0x8aefbd57ef6d5d45!8m2!3d25.0518598!4d121.5273867!16s%2Fg%2F11b7cqtsy0!19sChIJHXKfbmapQjQRRV1t71e974o?authuser=0&hl=zh-TW&rclk=1,0x3442a9666e9f721d:0x8aefbd57ef6d5d45
2896,Karen Liu,5,5 年前,"海鮮新鮮，安格斯牛小排肉質軟嫩，非常好吃，雖然服務生人數少導致要等一陣子，但整體來說很不錯！

",2022-11-21,https://www.google.com.tw/maps/place/%E7%AF%89%E9%96%93%E5%B9%B8%E7%A6%8F%E9%8D%8B%E7%89%A9+%E5%8F%B0%E5%8C%97%E5%8D%97%E4%BA%AC%E4%B8%80%E5%BA%97/data=!4m7!3m6!1s0x3442a9666e9f721d:0x8aefbd57ef6d5d45!8m2!3d25.0518598!4d121.5273867!16s%2Fg%2F11b7cqtsy0!19sChIJHXKfbmapQjQRRV1t71e974o?authuser=0&hl=zh-TW&rclk=1,0x3442a9666e9f721d:0x8aefbd57ef6d5d45
2897,Jenny,3,5 年前,,2022-11-21,https://www.google.com.tw/maps/place/%E7%AF%89%E9%96%93%E5%B9%B8%E7%A6%8F%E9%8D%8B%E7%89%A9+%E5%8F%B0%E5%8C%97%E5%8D%97%E4%BA%AC%E4%B8%80%E5%BA%97/data=!4m7!3m6!1s0x3442a9666e9f721d:0x8aefbd57ef6d5d45!8m2!3d25.0518598!4d121.5273867!16s%2Fg%2F11b7cqtsy0!19sChIJHXKfbmapQjQRRV1t71e974o?authuser=0&hl=zh-TW&rclk=1,0x3442a9666e9f721d:0x8aefbd57ef6d5d45
2898,李養忠,1,5 年前,,2022-11-21,https://www.google.com.tw/maps/place/%E7%AF%89%E9%96%93%E5%B9%B8%E7%A6%8F%E9%8D%8B%E7%89%A9+%E5%8F%B0%E5%8C%97%E5%8D%97%E4%BA%AC%E4%B8%80%E5%BA%97/data=!4m7!3m6!1s0x3442a9666e9f721d:0x8aefbd57ef6d5d45!8m2!3d25.0518598!4d121.5273867!16s%2Fg%2F11b7cqtsy0!19sChIJHXKfbmapQjQRRV1t71e974o?authuser=0&hl=zh-TW&rclk=1,0x3442a9666e9f721d:0x8aefbd57ef6d5d45
2899,林慶忠,3,5 年前,,2022-11-21,https://www.google.com.tw/maps/place/%E7%AF%89%E9%96%93%E5%B9%B8%E7%A6%8F%E9%8D%8B%E7%89%A9+%E5%8F%B0%E5%8C%97%E5%8D%97%E4%BA%AC%E4%B8%80%E5%BA%97/data=!4m7!3m6!1s0x3442a9666e9f721d:0x8aefbd57ef6d5d45!8m2!3d25.0518598!4d121.5273867!16s%2Fg%2F11b7cqtsy0!19sChIJHXKfbmapQjQRRV1t71e974o?authuser=0&hl=zh-TW&rclk=1,0x3442a9666e9f721d:0x8aefbd57ef6d5d45
2900,沈建廷,4,5 年前,"東西好吃

",2022-11-21,https://www.google.com.tw/maps/place/%E7%AF%89%E9%96%93%E5%B9%B8%E7%A6%8F%E9%8D%8B%E7%89%A9+%E5%8F%B0%E5%8C%97%E5%8D%97%E4%BA%AC%E4%B8%80%E5%BA%97/data=!4m7!3m6!1s0x3442a9666e9f721d:0x8aefbd57ef6d5d45!8m2!3d25.0518598!4d121.5273867!16s%2Fg%2F11b7cqtsy0!19sChIJHXKfbmapQjQRRV1t71e974o?authuser=0&hl=zh-TW&rclk=1,0x3442a9666e9f721d:0x8aefbd57ef6d5d45
2901,黃燕,1,5 年前,,2022-11-21,https://www.google.com.tw/maps/place/%E7%AF%89%E9%96%93%E5%B9%B8%E7%A6%8F%E9%8D%8B%E7%89%A9+%E5%8F%B0%E5%8C%97%E5%8D%97%E4%BA%AC%E4%B8%80%E5%BA%97/data=!4m7!3m6!1s0x3442a9666e9f721d:0x8aefbd57ef6d5d45!8m2!3d25.0518598!4d121.5273867!16s%2Fg%2F11b7cqtsy0!19sChIJHXKfbmapQjQRRV1t71e974o?authuser=0&hl=zh-TW&rclk=1,0x3442a9666e9f721d:0x8aefbd57ef6d5d45
2902,陳麗如,5,5 年前,"好吃服務好，會想再去的店！

",2022-11-21,https://www.google.com.tw/maps/place/%E7%AF%89%E9%96%93%E5%B9%B8%E7%A6%8F%E9%8D%8B%E7%89%A9+%E5%8F%B0%E5%8C%97%E5%8D%97%E4%BA%AC%E4%B8%80%E5%BA%97/data=!4m7!3m6!1s0x3442a9666e9f721d:0x8aefbd57ef6d5d45!8m2!3d25.0518598!4d121.5273867!16s%2Fg%2F11b7cqtsy0!19sChIJHXKfbmapQjQRRV1t71e974o?authuser=0&hl=zh-TW&rclk=1,0x3442a9666e9f721d:0x8aefbd57ef6d5d45
2903,羅德慶,5,5 年前,,2022-11-21,https://www.google.com.tw/maps/place/%E7%AF%89%E9%96%93%E5%B9%B8%E7%A6%8F%E9%8D%8B%E7%89%A9+%E5%8F%B0%E5%8C%97%E5%8D%97%E4%BA%AC%E4%B8%80%E5%BA%97/data=!4m7!3m6!1s0x3442a9666e9f721d:0x8aefbd57ef6d5d45!8m2!3d25.0518598!4d121.5273867!16s%2Fg%2F11b7cqtsy0!19sChIJHXKfbmapQjQRRV1t71e974o?authuser=0&hl=zh-TW&rclk=1,0x3442a9666e9f721d:0x8aefbd57ef6d5d45
2904,黃娃娃,4,5 年前,,2022-11-21,https://www.google.com.tw/maps/place/%E7%AF%89%E9%96%93%E5%B9%B8%E7%A6%8F%E9%8D%8B%E7%89%A9+%E5%8F%B0%E5%8C%97%E5%8D%97%E4%BA%AC%E4%B8%80%E5%BA%97/data=!4m7!3m6!1s0x3442a9666e9f721d:0x8aefbd57ef6d5d45!8m2!3d25.0518598!4d121.5273867!16s%2Fg%2F11b7cqtsy0!19sChIJHXKfbmapQjQRRV1t71e974o?authuser=0&hl=zh-TW&rclk=1,0x3442a9666e9f721d:0x8aefbd57ef6d5d45
2905,Arthur Lo (NiceFlight),2,5 年前,"食材不差，但服務不好，店內還沒滿，沒到很忙，但加個湯講了三次才來，鍋都要見底惹，冰淇淋快沒了也沒補，變超硬

",2022-11-21,https://www.google.com.tw/maps/place/%E7%AF%89%E9%96%93%E5%B9%B8%E7%A6%8F%E9%8D%8B%E7%89%A9+%E5%8F%B0%E5%8C%97%E5%8D%97%E4%BA%AC%E4%B8%80%E5%BA%97/data=!4m7!3m6!1s0x3442a9666e9f721d:0x8aefbd57ef6d5d45!8m2!3d25.0518598!4d121.5273867!16s%2Fg%2F11b7cqtsy0!19sChIJHXKfbmapQjQRRV1t71e974o?authuser=0&hl=zh-TW&rclk=1,0x3442a9666e9f721d:0x8aefbd57ef6d5d45
2906,Chiang Peiper,4,5 年前,,2022-11-21,https://www.google.com.tw/maps/place/%E7%AF%89%E9%96%93%E5%B9%B8%E7%A6%8F%E9%8D%8B%E7%89%A9+%E5%8F%B0%E5%8C%97%E5%8D%97%E4%BA%AC%E4%B8%80%E5%BA%97/data=!4m7!3m6!1s0x3442a9666e9f721d:0x8aefbd57ef6d5d45!8m2!3d25.0518598!4d121.5273867!16s%2Fg%2F11b7cqtsy0!19sChIJHXKfbmapQjQRRV1t71e974o?authuser=0&hl=zh-TW&rclk=1,0x3442a9666e9f721d:0x8aefbd57ef6d5d45
2907,Agnes Lin,1,5 年前,"不適合帶小孩 !!  
四大三小(五歲、四歲、三歲)說只能給四人桌，除非開五鍋 @@

",2022-11-21,https://www.google.com.tw/maps/place/%E7%AF%89%E9%96%93%E5%B9%B8%E7%A6%8F%E9%8D%8B%E7%89%A9+%E5%8F%B0%E5%8C%97%E5%8D%97%E4%BA%AC%E4%B8%80%E5%BA%97/data=!4m7!3m6!1s0x3442a9666e9f721d:0x8aefbd57ef6d5d45!8m2!3d25.0518598!4d121.5273867!16s%2Fg%2F11b7cqtsy0!19sChIJHXKfbmapQjQRRV1t71e974o?authuser=0&hl=zh-TW&rclk=1,0x3442a9666e9f721d:0x8aefbd57ef6d5d45
2908,王崑龍,5,5 年前,,2022-11-21,https://www.google.com.tw/maps/place/%E7%AF%89%E9%96%93%E5%B9%B8%E7%A6%8F%E9%8D%8B%E7%89%A9+%E5%8F%B0%E5%8C%97%E5%8D%97%E4%BA%AC%E4%B8%80%E5%BA%97/data=!4m7!3m6!1s0x3442a9666e9f721d:0x8aefbd57ef6d5d45!8m2!3d25.0518598!4d121.5273867!16s%2Fg%2F11b7cqtsy0!19sChIJHXKfbmapQjQRRV1t71e974o?authuser=0&hl=zh-TW&rclk=1,0x3442a9666e9f721d:0x8aefbd57ef6d5d45
2909,bobo Chang,4,5 年前,,2022-11-21,https://www.google.com.tw/maps/place/%E7%AF%89%E9%96%93%E5%B9%B8%E7%A6%8F%E9%8D%8B%E7%89%A9+%E5%8F%B0%E5%8C%97%E5%8D%97%E4%BA%AC%E4%B8%80%E5%BA%97/data=!4m7!3m6!1s0x3442a9666e9f721d:0x8aefbd57ef6d5d45!8m2!3d25.0518598!4d121.5273867!16s%2Fg%2F11b7cqtsy0!19sChIJHXKfbmapQjQRRV1t71e974o?authuser=0&hl=zh-TW&rclk=1,0x3442a9666e9f721d:0x8aefbd57ef6d5d45
2910,Belinda Wong,3,5 年前,,2022-11-21,https://www.google.com.tw/maps/place/%E7%AF%89%E9%96%93%E5%B9%B8%E7%A6%8F%E9%8D%8B%E7%89%A9+%E5%8F%B0%E5%8C%97%E5%8D%97%E4%BA%AC%E4%B8%80%E5%BA%97/data=!4m7!3m6!1s0x3442a9666e9f721d:0x8aefbd57ef6d5d45!8m2!3d25.0518598!4d121.5273867!16s%2Fg%2F11b7cqtsy0!19sChIJHXKfbmapQjQRRV1t71e974o?authuser=0&hl=zh-TW&rclk=1,0x3442a9666e9f721d:0x8aefbd57ef6d5d45
2911,韓森,4,5 年前,"與台中的門市不一樣在於飲品與甜點並無無限取用的服務，服務態度優良，建國高架橋下交通方便，距捷運站步行約五分鐘

",2022-11-21,https://www.google.com.tw/maps/place/%E7%AF%89%E9%96%93%E5%B9%B8%E7%A6%8F%E9%8D%8B%E7%89%A9+%E5%8F%B0%E5%8C%97%E5%8D%97%E4%BA%AC%E4%B8%80%E5%BA%97/data=!4m7!3m6!1s0x3442a9666e9f721d:0x8aefbd57ef6d5d45!8m2!3d25.0518598!4d121.5273867!16s%2Fg%2F11b7cqtsy0!19sChIJHXKfbmapQjQRRV1t71e974o?authuser=0&hl=zh-TW&rclk=1,0x3442a9666e9f721d:0x8aefbd57ef6d5d45
2912,劉榮德,5,5 年前,"物超所值

",2022-11-21,https://www.google.com.tw/maps/place/%E7%AF%89%E9%96%93%E5%B9%B8%E7%A6%8F%E9%8D%8B%E7%89%A9+%E5%8F%B0%E5%8C%97%E5%8D%97%E4%BA%AC%E4%B8%80%E5%BA%97/data=!4m7!3m6!1s0x3442a9666e9f721d:0x8aefbd57ef6d5d45!8m2!3d25.0518598!4d121.5273867!16s%2Fg%2F11b7cqtsy0!19sChIJHXKfbmapQjQRRV1t71e974o?authuser=0&hl=zh-TW&rclk=1,0x3442a9666e9f721d:0x8aefbd57ef6d5d45
2913,俞韋廷,5,6 年前,"這價位，這肉質，很享受的美味

",2022-11-21,https://www.google.com.tw/maps/place/%E7%AF%89%E9%96%93%E5%B9%B8%E7%A6%8F%E9%8D%8B%E7%89%A9+%E5%8F%B0%E5%8C%97%E5%8D%97%E4%BA%AC%E4%B8%80%E5%BA%97/data=!4m7!3m6!1s0x3442a9666e9f721d:0x8aefbd57ef6d5d45!8m2!3d25.0518598!4d121.5273867!16s%2Fg%2F11b7cqtsy0!19sChIJHXKfbmapQjQRRV1t71e974o?authuser=0&hl=zh-TW&rclk=1,0x3442a9666e9f721d:0x8aefbd57ef6d5d45
2914,Yu-Han Hsu,4,6 年前,"好吃

",2022-11-21,https://www.google.com.tw/maps/place/%E7%AF%89%E9%96%93%E5%B9%B8%E7%A6%8F%E9%8D%8B%E7%89%A9+%E5%8F%B0%E5%8C%97%E5%8D%97%E4%BA%AC%E4%B8%80%E5%BA%97/data=!4m7!3m6!1s0x3442a9666e9f721d:0x8aefbd57ef6d5d45!8m2!3d25.0518598!4d121.5273867!16s%2Fg%2F11b7cqtsy0!19sChIJHXKfbmapQjQRRV1t71e974o?authuser=0&hl=zh-TW&rclk=1,0x3442a9666e9f721d:0x8aefbd57ef6d5d45
2915,hung elen,1,6 年前,,2022-11-21,https://www.google.com.tw/maps/place/%E7%AF%89%E9%96%93%E5%B9%B8%E7%A6%8F%E9%8D%8B%E7%89%A9+%E5%8F%B0%E5%8C%97%E5%8D%97%E4%BA%AC%E4%B8%80%E5%BA%97/data=!4m7!3m6!1s0x3442a9666e9f721d:0x8aefbd57ef6d5d45!8m2!3d25.0518598!4d121.5273867!16s%2Fg%2F11b7cqtsy0!19sChIJHXKfbmapQjQRRV1t71e974o?authuser=0&hl=zh-TW&rclk=1,0x3442a9666e9f721d:0x8aefbd57ef6d5d45
2916,Huan F,5,6 年前,"湯頭很好喝 份量也很夠

",2022-11-21,https://www.google.com.tw/maps/place/%E7%AF%89%E9%96%93%E5%B9%B8%E7%A6%8F%E9%8D%8B%E7%89%A9+%E5%8F%B0%E5%8C%97%E5%8D%97%E4%BA%AC%E4%B8%80%E5%BA%97/data=!4m7!3m6!1s0x3442a9666e9f721d:0x8aefbd57ef6d5d45!8m2!3d25.0518598!4d121.5273867!16s%2Fg%2F11b7cqtsy0!19sChIJHXKfbmapQjQRRV1t71e974o?authuser=0&hl=zh-TW&rclk=1,0x3442a9666e9f721d:0x8aefbd57ef6d5d45
2917,Makss,4,6 年前,,2022-11-21,https://www.google.com.tw/maps/place/%E7%AF%89%E9%96%93%E5%B9%B8%E7%A6%8F%E9%8D%8B%E7%89%A9+%E5%8F%B0%E5%8C%97%E5%8D%97%E4%BA%AC%E4%B8%80%E5%BA%97/data=!4m7!3m6!1s0x3442a9666e9f721d:0x8aefbd57ef6d5d45!8m2!3d25.0518598!4d121.5273867!16s%2Fg%2F11b7cqtsy0!19sChIJHXKfbmapQjQRRV1t71e974o?authuser=0&hl=zh-TW&rclk=1,0x3442a9666e9f721d:0x8aefbd57ef6d5d45
2918,小龜韋,1,6 年前,"工作人員很不老實，問湯底有什麼口味都回答只有加價的口味，問有沒有原味還說沒有，說藥膳口味接近原味⋯⋯點大份的肉來小份的，菜盤一個有蝦一個沒蝦。

",2022-11-21,https://www.google.com.tw/maps/place/%E7%AF%89%E9%96%93%E5%B9%B8%E7%A6%8F%E9%8D%8B%E7%89%A9+%E5%8F%B0%E5%8C%97%E5%8D%97%E4%BA%AC%E4%B8%80%E5%BA%97/data=!4m7!3m6!1s0x3442a9666e9f721d:0x8aefbd57ef6d5d45!8m2!3d25.0518598!4d121.5273867!16s%2Fg%2F11b7cqtsy0!19sChIJHXKfbmapQjQRRV1t71e974o?authuser=0&hl=zh-TW&rclk=1,0x3442a9666e9f721d:0x8aefbd57ef6d5d45
2919,愛吃的小女孩coco,4,6 年前,"食材新鮮 ,牛奶鍋湯頭濃郁 ,藥膳鍋很好喝,價格平價 ,值得一吃 ~  
  
(由 Google 提供翻譯)  
食材新鮮 ,牛奶鍋湯頭濃鬱 ,藥膳鍋很好喝,價格平價 ,值得一吃 ~

",2022-11-21,https://www.google.com.tw/maps/place/%E7%AF%89%E9%96%93%E5%B9%B8%E7%A6%8F%E9%8D%8B%E7%89%A9+%E5%8F%B0%E5%8C%97%E5%8D%97%E4%BA%AC%E4%B8%80%E5%BA%97/data=!4m7!3m6!1s0x3442a9666e9f721d:0x8aefbd57ef6d5d45!8m2!3d25.0518598!4d121.5273867!16s%2Fg%2F11b7cqtsy0!19sChIJHXKfbmapQjQRRV1t71e974o?authuser=0&hl=zh-TW&rclk=1,0x3442a9666e9f721d:0x8aefbd57ef6d5d45
2920,Hedy Lee,5,6 年前,"超好吃！已經帶朋友去吃很多遍！

",2022-11-21,https://www.google.com.tw/maps/place/%E7%AF%89%E9%96%93%E5%B9%B8%E7%A6%8F%E9%8D%8B%E7%89%A9+%E5%8F%B0%E5%8C%97%E5%8D%97%E4%BA%AC%E4%B8%80%E5%BA%97/data=!4m7!3m6!1s0x3442a9666e9f721d:0x8aefbd57ef6d5d45!8m2!3d25.0518598!4d121.5273867!16s%2Fg%2F11b7cqtsy0!19sChIJHXKfbmapQjQRRV1t71e974o?authuser=0&hl=zh-TW&rclk=1,0x3442a9666e9f721d:0x8aefbd57ef6d5d45
2921,王宜樺,5,6 年前,"食材新鮮價格合理

",2022-11-21,https://www.google.com.tw/maps/place/%E7%AF%89%E9%96%93%E5%B9%B8%E7%A6%8F%E9%8D%8B%E7%89%A9+%E5%8F%B0%E5%8C%97%E5%8D%97%E4%BA%AC%E4%B8%80%E5%BA%97/data=!4m7!3m6!1s0x3442a9666e9f721d:0x8aefbd57ef6d5d45!8m2!3d25.0518598!4d121.5273867!16s%2Fg%2F11b7cqtsy0!19sChIJHXKfbmapQjQRRV1t71e974o?authuser=0&hl=zh-TW&rclk=1,0x3442a9666e9f721d:0x8aefbd57ef6d5d45
2922,akk akkss,4,6 年前,"湯頭好喝，點心也不錯！只是有限時

",2022-11-21,https://www.google.com.tw/maps/place/%E7%AF%89%E9%96%93%E5%B9%B8%E7%A6%8F%E9%8D%8B%E7%89%A9+%E5%8F%B0%E5%8C%97%E5%8D%97%E4%BA%AC%E4%B8%80%E5%BA%97/data=!4m7!3m6!1s0x3442a9666e9f721d:0x8aefbd57ef6d5d45!8m2!3d25.0518598!4d121.5273867!16s%2Fg%2F11b7cqtsy0!19sChIJHXKfbmapQjQRRV1t71e974o?authuser=0&hl=zh-TW&rclk=1,0x3442a9666e9f721d:0x8aefbd57ef6d5d45
2923,Vivienne,5,6 年前,,2022-11-21,https://www.google.com.tw/maps/place/%E7%AF%89%E9%96%93%E5%B9%B8%E7%A6%8F%E9%8D%8B%E7%89%A9+%E5%8F%B0%E5%8C%97%E5%8D%97%E4%BA%AC%E4%B8%80%E5%BA%97/data=!4m7!3m6!1s0x3442a9666e9f721d:0x8aefbd57ef6d5d45!8m2!3d25.0518598!4d121.5273867!16s%2Fg%2F11b7cqtsy0!19sChIJHXKfbmapQjQRRV1t71e974o?authuser=0&hl=zh-TW&rclk=1,0x3442a9666e9f721d:0x8aefbd57ef6d5d45
2924,Maggie Chang,5,6 年前,"好吃服務又好！是聚餐聚會的好選擇！

",2022-11-21,https://www.google.com.tw/maps/place/%E7%AF%89%E9%96%93%E5%B9%B8%E7%A6%8F%E9%8D%8B%E7%89%A9+%E5%8F%B0%E5%8C%97%E5%8D%97%E4%BA%AC%E4%B8%80%E5%BA%97/data=!4m7!3m6!1s0x3442a9666e9f721d:0x8aefbd57ef6d5d45!8m2!3d25.0518598!4d121.5273867!16s%2Fg%2F11b7cqtsy0!19sChIJHXKfbmapQjQRRV1t71e974o?authuser=0&hl=zh-TW&rclk=1,0x3442a9666e9f721d:0x8aefbd57ef6d5d45
2925,肥魚,4,6 年前,"好吃，氣氛好，可惜服務鈴裝了沒用，怎麼按服務生都不會來，可能假日太忙？  
但是說甜點要上和飲料要續杯呼喚很久，比較可惜，鍋底跟料都還可以囉，可以再來點最便宜的鍋試試。

",2022-11-21,https://www.google.com.tw/maps/place/%E7%AF%89%E9%96%93%E5%B9%B8%E7%A6%8F%E9%8D%8B%E7%89%A9+%E5%8F%B0%E5%8C%97%E5%8D%97%E4%BA%AC%E4%B8%80%E5%BA%97/data=!4m7!3m6!1s0x3442a9666e9f721d:0x8aefbd57ef6d5d45!8m2!3d25.0518598!4d121.5273867!16s%2Fg%2F11b7cqtsy0!19sChIJHXKfbmapQjQRRV1t71e974o?authuser=0&hl=zh-TW&rclk=1,0x3442a9666e9f721d:0x8aefbd57ef6d5d45
2926,Jimmy Hsieh,5,6 年前,,2022-11-21,https://www.google.com.tw/maps/place/%E7%AF%89%E9%96%93%E5%B9%B8%E7%A6%8F%E9%8D%8B%E7%89%A9+%E5%8F%B0%E5%8C%97%E5%8D%97%E4%BA%AC%E4%B8%80%E5%BA%97/data=!4m7!3m6!1s0x3442a9666e9f721d:0x8aefbd57ef6d5d45!8m2!3d25.0518598!4d121.5273867!16s%2Fg%2F11b7cqtsy0!19sChIJHXKfbmapQjQRRV1t71e974o?authuser=0&hl=zh-TW&rclk=1,0x3442a9666e9f721d:0x8aefbd57ef6d5d45
2927,7 0,5,6 年前,"好吃

",2022-11-21,https://www.google.com.tw/maps/place/%E7%AF%89%E9%96%93%E5%B9%B8%E7%A6%8F%E9%8D%8B%E7%89%A9+%E5%8F%B0%E5%8C%97%E5%8D%97%E4%BA%AC%E4%B8%80%E5%BA%97/data=!4m7!3m6!1s0x3442a9666e9f721d:0x8aefbd57ef6d5d45!8m2!3d25.0518598!4d121.5273867!16s%2Fg%2F11b7cqtsy0!19sChIJHXKfbmapQjQRRV1t71e974o?authuser=0&hl=zh-TW&rclk=1,0x3442a9666e9f721d:0x8aefbd57ef6d5d45
2928,lita Pan,4,6 年前,"不錯，CP值高

",2022-11-21,https://www.google.com.tw/maps/place/%E7%AF%89%E9%96%93%E5%B9%B8%E7%A6%8F%E9%8D%8B%E7%89%A9+%E5%8F%B0%E5%8C%97%E5%8D%97%E4%BA%AC%E4%B8%80%E5%BA%97/data=!4m7!3m6!1s0x3442a9666e9f721d:0x8aefbd57ef6d5d45!8m2!3d25.0518598!4d121.5273867!16s%2Fg%2F11b7cqtsy0!19sChIJHXKfbmapQjQRRV1t71e974o?authuser=0&hl=zh-TW&rclk=1,0x3442a9666e9f721d:0x8aefbd57ef6d5d45
2929,Alan Zhan,5,6 年前,,2022-11-21,https://www.google.com.tw/maps/place/%E7%AF%89%E9%96%93%E5%B9%B8%E7%A6%8F%E9%8D%8B%E7%89%A9+%E5%8F%B0%E5%8C%97%E5%8D%97%E4%BA%AC%E4%B8%80%E5%BA%97/data=!4m7!3m6!1s0x3442a9666e9f721d:0x8aefbd57ef6d5d45!8m2!3d25.0518598!4d121.5273867!16s%2Fg%2F11b7cqtsy0!19sChIJHXKfbmapQjQRRV1t71e974o?authuser=0&hl=zh-TW&rclk=1,0x3442a9666e9f721d:0x8aefbd57ef6d5d45
2930,Fruitfly Lin,5,6 年前,"精緻美味，營業到深夜，半夜吃鍋好選擇…

",2022-11-21,https://www.google.com.tw/maps/place/%E7%AF%89%E9%96%93%E5%B9%B8%E7%A6%8F%E9%8D%8B%E7%89%A9+%E5%8F%B0%E5%8C%97%E5%8D%97%E4%BA%AC%E4%B8%80%E5%BA%97/data=!4m7!3m6!1s0x3442a9666e9f721d:0x8aefbd57ef6d5d45!8m2!3d25.0518598!4d121.5273867!16s%2Fg%2F11b7cqtsy0!19sChIJHXKfbmapQjQRRV1t71e974o?authuser=0&hl=zh-TW&rclk=1,0x3442a9666e9f721d:0x8aefbd57ef6d5d45
2931,YiHsuan Wang,3,6 年前,"原味的湯底沒味道，店內通風有點差，空調也不夠強，但餐點份量滿多的。

",2022-11-21,https://www.google.com.tw/maps/place/%E7%AF%89%E9%96%93%E5%B9%B8%E7%A6%8F%E9%8D%8B%E7%89%A9+%E5%8F%B0%E5%8C%97%E5%8D%97%E4%BA%AC%E4%B8%80%E5%BA%97/data=!4m7!3m6!1s0x3442a9666e9f721d:0x8aefbd57ef6d5d45!8m2!3d25.0518598!4d121.5273867!16s%2Fg%2F11b7cqtsy0!19sChIJHXKfbmapQjQRRV1t71e974o?authuser=0&hl=zh-TW&rclk=1,0x3442a9666e9f721d:0x8aefbd57ef6d5d45
2932,Serena Kuo,1,6 年前,"沒有事前告知有用餐時間限制 十分鐘前才來告知 感覺很不好 最後吃得很倉促很不愉快 感覺被趕走.....

",2022-11-21,https://www.google.com.tw/maps/place/%E7%AF%89%E9%96%93%E5%B9%B8%E7%A6%8F%E9%8D%8B%E7%89%A9+%E5%8F%B0%E5%8C%97%E5%8D%97%E4%BA%AC%E4%B8%80%E5%BA%97/data=!4m7!3m6!1s0x3442a9666e9f721d:0x8aefbd57ef6d5d45!8m2!3d25.0518598!4d121.5273867!16s%2Fg%2F11b7cqtsy0!19sChIJHXKfbmapQjQRRV1t71e974o?authuser=0&hl=zh-TW&rclk=1,0x3442a9666e9f721d:0x8aefbd57ef6d5d45
2933,三市,1,6 年前,"服務態度差 人手不足 醬量都沒補

",2022-11-21,https://www.google.com.tw/maps/place/%E7%AF%89%E9%96%93%E5%B9%B8%E7%A6%8F%E9%8D%8B%E7%89%A9+%E5%8F%B0%E5%8C%97%E5%8D%97%E4%BA%AC%E4%B8%80%E5%BA%97/data=!4m7!3m6!1s0x3442a9666e9f721d:0x8aefbd57ef6d5d45!8m2!3d25.0518598!4d121.5273867!16s%2Fg%2F11b7cqtsy0!19sChIJHXKfbmapQjQRRV1t71e974o?authuser=0&hl=zh-TW&rclk=1,0x3442a9666e9f721d:0x8aefbd57ef6d5d45
2934,Josie Ao,4,6 年前,"只比錢都多個幾十塊錢，但不論環境、湯頭、食材和冰品的品質都高出許多。

",2022-11-21,https://www.google.com.tw/maps/place/%E7%AF%89%E9%96%93%E5%B9%B8%E7%A6%8F%E9%8D%8B%E7%89%A9+%E5%8F%B0%E5%8C%97%E5%8D%97%E4%BA%AC%E4%B8%80%E5%BA%97/data=!4m7!3m6!1s0x3442a9666e9f721d:0x8aefbd57ef6d5d45!8m2!3d25.0518598!4d121.5273867!16s%2Fg%2F11b7cqtsy0!19sChIJHXKfbmapQjQRRV1t71e974o?authuser=0&hl=zh-TW&rclk=1,0x3442a9666e9f721d:0x8aefbd57ef6d5d45
2935,Sean H,5,6 年前,"超好吃 肉超多

",2022-11-21,https://www.google.com.tw/maps/place/%E7%AF%89%E9%96%93%E5%B9%B8%E7%A6%8F%E9%8D%8B%E7%89%A9+%E5%8F%B0%E5%8C%97%E5%8D%97%E4%BA%AC%E4%B8%80%E5%BA%97/data=!4m7!3m6!1s0x3442a9666e9f721d:0x8aefbd57ef6d5d45!8m2!3d25.0518598!4d121.5273867!16s%2Fg%2F11b7cqtsy0!19sChIJHXKfbmapQjQRRV1t71e974o?authuser=0&hl=zh-TW&rclk=1,0x3442a9666e9f721d:0x8aefbd57ef6d5d45
2936,鍾佳穎,4,6 年前,"湯底用石鍋炒過很香

",2022-11-21,https://www.google.com.tw/maps/place/%E7%AF%89%E9%96%93%E5%B9%B8%E7%A6%8F%E9%8D%8B%E7%89%A9+%E5%8F%B0%E5%8C%97%E5%8D%97%E4%BA%AC%E4%B8%80%E5%BA%97/data=!4m7!3m6!1s0x3442a9666e9f721d:0x8aefbd57ef6d5d45!8m2!3d25.0518598!4d121.5273867!16s%2Fg%2F11b7cqtsy0!19sChIJHXKfbmapQjQRRV1t71e974o?authuser=0&hl=zh-TW&rclk=1,0x3442a9666e9f721d:0x8aefbd57ef6d5d45
2937,顏福興,3,6 年前,"牛肉肉質不錯。

",2022-11-21,https://www.google.com.tw/maps/place/%E7%AF%89%E9%96%93%E5%B9%B8%E7%A6%8F%E9%8D%8B%E7%89%A9+%E5%8F%B0%E5%8C%97%E5%8D%97%E4%BA%AC%E4%B8%80%E5%BA%97/data=!4m7!3m6!1s0x3442a9666e9f721d:0x8aefbd57ef6d5d45!8m2!3d25.0518598!4d121.5273867!16s%2Fg%2F11b7cqtsy0!19sChIJHXKfbmapQjQRRV1t71e974o?authuser=0&hl=zh-TW&rclk=1,0x3442a9666e9f721d:0x8aefbd57ef6d5d45
2938,Allen Yang,4,6 年前,,2022-11-21,https://www.google.com.tw/maps/place/%E7%AF%89%E9%96%93%E5%B9%B8%E7%A6%8F%E9%8D%8B%E7%89%A9+%E5%8F%B0%E5%8C%97%E5%8D%97%E4%BA%AC%E4%B8%80%E5%BA%97/data=!4m7!3m6!1s0x3442a9666e9f721d:0x8aefbd57ef6d5d45!8m2!3d25.0518598!4d121.5273867!16s%2Fg%2F11b7cqtsy0!19sChIJHXKfbmapQjQRRV1t71e974o?authuser=0&hl=zh-TW&rclk=1,0x3442a9666e9f721d:0x8aefbd57ef6d5d45
2939,謝天祥,5,6 年前,,2022-11-21,https://www.google.com.tw/maps/place/%E7%AF%89%E9%96%93%E5%B9%B8%E7%A6%8F%E9%8D%8B%E7%89%A9+%E5%8F%B0%E5%8C%97%E5%8D%97%E4%BA%AC%E4%B8%80%E5%BA%97/data=!4m7!3m6!1s0x3442a9666e9f721d:0x8aefbd57ef6d5d45!8m2!3d25.0518598!4d121.5273867!16s%2Fg%2F11b7cqtsy0!19sChIJHXKfbmapQjQRRV1t71e974o?authuser=0&hl=zh-TW&rclk=1,0x3442a9666e9f721d:0x8aefbd57ef6d5d45
2940,Mao-Yu Huang,3,6 年前,,2022-11-21,https://www.google.com.tw/maps/place/%E7%AF%89%E9%96%93%E5%B9%B8%E7%A6%8F%E9%8D%8B%E7%89%A9+%E5%8F%B0%E5%8C%97%E5%8D%97%E4%BA%AC%E4%B8%80%E5%BA%97/data=!4m7!3m6!1s0x3442a9666e9f721d:0x8aefbd57ef6d5d45!8m2!3d25.0518598!4d121.5273867!16s%2Fg%2F11b7cqtsy0!19sChIJHXKfbmapQjQRRV1t71e974o?authuser=0&hl=zh-TW&rclk=1,0x3442a9666e9f721d:0x8aefbd57ef6d5d45
2941,Vincent Yu,4,6 年前,"好吃鍋物！

",2022-11-21,https://www.google.com.tw/maps/place/%E7%AF%89%E9%96%93%E5%B9%B8%E7%A6%8F%E9%8D%8B%E7%89%A9+%E5%8F%B0%E5%8C%97%E5%8D%97%E4%BA%AC%E4%B8%80%E5%BA%97/data=!4m7!3m6!1s0x3442a9666e9f721d:0x8aefbd57ef6d5d45!8m2!3d25.0518598!4d121.5273867!16s%2Fg%2F11b7cqtsy0!19sChIJHXKfbmapQjQRRV1t71e974o?authuser=0&hl=zh-TW&rclk=1,0x3442a9666e9f721d:0x8aefbd57ef6d5d45
2942,Kind Way,4,6 年前,"平價好吃

",2022-11-21,https://www.google.com.tw/maps/place/%E7%AF%89%E9%96%93%E5%B9%B8%E7%A6%8F%E9%8D%8B%E7%89%A9+%E5%8F%B0%E5%8C%97%E5%8D%97%E4%BA%AC%E4%B8%80%E5%BA%97/data=!4m7!3m6!1s0x3442a9666e9f721d:0x8aefbd57ef6d5d45!8m2!3d25.0518598!4d121.5273867!16s%2Fg%2F11b7cqtsy0!19sChIJHXKfbmapQjQRRV1t71e974o?authuser=0&hl=zh-TW&rclk=1,0x3442a9666e9f721d:0x8aefbd57ef6d5d45
2943,Sunny Schaefer,5,6 年前,"東西份量很足夠，服務很好！

",2022-11-21,https://www.google.com.tw/maps/place/%E7%AF%89%E9%96%93%E5%B9%B8%E7%A6%8F%E9%8D%8B%E7%89%A9+%E5%8F%B0%E5%8C%97%E5%8D%97%E4%BA%AC%E4%B8%80%E5%BA%97/data=!4m7!3m6!1s0x3442a9666e9f721d:0x8aefbd57ef6d5d45!8m2!3d25.0518598!4d121.5273867!16s%2Fg%2F11b7cqtsy0!19sChIJHXKfbmapQjQRRV1t71e974o?authuser=0&hl=zh-TW&rclk=1,0x3442a9666e9f721d:0x8aefbd57ef6d5d45
2944,Hubert Liao,5,6 年前,"食材新鮮 價格合理，還有明治冰淇淋吃到飽

",2022-11-21,https://www.google.com.tw/maps/place/%E7%AF%89%E9%96%93%E5%B9%B8%E7%A6%8F%E9%8D%8B%E7%89%A9+%E5%8F%B0%E5%8C%97%E5%8D%97%E4%BA%AC%E4%B8%80%E5%BA%97/data=!4m7!3m6!1s0x3442a9666e9f721d:0x8aefbd57ef6d5d45!8m2!3d25.0518598!4d121.5273867!16s%2Fg%2F11b7cqtsy0!19sChIJHXKfbmapQjQRRV1t71e974o?authuser=0&hl=zh-TW&rclk=1,0x3442a9666e9f721d:0x8aefbd57ef6d5d45
2945,Jason Soup,4,6 年前,"好吃！雖然不是吃到飽，但是肉的份量很多。  
缺點是坐包廂裡的客人會有點吃虧，服務生不常進來，要加湯得自己走出去叫服務生。

",2022-11-21,https://www.google.com.tw/maps/place/%E7%AF%89%E9%96%93%E5%B9%B8%E7%A6%8F%E9%8D%8B%E7%89%A9+%E5%8F%B0%E5%8C%97%E5%8D%97%E4%BA%AC%E4%B8%80%E5%BA%97/data=!4m7!3m6!1s0x3442a9666e9f721d:0x8aefbd57ef6d5d45!8m2!3d25.0518598!4d121.5273867!16s%2Fg%2F11b7cqtsy0!19sChIJHXKfbmapQjQRRV1t71e974o?authuser=0&hl=zh-TW&rclk=1,0x3442a9666e9f721d:0x8aefbd57ef6d5d45
2946,俺就是懶,5,6 年前,"不錯吃

",2022-11-21,https://www.google.com.tw/maps/place/%E7%AF%89%E9%96%93%E5%B9%B8%E7%A6%8F%E9%8D%8B%E7%89%A9+%E5%8F%B0%E5%8C%97%E5%8D%97%E4%BA%AC%E4%B8%80%E5%BA%97/data=!4m7!3m6!1s0x3442a9666e9f721d:0x8aefbd57ef6d5d45!8m2!3d25.0518598!4d121.5273867!16s%2Fg%2F11b7cqtsy0!19sChIJHXKfbmapQjQRRV1t71e974o?authuser=0&hl=zh-TW&rclk=1,0x3442a9666e9f721d:0x8aefbd57ef6d5d45
2947,Chien Kevin,3,6 年前,"海鮮新鮮，但肉的品質稍嫌普通，推薦給親朋好友聚餐的好去處!

",2022-11-21,https://www.google.com.tw/maps/place/%E7%AF%89%E9%96%93%E5%B9%B8%E7%A6%8F%E9%8D%8B%E7%89%A9+%E5%8F%B0%E5%8C%97%E5%8D%97%E4%BA%AC%E4%B8%80%E5%BA%97/data=!4m7!3m6!1s0x3442a9666e9f721d:0x8aefbd57ef6d5d45!8m2!3d25.0518598!4d121.5273867!16s%2Fg%2F11b7cqtsy0!19sChIJHXKfbmapQjQRRV1t71e974o?authuser=0&hl=zh-TW&rclk=1,0x3442a9666e9f721d:0x8aefbd57ef6d5d45
2948,Alan Wu,3,6 年前,,2022-11-21,https://www.google.com.tw/maps/place/%E7%AF%89%E9%96%93%E5%B9%B8%E7%A6%8F%E9%8D%8B%E7%89%A9+%E5%8F%B0%E5%8C%97%E5%8D%97%E4%BA%AC%E4%B8%80%E5%BA%97/data=!4m7!3m6!1s0x3442a9666e9f721d:0x8aefbd57ef6d5d45!8m2!3d25.0518598!4d121.5273867!16s%2Fg%2F11b7cqtsy0!19sChIJHXKfbmapQjQRRV1t71e974o?authuser=0&hl=zh-TW&rclk=1,0x3442a9666e9f721d:0x8aefbd57ef6d5d45
2949,余世毫,1,6 年前,,2022-11-21,https://www.google.com.tw/maps/place/%E7%AF%89%E9%96%93%E5%B9%B8%E7%A6%8F%E9%8D%8B%E7%89%A9+%E5%8F%B0%E5%8C%97%E5%8D%97%E4%BA%AC%E4%B8%80%E5%BA%97/data=!4m7!3m6!1s0x3442a9666e9f721d:0x8aefbd57ef6d5d45!8m2!3d25.0518598!4d121.5273867!16s%2Fg%2F11b7cqtsy0!19sChIJHXKfbmapQjQRRV1t71e974o?authuser=0&hl=zh-TW&rclk=1,0x3442a9666e9f721d:0x8aefbd57ef6d5d45
2950,Sting Ho,5,6 年前,,2022-11-21,https://www.google.com.tw/maps/place/%E7%AF%89%E9%96%93%E5%B9%B8%E7%A6%8F%E9%8D%8B%E7%89%A9+%E5%8F%B0%E5%8C%97%E5%8D%97%E4%BA%AC%E4%B8%80%E5%BA%97/data=!4m7!3m6!1s0x3442a9666e9f721d:0x8aefbd57ef6d5d45!8m2!3d25.0518598!4d121.5273867!16s%2Fg%2F11b7cqtsy0!19sChIJHXKfbmapQjQRRV1t71e974o?authuser=0&hl=zh-TW&rclk=1,0x3442a9666e9f721d:0x8aefbd57ef6d5d45
2951,Derek Chu,5,6 年前,"店員服務不錯，鍋物食材新鮮，環境整潔～

",2022-11-21,https://www.google.com.tw/maps/place/%E7%AF%89%E9%96%93%E5%B9%B8%E7%A6%8F%E9%8D%8B%E7%89%A9+%E5%8F%B0%E5%8C%97%E5%8D%97%E4%BA%AC%E4%B8%80%E5%BA%97/data=!4m7!3m6!1s0x3442a9666e9f721d:0x8aefbd57ef6d5d45!8m2!3d25.0518598!4d121.5273867!16s%2Fg%2F11b7cqtsy0!19sChIJHXKfbmapQjQRRV1t71e974o?authuser=0&hl=zh-TW&rclk=1,0x3442a9666e9f721d:0x8aefbd57ef6d5d45
2952,Rayna Tseng,1,6 年前,"服務爛透了，一進門服務生不知道是吃什麼炸藥，點個菜口氣一直不耐煩，是花錢欠你兇嗎，之後才發現那名服務生是店長，真的是超級傻眼的。

",2022-11-21,https://www.google.com.tw/maps/place/%E7%AF%89%E9%96%93%E5%B9%B8%E7%A6%8F%E9%8D%8B%E7%89%A9+%E5%8F%B0%E5%8C%97%E5%8D%97%E4%BA%AC%E4%B8%80%E5%BA%97/data=!4m7!3m6!1s0x3442a9666e9f721d:0x8aefbd57ef6d5d45!8m2!3d25.0518598!4d121.5273867!16s%2Fg%2F11b7cqtsy0!19sChIJHXKfbmapQjQRRV1t71e974o?authuser=0&hl=zh-TW&rclk=1,0x3442a9666e9f721d:0x8aefbd57ef6d5d45
2953,林靖致,5,6 年前,,2022-11-21,https://www.google.com.tw/maps/place/%E7%AF%89%E9%96%93%E5%B9%B8%E7%A6%8F%E9%8D%8B%E7%89%A9+%E5%8F%B0%E5%8C%97%E5%8D%97%E4%BA%AC%E4%B8%80%E5%BA%97/data=!4m7!3m6!1s0x3442a9666e9f721d:0x8aefbd57ef6d5d45!8m2!3d25.0518598!4d121.5273867!16s%2Fg%2F11b7cqtsy0!19sChIJHXKfbmapQjQRRV1t71e974o?authuser=0&hl=zh-TW&rclk=1,0x3442a9666e9f721d:0x8aefbd57ef6d5d45
